10001011000000001
10001011000000011
10001011000000101
10001011000000111
10001011000001101
10001011000001111
10001011000010001
10001011000010011
10001011000010101
10001011000010111
10001011000011101
10001011000011111
10001011000100001
10001011000100011
10001011000100101
10001011000100111
10001011000101101
10001011000101111
10001011000110001
10001011000110011
10001011000110101
10001011000110111
10001011000111101
10001011000111111
10001011001000001
10001011001000011
10001011001000101
10001011001000111
10001011001001101
10001011001001111
10001011001100001
10001011001100011
10001011001100101
10001011001100111
10001011001101101
10001011001101111
10001011001110001
10001011001110011
10001011011000001
10001011011000011
10001011011000101
10001011011000111
10001011011001101
10001011011001111
10001011011100001
10001011011100011
10001011011100101
10001011011100111
10001011011101101
10001011011101111
10001011011110001
10001011011110011
10001011100000001
10001011100000011
10001011100000101
10001011100000111
10001011100001101
10001011100001111
10001011100010001
10001011100010011
10001011100010101
10001011100010111
10001011100011101
10001011100011111
10001011100100001
10001011100100011
10001011100100101
10001011100100111
10001011100101101
10001011100101111
10001011100110001
10001011100110011
10001011100110101
10001011100110111
10001011100111101
10001011100111111
10001011101000001
10001011101000011
10001011101000101
10001011101000111
10001011101001101
10001011101001111
10001011101100001
10001011101100011
10001011101100101
10001011101100111
10001011101101101
10001011101101111
10001011101110001
10001011101110011
10001011110000001
10001011110000011
10001011110000101
10001011110000111
10001011110001101
10001011110001111
10001011110010001
10001011110010011
10001011110010101
10001011110010111
10001011110011101
10001011110011111
10001011110100001
10001011110100011
10001011110100101
10001011110100111
10001011110101101
10001011110101111
10001011110110001
10001011110110011
10001011110110101
10001011110110111
10001011110111101
10001011110111111
10001011111000001
10001011111000011
10001011111000101
10001011111000111
10001011111001101
10001011111001111
10001011111100001
10001011111100011
10001011111100101
10001011111100111
10001011111101101
10001011111101111
10001011111110001
10001011111110011
10001111000000001
10001111000000011
10001111000000101
10001111000000111
10001111000001101
10001111000001111
10001111000010001
10001111000010011
10001111000010101
10001111000010111
10001111000011101
10001111000011111
10001111000100001
10001111000100011
10001111000100101
10001111000100111
10001111000101101
10001111000101111
10001111000110001
10001111000110011
10001111000110101
10001111000110111
10001111000111101
10001111000111111
10001111001000001
10001111001000011
10001111001000101
10001111001000111
10001111001001101
10001111001001111
10001111001100001
10001111001100011
10001111001100101
10001111001100111
10001111001101101
10001111001101111
10001111001110001
10001111001110011
10001111011000001
10001111011000011
10001111011000101
10001111011000111
10001111011001101
10001111011001111
10001111011100001
10001111011100011
10001111011100101
10001111011100111
10001111011101101
10001111011101111
10001111011110001
10001111011110011
10001111100000001
10001111100000011
10001111100000101
10001111100000111
10001111100001101
10001111100001111
10001111100010001
10001111100010011
10001111100010101
10001111100010111
10001111100011101
10001111100011111
10001111100100001
10001111100100011
10001111100100101
10001111100100111
10001111100101101
10001111100101111
10001111100110001
10001111100110011
10001111100110101
10001111100110111
10001111100111101
10001111100111111
10001111101000001
10001111101000011
10001111101000101
10001111101000111
10001111101001101
10001111101001111
10001111101100001
10001111101100011
10001111101100101
10001111101100111
10001111101101101
10001111101101111
10001111101110001
10001111101110011
10001111110000001
10001111110000011
10001111110000101
10001111110000111
10001111110001101
10001111110001111
10001111110010001
10001111110010011
10001111110010101
10001111110010111
10001111110011101
10001111110011111
10001111110100001
10001111110100011
10001111110100101
10001111110100111
10001111110101101
10001111110101111
10001111110110001
10001111110110011
10001111110110101
10001111110110111
10001111110111101
10001111110111111
10001111111000001
10001111111000011
10001111111000101
10001111111000111
10001111111001101
10001111111001111
10001111111100001
10001111111100011
10001111111100101
10001111111100111
10001111111101101
10001111111101111
10001111111110001
10001111111110011
10011011000000001
10011011000000011
10011011000000101
10011011000000111
10011011000001101
10011011000001111
10011011000010001
10011011000010011
10011011000010101
10011011000010111
10011011000011101
10011011000011111
10011011000100001
10011011000100011
10011011000100101
10011011000100111
10011011000101101
10011011000101111
10011011000110001
10011011000110011
10011011000110101
10011011000110111
10011011000111101
10011011000111111
10011011001000001
10011011001000011
10011011001000101
10011011001000111
10011011001001101
10011011001001111
10011011001100001
10011011001100011
10011011001100101
10011011001100111
10011011001101101
10011011001101111
10011011001110001
10011011001110011
10011011011000001
10011011011000011
10011011011000101
10011011011000111
10011011011001101
10011011011001111
10011011011100001
10011011011100011
10011011011100101
10011011011100111
10011011011101101
10011011011101111
10011011011110001
10011011011110011
10011011100000001
10011011100000011
10011011100000101
10011011100000111
10011011100001101
10011011100001111
10011011100010001
10011011100010011
10011011100010101
10011011100010111
10011011100011101
10011011100011111
10011011100100001
10011011100100011
10011011100100101
10011011100100111
10011011100101101
10011011100101111
10011011100110001
10011011100110011
10011011100110101
10011011100110111
10011011100111101
10011011100111111
10011011101000001
10011011101000011
10011011101000101
10011011101000111
10011011101001101
10011011101001111
10011011101100001
10011011101100011
10011011101100101
10011011101100111
10011011101101101
10011011101101111
10011011101110001
10011011101110011
10011011110000001
10011011110000011
10011011110000101
10011011110000111
10011011110001101
10011011110001111
10011011110010001
10011011110010011
10011011110010101
10011011110010111
10011011110011101
10011011110011111
10011011110100001
10011011110100011
10011011110100101
10011011110100111
10011011110101101
10011011110101111
10011011110110001
10011011110110011
10011011110110101
10011011110110111
10011011110111101
10011011110111111
10011011111000001
10011011111000011
10011011111000101
10011011111000111
10011011111001101
10011011111001111
10011011111100001
10011011111100011
10011011111100101
10011011111100111
10011011111101101
10011011111101111
10011011111110001
10011011111110011
10011111000000001
10011111000000011
10011111000000101
10011111000000111
10011111000001101
10011111000001111
10011111000010001
10011111000010011
10011111000010101
10011111000010111
10011111000011101
10011111000011111
10011111000100001
10011111000100011
10011111000100101
10011111000100111
10011111000101101
10011111000101111
10011111000110001
10011111000110011
10011111000110101
10011111000110111
10011111000111101
10011111000111111
10011111001000001
10011111001000011
10011111001000101
10011111001000111
10011111001001101
10011111001001111
10011111001100001
10011111001100011
10011111001100101
10011111001100111
10011111001101101
10011111001101111
10011111001110001
10011111001110011
10011111011000001
10011111011000011
10011111011000101
10011111011000111
10011111011001101
10011111011001111
10011111011100001
10011111011100011
10011111011100101
10011111011100111
10011111011101101
10011111011101111
10011111011110001
10011111011110011
10011111100000001
10011111100000011
10011111100000101
10011111100000111
10011111100001101
10011111100001111
10011111100010001
10011111100010011
10011111100010101
10011111100010111
10011111100011101
10011111100011111
10011111100100001
10011111100100011
10011111100100101
10011111100100111
10011111100101101
10011111100101111
10011111100110001
10011111100110011
10011111100110101
10011111100110111
10011111100111101
10011111100111111
10011111101000001
10011111101000011
10011111101000101
10011111101000111
10011111101001101
10011111101001111
10011111101100001
10011111101100011
10011111101100101
10011111101100111
10011111101101101
10011111101101111
10011111101110001
10011111101110011
10011111110000001
10011111110000011
10011111110000101
10011111110000111
10011111110001101
10011111110001111
10011111110010001
10011111110010011
10011111110010101
10011111110010111
10011111110011101
10011111110011111
10011111110100001
10011111110100011
10011111110100101
10011111110100111
10011111110101101
10011111110101111
10011111110110001
10011111110110011
10011111110110101
10011111110110111
10011111110111101
10011111110111111
10011111111000001
10011111111000011
10011111111000101
10011111111000111
10011111111001101
10011111111001111
10011111111100001
10011111111100011
10011111111100101
10011111111100111
10011111111101101
10011111111101111
10011111111110001
10011111111110011
10101011000000001
10101011000000011
10101011000000101
10101011000000111
10101011000001101
10101011000001111
10101011000100001
10101011000100011
10101011000100101
10101011000100111
10101011000101101
10101011000101111
10101011000110001
10101011000110011
10101011001000001
10101011001000011
10101011001000101
10101011001000111
10101011001001101
10101011001001111
10101011001100001
10101011001100011
10101011001100101
10101011001100111
10101011001101101
10101011001101111
10101011001110001
10101011001110011
10101011011000001
10101011011000010
10101011011000011
10101011011000100
10101011011000101
10101011011000110
10101011011000111
10101011011001000
10101011011001010
10101011011001101
10101011011001111
10101011011100001
10101011011100010
10101011011100011
10101011011100101
10101011011100111
10101011011101000
10101011011101010
10101011011101101
10101011011101111
10101011011110001
10101011011110011
10101011100000001
10101011100000011
10101011100000101
10101011100000111
10101011100001101
10101011100001111
10101011100100001
10101011100100011
10101011100100101
10101011100100111
10101011100101101
10101011100101111
10101011100110001
10101011100110011
10101011101000001
10101011101000011
10101011101000101
10101011101000111
10101011101001101
10101011101001111
10101011101100001
10101011101100011
10101011101100101
10101011101100111
10101011101101101
10101011101101111
10101011101110001
10101011101110011
10101011110000001
10101011110000011
10101011110000101
10101011110000111
10101011110001101
10101011110001111
10101011110100001
10101011110100011
10101011110100101
10101011110100111
10101011110101101
10101011110101111
10101011110110001
10101011110110011
10101011111000001
10101011111000011
10101011111000101
10101011111000111
10101011111001101
10101011111001111
10101011111100001
10101011111100011
10101011111100101
10101011111100111
10101011111101101
10101011111101111
10101011111110001
10101011111110011
10101111000000001
10101111000000011
10101111000000101
10101111000000111
10101111000001101
10101111000001111
10101111000100001
10101111000100011
10101111000100101
10101111000100111
10101111000101101
10101111000101111
10101111000110001
10101111000110011
10101111001000001
10101111001000011
10101111001000101
10101111001000111
10101111001001101
10101111001001111
10101111001100001
10101111001100011
10101111001100101
10101111001100111
10101111001101101
10101111001101111
10101111001110001
10101111001110011
10101111011000001
10101111011000010
10101111011000011
10101111011000100
10101111011000101
10101111011000110
10101111011000111
10101111011001000
10101111011001010
10101111011001101
10101111011001111
10101111011100001
10101111011100010
10101111011100011
10101111011100101
10101111011100111
10101111011101101
10101111011101111
10101111011110001
10101111011110011
10101111100000001
10101111100000011
10101111100000101
10101111100000111
10101111100001101
10101111100001111
10101111100100001
10101111100100011
10101111100100101
10101111100100111
10101111100101101
10101111100101111
10101111100110001
10101111100110011
10101111101000001
10101111101000011
10101111101000101
10101111101000111
10101111101001101
10101111101001111
10101111101100001
10101111101100011
10101111101100101
10101111101100111
10101111101101101
10101111101101111
10101111101110001
10101111101110011
10101111110000001
10101111110000011
10101111110000101
10101111110000111
10101111110001101
10101111110001111
10101111110100001
10101111110100011
10101111110100101
10101111110100111
10101111110101101
10101111110101111
10101111110110001
10101111110110011
10101111111000001
10101111111000011
10101111111000101
10101111111000111
10101111111001101
10101111111001111
10101111111100001
10101111111100011
10101111111100101
10101111111100111
10101111111101101
10101111111101111
10101111111110001
10101111111110011
10111011000000001
10111011000000011
10111011000000101
10111011000000111
10111011000001101
10111011000001111
10111011000100001
10111011000100011
10111011000100101
10111011000100111
10111011000101101
10111011000101111
10111011000110001
10111011000110011
10111011001000001
10111011001000011
10111011001000101
10111011001000111
10111011001001101
10111011001001111
10111011001100001
10111011001100011
10111011001100101
10111011001100111
10111011001101101
10111011001101111
10111011001110001
10111011001110011
10111011011000001
10111011011000010
10111011011000011
10111011011000100
10111011011000101
10111011011000110
10111011011000111
10111011011001000
10111011011001010
10111011011001101
10111011011001111
10111011011100001
10111011011100010
10111011011100011
10111011011100101
10111011011100111
10111011011101000
10111011011101010
10111011011101101
10111011011101111
10111011011110001
10111011011110011
10111011100000001
10111011100000011
10111011100000101
10111011100000111
10111011100001101
10111011100001111
10111011100100001
10111011100100011
10111011100100101
10111011100100111
10111011100101101
10111011100101111
10111011100110001
10111011100110011
10111011101000001
10111011101000011
10111011101000101
10111011101000111
10111011101001101
10111011101001111
10111011101100001
10111011101100011
10111011101100101
10111011101100111
10111011101101101
10111011101101111
10111011101110001
10111011101110011
10111011110000001
10111011110000011
10111011110000101
10111011110000111
10111011110001101
10111011110001111
10111011110100001
10111011110100011
10111011110100101
10111011110100111
10111011110101101
10111011110101111
10111011110110001
10111011110110011
10111011111000001
10111011111000011
10111011111000101
10111011111000111
10111011111001101
10111011111001111
10111011111100001
10111011111100011
10111011111100101
10111011111100111
10111011111101101
10111011111101111
10111011111110001
10111011111110011
10111111000000001
10111111000000011
10111111000000101
10111111000000111
10111111000001101
10111111000001111
10111111000100001
10111111000100011
10111111000100101
10111111000100111
10111111000101101
10111111000101111
10111111000110001
10111111000110011
10111111001000001
10111111001000011
10111111001000101
10111111001000111
10111111001001101
10111111001001111
10111111001100001
10111111001100011
10111111001100101
10111111001100111
10111111001101101
10111111001101111
10111111001110001
10111111001110011
10111111011000001
10111111011000010
10111111011000011
10111111011000100
10111111011000101
10111111011000110
10111111011000111
10111111011001000
10111111011001010
10111111011001101
10111111011001111
10111111011100001
10111111011100010
10111111011100011
10111111011100101
10111111011100111
10111111011101101
10111111011101111
10111111011110001
10111111011110011
10111111100000001
10111111100000011
10111111100000101
10111111100000111
10111111100001101
10111111100001111
10111111100100001
10111111100100011
10111111100100101
10111111100100111
10111111100101101
10111111100101111
10111111100110001
10111111100110011
10111111101000001
10111111101000011
10111111101000101
10111111101000111
10111111101001101
10111111101001111
10111111101100001
10111111101100011
10111111101100101
10111111101100111
10111111101101101
10111111101101111
10111111101110001
10111111101110011
10111111110000001
10111111110000011
10111111110000101
10111111110000111
10111111110001101
10111111110001111
10111111110100001
10111111110100011
10111111110100101
10111111110100111
10111111110101101
10111111110101111
10111111110110001
10111111110110011
10111111111000001
10111111111000011
10111111111000101
10111111111000111
10111111111001101
10111111111001111
10111111111100001
10111111111100011
10111111111100101
10111111111100111
10111111111101101
10111111111101111
10111111111110001
10111111111110011
11001011000000001
11001011000000011
11001011000000101
11001011000000111
11001011000001101
11001011000001111
11001011000010001
11001011000010011
11001011000010101
11001011000010111
11001011000011101
11001011000011111
11001011000100001
11001011000100011
11001011000100101
11001011000100111
11001011000101101
11001011000101111
11001011000110001
11001011000110011
11001011000110101
11001011000110111
11001011000111101
11001011000111111
11001011001000001
11001011001000011
11001011001000101
11001011001000111
11001011001001101
11001011001001111
11001011001100001
11001011001100011
11001011001100101
11001011001100111
11001011001101101
11001011001101111
11001011011000001
11001011011000011
11001011011000101
11001011011000111
11001011011001101
11001011011001111
11001011011100001
11001011011100011
11001011011100101
11001011011100111
11001011011101101
11001011011101111
11001011100000001
11001011100000011
11001011100000101
11001011100000111
11001011100001101
11001011100001111
11001011100010001
11001011100010011
11001011100010101
11001011100010111
11001011100011101
11001011100011111
11001011100100001
11001011100100011
11001011100100101
11001011100100111
11001011100101101
11001011100101111
11001011100110001
11001011100110011
11001011100110101
11001011100110111
11001011100111101
11001011100111111
11001011101000001
11001011101000011
11001011101000101
11001011101000111
11001011101001101
11001011101001111
11001011101100001
11001011101100011
11001011101100101
11001011101100111
11001011101101101
11001011101101111
11001011110000001
11001011110000011
11001011110000101
11001011110000111
11001011110001101
11001011110001111
11001011110010001
11001011110010011
11001011110010101
11001011110010111
11001011110011101
11001011110011111
11001011110100001
11001011110100011
11001011110100101
11001011110100111
11001011110101101
11001011110101111
11001011110110001
11001011110110011
11001011110110101
11001011110110111
11001011110111101
11001011110111111
11001011111000001
11001011111000011
11001011111000101
11001011111000111
11001011111001101
11001011111001111
11001011111100001
11001011111100011
11001011111100101
11001011111100111
11001011111101101
11001011111101111
11001111000000001
11001111000000011
11001111000000101
11001111000000111
11001111000001101
11001111000001111
11001111000010001
11001111000010011
11001111000010101
11001111000010111
11001111000011101
11001111000011111
11001111000100001
11001111000100011
11001111000100101
11001111000100111
11001111000101101
11001111000101111
11001111000110001
11001111000110011
11001111000110101
11001111000110111
11001111000111101
11001111000111111
11001111001000001
11001111001000011
11001111001000101
11001111001000111
11001111001001101
11001111001001111
11001111001100001
11001111001100011
11001111001100101
11001111001100111
11001111001101101
11001111001101111
11001111011000001
11001111011000011
11001111011000101
11001111011000111
11001111011001101
11001111011001111
11001111011100001
11001111011100011
11001111011100101
11001111011100111
11001111011101101
11001111011101111
11001111100000001
11001111100000011
11001111100000101
11001111100000111
11001111100001101
11001111100001111
11001111100010001
11001111100010011
11001111100010101
11001111100010111
11001111100011101
11001111100011111
11001111100100001
11001111100100011
11001111100100101
11001111100100111
11001111100101101
11001111100101111
11001111100110001
11001111100110011
11001111100110101
11001111100110111
11001111100111101
11001111100111111
11001111101000001
11001111101000011
11001111101000101
11001111101000111
11001111101001101
11001111101001111
11001111101100001
11001111101100011
11001111101100101
11001111101100111
11001111101101101
11001111101101111
11001111110000001
11001111110000011
11001111110000101
11001111110000111
11001111110001101
11001111110001111
11001111110010001
11001111110010011
11001111110010101
11001111110010111
11001111110011101
11001111110011111
11001111110100001
11001111110100011
11001111110100101
11001111110100111
11001111110101101
11001111110101111
11001111110110001
11001111110110011
11001111110110101
11001111110110111
11001111110111101
11001111110111111
11001111111000001
11001111111000011
11001111111000101
11001111111000111
11001111111001101
11001111111001111
11001111111100001
11001111111100011
11001111111100101
11001111111100111
11001111111101101
11001111111101111
11011011000000001
11011011000000011
11011011000000101
11011011000000111
11011011000001101
11011011000001111
11011011000010001
11011011000010011
11011011000010101
11011011000010111
11011011000011101
11011011000011111
11011011000100001
11011011000100011
11011011000100101
11011011000100111
11011011000101101
11011011000101111
11011011000110001
11011011000110011
11011011000110101
11011011000110111
11011011000111101
11011011000111111
11011011001000001
11011011001000011
11011011001000101
11011011001000111
11011011001001101
11011011001001111
11011011001100001
11011011001100011
11011011001100101
11011011001100111
11011011001101101
11011011001101111
11011011011000001
11011011011000011
11011011011000101
11011011011000111
11011011011001101
11011011011001111
11011011011100001
11011011011100011
11011011011100101
11011011011100111
11011011011101101
11011011011101111
11011011100000001
11011011100000011
11011011100000101
11011011100000111
11011011100001101
11011011100001111
11011011100010001
11011011100010011
11011011100010101
11011011100010111
11011011100011101
11011011100011111
11011011100100001
11011011100100011
11011011100100101
11011011100100111
11011011100101101
11011011100101111
11011011100110001
11011011100110011
11011011100110101
11011011100110111
11011011100111101
11011011100111111
11011011101000001
11011011101000011
11011011101000101
11011011101000111
11011011101001101
11011011101001111
11011011101100001
11011011101100011
11011011101100101
11011011101100111
11011011101101101
11011011101101111
11011011110000001
11011011110000011
11011011110000101
11011011110000111
11011011110001101
11011011110001111
11011011110010001
11011011110010011
11011011110010101
11011011110010111
11011011110011101
11011011110011111
11011011110100001
11011011110100011
11011011110100101
11011011110100111
11011011110101101
11011011110101111
11011011110110001
11011011110110011
11011011110110101
11011011110110111
11011011110111101
11011011110111111
11011011111000001
11011011111000011
11011011111000101
11011011111000111
11011011111001101
11011011111001111
11011011111100001
11011011111100011
11011011111100101
11011011111100111
11011011111101101
11011011111101111
11011111000000001
11011111000000011
11011111000000101
11011111000000111
11011111000001101
11011111000001111
11011111000010001
11011111000010011
11011111000010101
11011111000010111
11011111000011101
11011111000011111
11011111000100001
11011111000100011
11011111000100101
11011111000100111
11011111000101101
11011111000101111
11011111000110001
11011111000110011
11011111000110101
11011111000110111
11011111000111101
11011111000111111
11011111001000001
11011111001000011
11011111001000101
11011111001000111
11011111001001101
11011111001001111
11011111001100001
11011111001100011
11011111001100101
11011111001100111
11011111001101101
11011111001101111
11011111011000001
11011111011000011
11011111011000101
11011111011000111
11011111011001101
11011111011001111
11011111011100001
11011111011100011
11011111011100101
11011111011100111
11011111011101101
11011111011101111
11011111100000001
11011111100000011
11011111100000101
11011111100000111
11011111100001101
11011111100001111
11011111100010001
11011111100010011
11011111100010101
11011111100010111
11011111100011101
11011111100011111
11011111100100001
11011111100100011
11011111100100101
11011111100100111
11011111100101101
11011111100101111
11011111100110001
11011111100110011
11011111100110101
11011111100110111
11011111100111101
11011111100111111
11011111101000001
11011111101000011
11011111101000101
11011111101000111
11011111101001101
11011111101001111
11011111101100001
11011111101100011
11011111101100101
11011111101100111
11011111101101101
11011111101101111
11011111110000001
11011111110000011
11011111110000101
11011111110000111
11011111110001101
11011111110001111
11011111110010001
11011111110010011
11011111110010101
11011111110010111
11011111110011101
11011111110011111
11011111110100001
11011111110100011
11011111110100101
11011111110100111
11011111110101101
11011111110101111
11011111110110001
11011111110110011
11011111110110101
11011111110110111
11011111110111101
11011111110111111
11011111111000001
11011111111000011
11011111111000101
11011111111000111
11011111111001101
11011111111001111
11011111111100001
11011111111100011
11011111111100101
11011111111100111
11011111111101101
11011111111101111
11101011000000001
11101011000000011
11101011000000101
11101011000000111
11101011000001101
11101011000001111
11101011000100001
11101011000100011
11101011000100101
11101011000100111
11101011000101101
11101011000101111
11101011001000001
11101011001000011
11101011001000101
11101011001000111
11101011001001101
11101011001001111
11101011001100001
11101011001100011
11101011001100101
11101011001100111
11101011001101101
11101011001101111
11101011011000001
11101011011000010
11101011011000011
11101011011000100
11101011011000101
11101011011000110
11101011011000111
11101011011001000
11101011011001010
11101011011001101
11101011011001111
11101011011100001
11101011011100010
11101011011100011
11101011011100101
11101011011100111
11101011011101000
11101011011101010
11101011011101101
11101011011101111
11101011100000001
11101011100000011
11101011100000101
11101011100000111
11101011100001101
11101011100001111
11101011100100001
11101011100100011
11101011100100101
11101011100100111
11101011100101101
11101011100101111
11101011101000001
11101011101000011
11101011101000101
11101011101000111
11101011101001101
11101011101001111
11101011101100001
11101011101100011
11101011101100101
11101011101100111
11101011101101101
11101011101101111
11101011110000001
11101011110000011
11101011110000101
11101011110000111
11101011110001101
11101011110001111
11101011110100001
11101011110100011
11101011110100101
11101011110100111
11101011110101101
11101011110101111
11101011111000001
11101011111000011
11101011111000101
11101011111000111
11101011111001101
11101011111001111
11101011111100001
11101011111100011
11101011111100101
11101011111100111
11101011111101101
11101011111101111
11101111000000001
11101111000000011
11101111000000101
11101111000000111
11101111000001101
11101111000001111
11101111000100001
11101111000100011
11101111000100101
11101111000100111
11101111000101101
11101111000101111
11101111001000001
11101111001000011
11101111001000101
11101111001000111
11101111001001101
11101111001001111
11101111001100001
11101111001100011
11101111001100101
11101111001100111
11101111001101101
11101111001101111
11101111011000001
11101111011000010
11101111011000011
11101111011000100
11101111011000101
11101111011000110
11101111011000111
11101111011001000
11101111011001010
11101111011001101
11101111011001111
11101111011100001
11101111011100010
11101111011100011
11101111011100101
11101111011100111
11101111011101101
11101111011101111
11101111100000001
11101111100000011
11101111100000101
11101111100000111
11101111100001101
11101111100001111
11101111100100001
11101111100100011
11101111100100101
11101111100100111
11101111100101101
11101111100101111
11101111101000001
11101111101000011
11101111101000101
11101111101000111
11101111101001101
11101111101001111
11101111101100001
11101111101100011
11101111101100101
11101111101100111
11101111101101101
11101111101101111
11101111110000001
11101111110000011
11101111110000101
11101111110000111
11101111110001101
11101111110001111
11101111110100001
11101111110100011
11101111110100101
11101111110100111
11101111110101101
11101111110101111
11101111111000001
11101111111000011
11101111111000101
11101111111000111
11101111111001101
11101111111001111
11101111111100001
11101111111100011
11101111111100101
11101111111100111
11101111111101101
11101111111101111
11111011000000001
11111011000000011
11111011000000101
11111011000000111
11111011000001101
11111011000001111
11111011000100001
11111011000100011
11111011000100101
11111011000100111
11111011000101101
11111011000101111
11111011001000001
11111011001000011
11111011001000101
11111011001000111
11111011001001101
11111011001001111
11111011001100001
11111011001100011
11111011001100101
11111011001100111
11111011001101101
11111011001101111
11111011011000001
11111011011000010
11111011011000011
11111011011000100
11111011011000101
11111011011000110
11111011011000111
11111011011001000
11111011011001010
11111011011001101
11111011011001111
11111011011100001
11111011011100010
11111011011100011
11111011011100101
11111011011100111
11111011011101000
11111011011101010
11111011011101101
11111011011101111
11111011100000001
11111011100000011
11111011100000101
11111011100000111
11111011100001101
11111011100001111
11111011100100001
11111011100100011
11111011100100101
11111011100100111
11111011100101101
11111011100101111
11111011101000001
11111011101000011
11111011101000101
11111011101000111
11111011101001101
11111011101001111
11111011101100001
11111011101100011
11111011101100101
11111011101100111
11111011101101101
11111011101101111
11111011110000001
11111011110000011
11111011110000101
11111011110000111
11111011110001101
11111011110001111
11111011110100001
11111011110100011
11111011110100101
11111011110100111
11111011110101101
11111011110101111
11111011111000001
11111011111000011
11111011111000101
11111011111000111
11111011111001101
11111011111001111
11111011111100001
11111011111100011
11111011111100101
11111011111100111
11111011111101101
11111011111101111
11111111000000001
11111111000000011
11111111000000101
11111111000000111
11111111000001101
11111111000001111
11111111000100001
11111111000100011
11111111000100101
11111111000100111
11111111000101101
11111111000101111
11111111001000001
11111111001000011
11111111001000101
11111111001000111
11111111001001101
11111111001001111
11111111001100001
11111111001100011
11111111001100101
11111111001100111
11111111001101101
11111111001101111
11111111011000001
11111111011000010
11111111011000011
11111111011000100
11111111011000101
11111111011000110
11111111011000111
11111111011001000
11111111011001010
11111111011001101
11111111011001111
11111111011100001
11111111011100010
11111111011100011
11111111011100101
11111111011100111
11111111011101101
11111111011101111
11111111100000001
11111111100000011
11111111100000101
11111111100000111
11111111100001101
11111111100001111
11111111100100001
11111111100100011
11111111100100101
11111111100100111
11111111100101101
11111111100101111
11111111101000001
11111111101000011
11111111101000101
11111111101000111
11111111101001101
11111111101001111
11111111101100001
11111111101100011
11111111101100101
11111111101100111
11111111101101101
11111111101101111
11111111110000001
11111111110000011
11111111110000101
11111111110000111
11111111110001101
11111111110001111
11111111110100001
11111111110100011
11111111110100101
11111111110100111
11111111110101101
11111111110101111
11111111111000001
11111111111000011
11111111111000101
11111111111000111
11111111111001101
11111111111001111
11111111111100001
11111111111100011
11111111111100101
11111111111100111
11111111111101101
11111111111101111
