10001001000000001
10001001000000011
10001001000000101
10001001000000111
10001001000001101
10001001000001111
10001001000010001
10001001000010011
10001001000010101
10001001000010111
10001001000011101
10001001000011111
10001001000100001
10001001000100011
10001001000100101
10001001000100111
10001001000101101
10001001000101111
10001001000110001
10001001000110011
10001001000110101
10001001000110111
10001001000111101
10001001000111111
10001001001000001
10001001001000011
10001001001000101
10001001001000111
10001001001001101
10001001001001111
10001001001100001
10001001001100011
10001001001100101
10001001001100111
10001001001101101
10001001001101111
10001001001110001
10001001001110011
10001001010000001
10001001010000011
10001001010000101
10001001010000111
10001001010001101
10001001010001111
10001001010010001
10001001010010011
10001001010010101
10001001010010111
10001001010011101
10001001010011111
10001001010100001
10001001010100011
10001001010100101
10001001010100111
10001001010101101
10001001010101111
10001001010110001
10001001010110011
10001001010110101
10001001010110111
10001001010111101
10001001010111111
10001001011000001
10001001011000011
10001001011000101
10001001011000111
10001001011001101
10001001011001111
10001001011100001
10001001011100011
10001001011100101
10001001011100111
10001001011101101
10001001011101111
10001001011110001
10001001011110011
10001001100000001
10001001100000011
10001001100000101
10001001100000111
10001001100001101
10001001100001111
10001001100010001
10001001100010011
10001001100010101
10001001100010111
10001001100011101
10001001100011111
10001001100100001
10001001100100011
10001001100100101
10001001100100111
10001001100101101
10001001100101111
10001001100110001
10001001100110011
10001001100110101
10001001100110111
10001001100111101
10001001100111111
10001001101000001
10001001101000011
10001001101000101
10001001101000111
10001001101001101
10001001101001111
10001001101100001
10001001101100011
10001001101100101
10001001101100111
10001001101101101
10001001101101111
10001001101110001
10001001101110011
10001001110000001
10001001110000011
10001001110000101
10001001110000111
10001001110001101
10001001110001111
10001001110010001
10001001110010011
10001001110010101
10001001110010111
10001001110011101
10001001110011111
10001001110100001
10001001110100011
10001001110100101
10001001110100111
10001001110101101
10001001110101111
10001001110110001
10001001110110011
10001001110110101
10001001110110111
10001001110111101
10001001110111111
10001001111000001
10001001111000011
10001001111000101
10001001111000111
10001001111001101
10001001111001111
10001001111100001
10001001111100011
10001001111100101
10001001111100111
10001001111101101
10001001111101111
10001001111110001
10001001111110011
10001011010000001
10001011010000011
10001011010000101
10001011010000111
10001011010001101
10001011010001111
10001011010010001
10001011010010011
10001011010010101
10001011010010111
10001011010011101
10001011010011111
10001011010100001
10001011010100011
10001011010100101
10001011010100111
10001011010101101
10001011010101111
10001011010110001
10001011010110011
10001011010110101
10001011010110111
10001011010111101
10001011010111111
10001101000000001
10001101000000011
10001101000000101
10001101000000111
10001101000001101
10001101000001111
10001101000010001
10001101000010011
10001101000010101
10001101000010111
10001101000011101
10001101000011111
10001101000100001
10001101000100011
10001101000100101
10001101000100111
10001101000101101
10001101000101111
10001101000110001
10001101000110011
10001101000110101
10001101000110111
10001101000111101
10001101000111111
10001101001000001
10001101001000011
10001101001000101
10001101001000111
10001101001001101
10001101001001111
10001101001100001
10001101001100011
10001101001100101
10001101001100111
10001101001101101
10001101001101111
10001101001110001
10001101001110011
10001101010000001
10001101010000011
10001101010000101
10001101010000111
10001101010001101
10001101010001111
10001101010010001
10001101010010011
10001101010010101
10001101010010111
10001101010011101
10001101010011111
10001101010100001
10001101010100011
10001101010100101
10001101010100111
10001101010101101
10001101010101111
10001101010110001
10001101010110011
10001101010110101
10001101010110111
10001101010111101
10001101010111111
10001101011000001
10001101011000011
10001101011000101
10001101011000111
10001101011001101
10001101011001111
10001101011100001
10001101011100011
10001101011100101
10001101011100111
10001101011101101
10001101011101111
10001101011110001
10001101011110011
10001101100000001
10001101100000011
10001101100000101
10001101100000111
10001101100001101
10001101100001111
10001101100010001
10001101100010011
10001101100010101
10001101100010111
10001101100011101
10001101100011111
10001101100100001
10001101100100011
10001101100100101
10001101100100111
10001101100101101
10001101100101111
10001101100110001
10001101100110011
10001101100110101
10001101100110111
10001101100111101
10001101100111111
10001101101000001
10001101101000011
10001101101000101
10001101101000111
10001101101001101
10001101101001111
10001101101100001
10001101101100011
10001101101100101
10001101101100111
10001101101101101
10001101101101111
10001101101110001
10001101101110011
10001101110000001
10001101110000011
10001101110000101
10001101110000111
10001101110001101
10001101110001111
10001101110010001
10001101110010011
10001101110010101
10001101110010111
10001101110011101
10001101110011111
10001101110100001
10001101110100011
10001101110100101
10001101110100111
10001101110101101
10001101110101111
10001101110110001
10001101110110011
10001101110110101
10001101110110111
10001101110111101
10001101110111111
10001101111000001
10001101111000011
10001101111000101
10001101111000111
10001101111001101
10001101111001111
10001101111100001
10001101111100011
10001101111100101
10001101111100111
10001101111101101
10001101111101111
10001101111110001
10001101111110011
10001111010000001
10001111010000011
10001111010000101
10001111010000111
10001111010001101
10001111010001111
10001111010010001
10001111010010011
10001111010010101
10001111010010111
10001111010011101
10001111010011111
10001111010100001
10001111010100011
10001111010100101
10001111010100111
10001111010101101
10001111010101111
10001111010110001
10001111010110011
10001111010110101
10001111010110111
10001111010111101
10001111010111111
10011001000000001
10011001000000011
10011001000000101
10011001000000111
10011001000001101
10011001000001111
10011001000010001
10011001000010011
10011001000010101
10011001000010111
10011001000011101
10011001000011111
10011001000100001
10011001000100011
10011001000100101
10011001000100111
10011001000101101
10011001000101111
10011001000110001
10011001000110011
10011001000110101
10011001000110111
10011001000111101
10011001000111111
10011001001000001
10011001001000011
10011001001000101
10011001001000111
10011001001001101
10011001001001111
10011001001100001
10011001001100011
10011001001100101
10011001001100111
10011001001101101
10011001001101111
10011001001110001
10011001001110011
10011001010000001
10011001010000011
10011001010000101
10011001010000111
10011001010001101
10011001010001111
10011001010010001
10011001010010011
10011001010010101
10011001010010111
10011001010011101
10011001010011111
10011001010100001
10011001010100011
10011001010100101
10011001010100111
10011001010101101
10011001010101111
10011001010110001
10011001010110011
10011001010110101
10011001010110111
10011001010111101
10011001010111111
10011001011000001
10011001011000011
10011001011000101
10011001011000111
10011001011001101
10011001011001111
10011001011100001
10011001011100011
10011001011100101
10011001011100111
10011001011101101
10011001011101111
10011001011110001
10011001011110011
10011001100000001
10011001100000011
10011001100000101
10011001100000111
10011001100001101
10011001100001111
10011001100010001
10011001100010011
10011001100010101
10011001100010111
10011001100011101
10011001100011111
10011001100100001
10011001100100011
10011001100100101
10011001100100111
10011001100101101
10011001100101111
10011001100110001
10011001100110011
10011001100110101
10011001100110111
10011001100111101
10011001100111111
10011001101000001
10011001101000011
10011001101000101
10011001101000111
10011001101001101
10011001101001111
10011001101100001
10011001101100011
10011001101100101
10011001101100111
10011001101101101
10011001101101111
10011001101110001
10011001101110011
10011001110000001
10011001110000011
10011001110000101
10011001110000111
10011001110001101
10011001110001111
10011001110010001
10011001110010011
10011001110010101
10011001110010111
10011001110011101
10011001110011111
10011001110100001
10011001110100011
10011001110100101
10011001110100111
10011001110101101
10011001110101111
10011001110110001
10011001110110011
10011001110110101
10011001110110111
10011001110111101
10011001110111111
10011001111000001
10011001111000011
10011001111000101
10011001111000111
10011001111001101
10011001111001111
10011001111100001
10011001111100011
10011001111100101
10011001111100111
10011001111101101
10011001111101111
10011001111110001
10011001111110011
10011011010000001
10011011010000011
10011011010000101
10011011010000111
10011011010001101
10011011010001111
10011011010010001
10011011010010011
10011011010010101
10011011010010111
10011011010011101
10011011010011111
10011011010100001
10011011010100011
10011011010100101
10011011010100111
10011011010101101
10011011010101111
10011011010110001
10011011010110011
10011011010110101
10011011010110111
10011011010111101
10011011010111111
10011101000000001
10011101000000011
10011101000000101
10011101000000111
10011101000001101
10011101000001111
10011101000010001
10011101000010011
10011101000010101
10011101000010111
10011101000011101
10011101000011111
10011101000100001
10011101000100011
10011101000100101
10011101000100111
10011101000101101
10011101000101111
10011101000110001
10011101000110011
10011101000110101
10011101000110111
10011101000111101
10011101000111111
10011101001000001
10011101001000011
10011101001000101
10011101001000111
10011101001001101
10011101001001111
10011101001100001
10011101001100011
10011101001100101
10011101001100111
10011101001101101
10011101001101111
10011101001110001
10011101001110011
10011101010000001
10011101010000011
10011101010000101
10011101010000111
10011101010001101
10011101010001111
10011101010010001
10011101010010011
10011101010010101
10011101010010111
10011101010011101
10011101010011111
10011101010100001
10011101010100011
10011101010100101
10011101010100111
10011101010101101
10011101010101111
10011101010110001
10011101010110011
10011101010110101
10011101010110111
10011101010111101
10011101010111111
10011101011000001
10011101011000011
10011101011000101
10011101011000111
10011101011001101
10011101011001111
10011101011100001
10011101011100011
10011101011100101
10011101011100111
10011101011101101
10011101011101111
10011101011110001
10011101011110011
10011101100000001
10011101100000011
10011101100000101
10011101100000111
10011101100001101
10011101100001111
10011101100010001
10011101100010011
10011101100010101
10011101100010111
10011101100011101
10011101100011111
10011101100100001
10011101100100011
10011101100100101
10011101100100111
10011101100101101
10011101100101111
10011101100110001
10011101100110011
10011101100110101
10011101100110111
10011101100111101
10011101100111111
10011101101000001
10011101101000011
10011101101000101
10011101101000111
10011101101001101
10011101101001111
10011101101100001
10011101101100011
10011101101100101
10011101101100111
10011101101101101
10011101101101111
10011101101110001
10011101101110011
10011101110000001
10011101110000011
10011101110000101
10011101110000111
10011101110001101
10011101110001111
10011101110010001
10011101110010011
10011101110010101
10011101110010111
10011101110011101
10011101110011111
10011101110100001
10011101110100011
10011101110100101
10011101110100111
10011101110101101
10011101110101111
10011101110110001
10011101110110011
10011101110110101
10011101110110111
10011101110111101
10011101110111111
10011101111000001
10011101111000011
10011101111000101
10011101111000111
10011101111001101
10011101111001111
10011101111100001
10011101111100011
10011101111100101
10011101111100111
10011101111101101
10011101111101111
10011101111110001
10011101111110011
10011111010000001
10011111010000011
10011111010000101
10011111010000111
10011111010001101
10011111010001111
10011111010010001
10011111010010011
10011111010010101
10011111010010111
10011111010011101
10011111010011111
10011111010100001
10011111010100011
10011111010100101
10011111010100111
10011111010101101
10011111010101111
10011111010110001
10011111010110011
10011111010110101
10011111010110111
10011111010111101
10011111010111111
10101001000000001
10101001000000011
10101001000000101
10101001000000111
10101001000001101
10101001000001111
10101001000100001
10101001000100011
10101001000100101
10101001000100111
10101001000101101
10101001000101111
10101001000110001
10101001000110011
10101001001000001
10101001001000011
10101001001000101
10101001001000111
10101001001001101
10101001001001111
10101001001100001
10101001001100011
10101001001100101
10101001001100111
10101001001101101
10101001001101111
10101001001110001
10101001001110011
10101001010000001
10101001010000011
10101001010000101
10101001010000111
10101001010001101
10101001010001111
10101001010010001
10101001010010011
10101001010010101
10101001010010111
10101001010011101
10101001010011111
10101001010100001
10101001010100011
10101001010100101
10101001010100111
10101001010101101
10101001010101111
10101001010110001
10101001010110011
10101001010110101
10101001010110111
10101001010111101
10101001010111111
10101001011000001
10101001011000010
10101001011000011
10101001011000100
10101001011000101
10101001011000110
10101001011000111
10101001011001000
10101001011001010
10101001011001101
10101001011001111
10101001011100001
10101001011100010
10101001011100011
10101001011100100
10101001011100101
10101001011100110
10101001011100111
10101001011101000
10101001011101010
10101001011101101
10101001011101111
10101001011110001
10101001011110011
10101001100000001
10101001100000011
10101001100000101
10101001100000111
10101001100001101
10101001100001111
10101001100100001
10101001100100011
10101001100100101
10101001100100111
10101001100101101
10101001100101111
10101001100110001
10101001100110011
10101001101000001
10101001101000011
10101001101000101
10101001101000111
10101001101001101
10101001101001111
10101001101100001
10101001101100011
10101001101100101
10101001101100111
10101001101101101
10101001101101111
10101001101110001
10101001101110011
10101001110000001
10101001110000011
10101001110000101
10101001110000111
10101001110001101
10101001110001111
10101001110100001
10101001110100011
10101001110100101
10101001110100111
10101001110101101
10101001110101111
10101001110110001
10101001110110011
10101001111000001
10101001111000011
10101001111000101
10101001111000111
10101001111001101
10101001111001111
10101001111100001
10101001111100011
10101001111100101
10101001111100111
10101001111101101
10101001111101111
10101001111110001
10101001111110011
10101011010000001
10101011010000011
10101011010000101
10101011010000111
10101011010001101
10101011010001111
10101011010010001
10101011010010011
10101011010010101
10101011010010111
10101011010011101
10101011010011111
10101011010100001
10101011010100011
10101011010100101
10101011010100111
10101011010101101
10101011010101111
10101011010110001
10101011010110011
10101011010110101
10101011010110111
10101011010111101
10101011010111111
10101011011100100
10101011011100110
10101101000000001
10101101000000011
10101101000000101
10101101000000111
10101101000001101
10101101000001111
10101101000100001
10101101000100011
10101101000100101
10101101000100111
10101101000101101
10101101000101111
10101101000110001
10101101000110011
10101101001000001
10101101001000011
10101101001000101
10101101001000111
10101101001001101
10101101001001111
10101101001100001
10101101001100011
10101101001100101
10101101001100111
10101101001101101
10101101001101111
10101101001110001
10101101001110011
10101101010000001
10101101010000011
10101101010000101
10101101010000111
10101101010001101
10101101010001111
10101101010010001
10101101010010011
10101101010010101
10101101010010111
10101101010011101
10101101010011111
10101101010100001
10101101010100011
10101101010100101
10101101010100111
10101101010101101
10101101010101111
10101101010110001
10101101010110011
10101101010110101
10101101010110111
10101101010111101
10101101010111111
10101101011000001
10101101011000010
10101101011000011
10101101011000100
10101101011000101
10101101011000110
10101101011000111
10101101011001000
10101101011001010
10101101011001101
10101101011001111
10101101011100001
10101101011100010
10101101011100011
10101101011100100
10101101011100101
10101101011100110
10101101011100111
10101101011101101
10101101011101111
10101101011110001
10101101011110011
10101101100000001
10101101100000011
10101101100000101
10101101100000111
10101101100001101
10101101100001111
10101101100100001
10101101100100011
10101101100100101
10101101100100111
10101101100101101
10101101100101111
10101101100110001
10101101100110011
10101101101000001
10101101101000011
10101101101000101
10101101101000111
10101101101001101
10101101101001111
10101101101100001
10101101101100011
10101101101100101
10101101101100111
10101101101101101
10101101101101111
10101101101110001
10101101101110011
10101101110000001
10101101110000011
10101101110000101
10101101110000111
10101101110001101
10101101110001111
10101101110100001
10101101110100011
10101101110100101
10101101110100111
10101101110101101
10101101110101111
10101101110110001
10101101110110011
10101101111000001
10101101111000011
10101101111000101
10101101111000111
10101101111001101
10101101111001111
10101101111100001
10101101111100011
10101101111100101
10101101111100111
10101101111101101
10101101111101111
10101101111110001
10101101111110011
10101111010000001
10101111010000011
10101111010000101
10101111010000111
10101111010001101
10101111010001111
10101111010010001
10101111010010011
10101111010010101
10101111010010111
10101111010011101
10101111010011111
10101111010100001
10101111010100011
10101111010100101
10101111010100111
10101111010101101
10101111010101111
10101111010110001
10101111010110011
10101111010110101
10101111010110111
10101111010111101
10101111010111111
10101111011100100
10101111011100110
10111001000000001
10111001000000011
10111001000000101
10111001000000111
10111001000001101
10111001000001111
10111001000100001
10111001000100011
10111001000100101
10111001000100111
10111001000101101
10111001000101111
10111001000110001
10111001000110011
10111001001000001
10111001001000011
10111001001000101
10111001001000111
10111001001001101
10111001001001111
10111001001100001
10111001001100011
10111001001100101
10111001001100111
10111001001101101
10111001001101111
10111001001110001
10111001001110011
10111001010000001
10111001010000011
10111001010000101
10111001010000111
10111001010001101
10111001010001111
10111001010010001
10111001010010011
10111001010010101
10111001010010111
10111001010011101
10111001010011111
10111001010100001
10111001010100011
10111001010100101
10111001010100111
10111001010101101
10111001010101111
10111001010110001
10111001010110011
10111001010110101
10111001010110111
10111001010111101
10111001010111111
10111001011000001
10111001011000010
10111001011000011
10111001011000100
10111001011000101
10111001011000110
10111001011000111
10111001011001000
10111001011001010
10111001011001101
10111001011001111
10111001011100001
10111001011100010
10111001011100011
10111001011100100
10111001011100101
10111001011100110
10111001011100111
10111001011101000
10111001011101010
10111001011101101
10111001011101111
10111001011110001
10111001011110011
10111001100000001
10111001100000011
10111001100000101
10111001100000111
10111001100001101
10111001100001111
10111001100100001
10111001100100011
10111001100100101
10111001100100111
10111001100101101
10111001100101111
10111001100110001
10111001100110011
10111001101000001
10111001101000011
10111001101000101
10111001101000111
10111001101001101
10111001101001111
10111001101100001
10111001101100011
10111001101100101
10111001101100111
10111001101101101
10111001101101111
10111001101110001
10111001101110011
10111001110000001
10111001110000011
10111001110000101
10111001110000111
10111001110001101
10111001110001111
10111001110100001
10111001110100011
10111001110100101
10111001110100111
10111001110101101
10111001110101111
10111001110110001
10111001110110011
10111001111000001
10111001111000011
10111001111000101
10111001111000111
10111001111001101
10111001111001111
10111001111100001
10111001111100011
10111001111100101
10111001111100111
10111001111101101
10111001111101111
10111001111110001
10111001111110011
10111011010000001
10111011010000011
10111011010000101
10111011010000111
10111011010001101
10111011010001111
10111011010010001
10111011010010011
10111011010010101
10111011010010111
10111011010011101
10111011010011111
10111011010100001
10111011010100011
10111011010100101
10111011010100111
10111011010101101
10111011010101111
10111011010110001
10111011010110011
10111011010110101
10111011010110111
10111011010111101
10111011010111111
10111011011100100
10111011011100110
10111101000000001
10111101000000011
10111101000000101
10111101000000111
10111101000001101
10111101000001111
10111101000100001
10111101000100011
10111101000100101
10111101000100111
10111101000101101
10111101000101111
10111101000110001
10111101000110011
10111101001000001
10111101001000011
10111101001000101
10111101001000111
10111101001001101
10111101001001111
10111101001100001
10111101001100011
10111101001100101
10111101001100111
10111101001101101
10111101001101111
10111101001110001
10111101001110011
10111101010000001
10111101010000011
10111101010000101
10111101010000111
10111101010001101
10111101010001111
10111101010010001
10111101010010011
10111101010010101
10111101010010111
10111101010011101
10111101010011111
10111101010100001
10111101010100011
10111101010100101
10111101010100111
10111101010101101
10111101010101111
10111101010110001
10111101010110011
10111101010110101
10111101010110111
10111101010111101
10111101010111111
10111101011000001
10111101011000010
10111101011000011
10111101011000100
10111101011000101
10111101011000110
10111101011000111
10111101011001000
10111101011001010
10111101011001101
10111101011001111
10111101011100001
10111101011100010
10111101011100011
10111101011100100
10111101011100101
10111101011100110
10111101011100111
10111101011101101
10111101011101111
10111101011110001
10111101011110011
10111101100000001
10111101100000011
10111101100000101
10111101100000111
10111101100001101
10111101100001111
10111101100100001
10111101100100011
10111101100100101
10111101100100111
10111101100101101
10111101100101111
10111101100110001
10111101100110011
10111101101000001
10111101101000011
10111101101000101
10111101101000111
10111101101001101
10111101101001111
10111101101100001
10111101101100011
10111101101100101
10111101101100111
10111101101101101
10111101101101111
10111101101110001
10111101101110011
10111101110000001
10111101110000011
10111101110000101
10111101110000111
10111101110001101
10111101110001111
10111101110100001
10111101110100011
10111101110100101
10111101110100111
10111101110101101
10111101110101111
10111101110110001
10111101110110011
10111101111000001
10111101111000011
10111101111000101
10111101111000111
10111101111001101
10111101111001111
10111101111100001
10111101111100011
10111101111100101
10111101111100111
10111101111101101
10111101111101111
10111101111110001
10111101111110011
10111111010000001
10111111010000011
10111111010000101
10111111010000111
10111111010001101
10111111010001111
10111111010010001
10111111010010011
10111111010010101
10111111010010111
10111111010011101
10111111010011111
10111111010100001
10111111010100011
10111111010100101
10111111010100111
10111111010101101
10111111010101111
10111111010110001
10111111010110011
10111111010110101
10111111010110111
10111111010111101
10111111010111111
10111111011100100
10111111011100110
11001001000000001
11001001000000011
11001001000000101
11001001000000111
11001001000001101
11001001000001111
11001001000010001
11001001000010011
11001001000010101
11001001000010111
11001001000011101
11001001000011111
11001001000100001
11001001000100011
11001001000100101
11001001000100111
11001001000101101
11001001000101111
11001001000110001
11001001000110011
11001001000110101
11001001000110111
11001001000111101
11001001000111111
11001001001000001
11001001001000011
11001001001000101
11001001001000111
11001001001001101
11001001001001111
11001001001100001
11001001001100011
11001001001100101
11001001001100111
11001001001101101
11001001001101111
11001001010000001
11001001010000011
11001001010000101
11001001010000111
11001001010001101
11001001010001111
11001001010010001
11001001010010011
11001001010010101
11001001010010111
11001001010011101
11001001010011111
11001001010100001
11001001010100011
11001001010100101
11001001010100111
11001001010101101
11001001010101111
11001001010110001
11001001010110011
11001001010110101
11001001010110111
11001001010111101
11001001010111111
11001001011000001
11001001011000011
11001001011000101
11001001011000111
11001001011001101
11001001011001111
11001001011100001
11001001011100011
11001001011100101
11001001011100111
11001001011101101
11001001011101111
11001001100000001
11001001100000011
11001001100000101
11001001100000111
11001001100001101
11001001100001111
11001001100010001
11001001100010011
11001001100010101
11001001100010111
11001001100011101
11001001100011111
11001001100100001
11001001100100011
11001001100100101
11001001100100111
11001001100101101
11001001100101111
11001001100110001
11001001100110011
11001001100110101
11001001100110111
11001001100111101
11001001100111111
11001001101000001
11001001101000011
11001001101000101
11001001101000111
11001001101001101
11001001101001111
11001001101100001
11001001101100011
11001001101100101
11001001101100111
11001001101101101
11001001101101111
11001001110000001
11001001110000011
11001001110000101
11001001110000111
11001001110001101
11001001110001111
11001001110010001
11001001110010011
11001001110010101
11001001110010111
11001001110011101
11001001110011111
11001001110100001
11001001110100011
11001001110100101
11001001110100111
11001001110101101
11001001110101111
11001001110110001
11001001110110011
11001001110110101
11001001110110111
11001001110111101
11001001110111111
11001001111000001
11001001111000011
11001001111000101
11001001111000111
11001001111001101
11001001111001111
11001001111100001
11001001111100011
11001001111100101
11001001111100111
11001001111101101
11001001111101111
11001011010000001
11001011010000011
11001011010000101
11001011010000111
11001011010001101
11001011010001111
11001011010010001
11001011010010011
11001011010010101
11001011010010111
11001011010011101
11001011010011111
11001011010100001
11001011010100011
11001011010100101
11001011010100111
11001011010101101
11001011010101111
11001011010110001
11001011010110011
11001011010110101
11001011010110111
11001011010111101
11001011010111111
11001101000000001
11001101000000011
11001101000000101
11001101000000111
11001101000001101
11001101000001111
11001101000010001
11001101000010011
11001101000010101
11001101000010111
11001101000011101
11001101000011111
11001101000100001
11001101000100011
11001101000100101
11001101000100111
11001101000101101
11001101000101111
11001101000110001
11001101000110011
11001101000110101
11001101000110111
11001101000111101
11001101000111111
11001101001000001
11001101001000011
11001101001000101
11001101001000111
11001101001001101
11001101001001111
11001101001100001
11001101001100011
11001101001100101
11001101001100111
11001101001101101
11001101001101111
11001101010000001
11001101010000011
11001101010000101
11001101010000111
11001101010001101
11001101010001111
11001101010010001
11001101010010011
11001101010010101
11001101010010111
11001101010011101
11001101010011111
11001101010100001
11001101010100011
11001101010100101
11001101010100111
11001101010101101
11001101010101111
11001101010110001
11001101010110011
11001101010110101
11001101010110111
11001101010111101
11001101010111111
11001101011000001
11001101011000011
11001101011000101
11001101011000111
11001101011001101
11001101011001111
11001101011100001
11001101011100011
11001101011100101
11001101011100111
11001101011101101
11001101011101111
11001101100000001
11001101100000011
11001101100000101
11001101100000111
11001101100001101
11001101100001111
11001101100010001
11001101100010011
11001101100010101
11001101100010111
11001101100011101
11001101100011111
11001101100100001
11001101100100011
11001101100100101
11001101100100111
11001101100101101
11001101100101111
11001101100110001
11001101100110011
11001101100110101
11001101100110111
11001101100111101
11001101100111111
11001101101000001
11001101101000011
11001101101000101
11001101101000111
11001101101001101
11001101101001111
11001101101100001
11001101101100011
11001101101100101
11001101101100111
11001101101101101
11001101101101111
11001101110000001
11001101110000011
11001101110000101
11001101110000111
11001101110001101
11001101110001111
11001101110010001
11001101110010011
11001101110010101
11001101110010111
11001101110011101
11001101110011111
11001101110100001
11001101110100011
11001101110100101
11001101110100111
11001101110101101
11001101110101111
11001101110110001
11001101110110011
11001101110110101
11001101110110111
11001101110111101
11001101110111111
11001101111000001
11001101111000011
11001101111000101
11001101111000111
11001101111001101
11001101111001111
11001101111100001
11001101111100011
11001101111100101
11001101111100111
11001101111101101
11001101111101111
11001111010000001
11001111010000011
11001111010000101
11001111010000111
11001111010001101
11001111010001111
11001111010010001
11001111010010011
11001111010010101
11001111010010111
11001111010011101
11001111010011111
11001111010100001
11001111010100011
11001111010100101
11001111010100111
11001111010101101
11001111010101111
11001111010110001
11001111010110011
11001111010110101
11001111010110111
11001111010111101
11001111010111111
11011001000000001
11011001000000011
11011001000000101
11011001000000111
11011001000001101
11011001000001111
11011001000010001
11011001000010011
11011001000010101
11011001000010111
11011001000011101
11011001000011111
11011001000100001
11011001000100011
11011001000100101
11011001000100111
11011001000101101
11011001000101111
11011001000110001
11011001000110011
11011001000110101
11011001000110111
11011001000111101
11011001000111111
11011001001000001
11011001001000011
11011001001000101
11011001001000111
11011001001001101
11011001001001111
11011001001100001
11011001001100011
11011001001100101
11011001001100111
11011001001101101
11011001001101111
11011001010000001
11011001010000011
11011001010000101
11011001010000111
11011001010001101
11011001010001111
11011001010010001
11011001010010011
11011001010010101
11011001010010111
11011001010011101
11011001010011111
11011001010100001
11011001010100011
11011001010100101
11011001010100111
11011001010101101
11011001010101111
11011001010110001
11011001010110011
11011001010110101
11011001010110111
11011001010111101
11011001010111111
11011001011000001
11011001011000011
11011001011000101
11011001011000111
11011001011001101
11011001011001111
11011001011100001
11011001011100011
11011001011100101
11011001011100111
11011001011101101
11011001011101111
11011001100000001
11011001100000011
11011001100000101
11011001100000111
11011001100001101
11011001100001111
11011001100010001
11011001100010011
11011001100010101
11011001100010111
11011001100011101
11011001100011111
11011001100100001
11011001100100011
11011001100100101
11011001100100111
11011001100101101
11011001100101111
11011001100110001
11011001100110011
11011001100110101
11011001100110111
11011001100111101
11011001100111111
11011001101000001
11011001101000011
11011001101000101
11011001101000111
11011001101001101
11011001101001111
11011001101100001
11011001101100011
11011001101100101
11011001101100111
11011001101101101
11011001101101111
11011001110000001
11011001110000011
11011001110000101
11011001110000111
11011001110001101
11011001110001111
11011001110010001
11011001110010011
11011001110010101
11011001110010111
11011001110011101
11011001110011111
11011001110100001
11011001110100011
11011001110100101
11011001110100111
11011001110101101
11011001110101111
11011001110110001
11011001110110011
11011001110110101
11011001110110111
11011001110111101
11011001110111111
11011001111000001
11011001111000011
11011001111000101
11011001111000111
11011001111001101
11011001111001111
11011001111100001
11011001111100011
11011001111100101
11011001111100111
11011001111101101
11011001111101111
11011011010000001
11011011010000011
11011011010000101
11011011010000111
11011011010001101
11011011010001111
11011011010010001
11011011010010011
11011011010010101
11011011010010111
11011011010011101
11011011010011111
11011011010100001
11011011010100011
11011011010100101
11011011010100111
11011011010101101
11011011010101111
11011011010110001
11011011010110011
11011011010110101
11011011010110111
11011011010111101
11011011010111111
11011101000000001
11011101000000011
11011101000000101
11011101000000111
11011101000001101
11011101000001111
11011101000010001
11011101000010011
11011101000010101
11011101000010111
11011101000011101
11011101000011111
11011101000100001
11011101000100011
11011101000100101
11011101000100111
11011101000101101
11011101000101111
11011101000110001
11011101000110011
11011101000110101
11011101000110111
11011101000111101
11011101000111111
11011101001000001
11011101001000011
11011101001000101
11011101001000111
11011101001001101
11011101001001111
11011101001100001
11011101001100011
11011101001100101
11011101001100111
11011101001101101
11011101001101111
11011101010000001
11011101010000011
11011101010000101
11011101010000111
11011101010001101
11011101010001111
11011101010010001
11011101010010011
11011101010010101
11011101010010111
11011101010011101
11011101010011111
11011101010100001
11011101010100011
11011101010100101
11011101010100111
11011101010101101
11011101010101111
11011101010110001
11011101010110011
11011101010110101
11011101010110111
11011101010111101
11011101010111111
11011101011000001
11011101011000011
11011101011000101
11011101011000111
11011101011001101
11011101011001111
11011101011100001
11011101011100011
11011101011100101
11011101011100111
11011101011101101
11011101011101111
11011101100000001
11011101100000011
11011101100000101
11011101100000111
11011101100001101
11011101100001111
11011101100010001
11011101100010011
11011101100010101
11011101100010111
11011101100011101
11011101100011111
11011101100100001
11011101100100011
11011101100100101
11011101100100111
11011101100101101
11011101100101111
11011101100110001
11011101100110011
11011101100110101
11011101100110111
11011101100111101
11011101100111111
11011101101000001
11011101101000011
11011101101000101
11011101101000111
11011101101001101
11011101101001111
11011101101100001
11011101101100011
11011101101100101
11011101101100111
11011101101101101
11011101101101111
11011101110000001
11011101110000011
11011101110000101
11011101110000111
11011101110001101
11011101110001111
11011101110010001
11011101110010011
11011101110010101
11011101110010111
11011101110011101
11011101110011111
11011101110100001
11011101110100011
11011101110100101
11011101110100111
11011101110101101
11011101110101111
11011101110110001
11011101110110011
11011101110110101
11011101110110111
11011101110111101
11011101110111111
11011101111000001
11011101111000011
11011101111000101
11011101111000111
11011101111001101
11011101111001111
11011101111100001
11011101111100011
11011101111100101
11011101111100111
11011101111101101
11011101111101111
11011111010000001
11011111010000011
11011111010000101
11011111010000111
11011111010001101
11011111010001111
11011111010010001
11011111010010011
11011111010010101
11011111010010111
11011111010011101
11011111010011111
11011111010100001
11011111010100011
11011111010100101
11011111010100111
11011111010101101
11011111010101111
11011111010110001
11011111010110011
11011111010110101
11011111010110111
11011111010111101
11011111010111111
11101001000000001
11101001000000011
11101001000000101
11101001000000111
11101001000001101
11101001000001111
11101001000100001
11101001000100011
11101001000100101
11101001000100111
11101001000101101
11101001000101111
11101001001000001
11101001001000011
11101001001000101
11101001001000111
11101001001001101
11101001001001111
11101001001100001
11101001001100011
11101001001100101
11101001001100111
11101001001101101
11101001001101111
11101001010000001
11101001010000011
11101001010000101
11101001010000111
11101001010001101
11101001010001111
11101001010010001
11101001010010011
11101001010010101
11101001010010111
11101001010011101
11101001010011111
11101001010100001
11101001010100011
11101001010100101
11101001010100111
11101001010101101
11101001010101111
11101001010110001
11101001010110011
11101001010110101
11101001010110111
11101001010111101
11101001010111111
11101001011000001
11101001011000010
11101001011000011
11101001011000100
11101001011000101
11101001011000110
11101001011000111
11101001011001000
11101001011001010
11101001011001101
11101001011001111
11101001011100001
11101001011100010
11101001011100011
11101001011100100
11101001011100101
11101001011100110
11101001011100111
11101001011101000
11101001011101010
11101001011101101
11101001011101111
11101001100000001
11101001100000011
11101001100000101
11101001100000111
11101001100001101
11101001100001111
11101001100100001
11101001100100011
11101001100100101
11101001100100111
11101001100101101
11101001100101111
11101001101000001
11101001101000011
11101001101000101
11101001101000111
11101001101001101
11101001101001111
11101001101100001
11101001101100011
11101001101100101
11101001101100111
11101001101101101
11101001101101111
11101001110000001
11101001110000011
11101001110000101
11101001110000111
11101001110001101
11101001110001111
11101001110100001
11101001110100011
11101001110100101
11101001110100111
11101001110101101
11101001110101111
11101001111000001
11101001111000011
11101001111000101
11101001111000111
11101001111001101
11101001111001111
11101001111100001
11101001111100011
11101001111100101
11101001111100111
11101001111101101
11101001111101111
11101011010000001
11101011010000011
11101011010000101
11101011010000111
11101011010001101
11101011010001111
11101011010010001
11101011010010011
11101011010010101
11101011010010111
11101011010011101
11101011010011111
11101011010100001
11101011010100011
11101011010100101
11101011010100111
11101011010101101
11101011010101111
11101011010110001
11101011010110011
11101011010110101
11101011010110111
11101011010111101
11101011010111111
11101011011100100
11101011011100110
11101101000000001
11101101000000011
11101101000000101
11101101000000111
11101101000001101
11101101000001111
11101101000100001
11101101000100011
11101101000100101
11101101000100111
11101101000101101
11101101000101111
11101101001000001
11101101001000011
11101101001000101
11101101001000111
11101101001001101
11101101001001111
11101101001100001
11101101001100011
11101101001100101
11101101001100111
11101101001101101
11101101001101111
11101101010000001
11101101010000011
11101101010000101
11101101010000111
11101101010001101
11101101010001111
11101101010010001
11101101010010011
11101101010010101
11101101010010111
11101101010011101
11101101010011111
11101101010100001
11101101010100011
11101101010100101
11101101010100111
11101101010101101
11101101010101111
11101101010110001
11101101010110011
11101101010110101
11101101010110111
11101101010111101
11101101010111111
11101101011000001
11101101011000010
11101101011000011
11101101011000100
11101101011000101
11101101011000110
11101101011000111
11101101011001000
11101101011001010
11101101011001101
11101101011001111
11101101011100001
11101101011100010
11101101011100011
11101101011100100
11101101011100101
11101101011100110
11101101011100111
11101101011101101
11101101011101111
11101101100000001
11101101100000011
11101101100000101
11101101100000111
11101101100001101
11101101100001111
11101101100100001
11101101100100011
11101101100100101
11101101100100111
11101101100101101
11101101100101111
11101101101000001
11101101101000011
11101101101000101
11101101101000111
11101101101001101
11101101101001111
11101101101100001
11101101101100011
11101101101100101
11101101101100111
11101101101101101
11101101101101111
11101101110000001
11101101110000011
11101101110000101
11101101110000111
11101101110001101
11101101110001111
11101101110100001
11101101110100011
11101101110100101
11101101110100111
11101101110101101
11101101110101111
11101101111000001
11101101111000011
11101101111000101
11101101111000111
11101101111001101
11101101111001111
11101101111100001
11101101111100011
11101101111100101
11101101111100111
11101101111101101
11101101111101111
11101111010000001
11101111010000011
11101111010000101
11101111010000111
11101111010001101
11101111010001111
11101111010010001
11101111010010011
11101111010010101
11101111010010111
11101111010011101
11101111010011111
11101111010100001
11101111010100011
11101111010100101
11101111010100111
11101111010101101
11101111010101111
11101111010110001
11101111010110011
11101111010110101
11101111010110111
11101111010111101
11101111010111111
11101111011100100
11101111011100110
11111001000000001
11111001000000011
11111001000000101
11111001000000111
11111001000001101
11111001000001111
11111001000100001
11111001000100011
11111001000100101
11111001000100111
11111001000101101
11111001000101111
11111001001000001
11111001001000011
11111001001000101
11111001001000111
11111001001001101
11111001001001111
11111001001100001
11111001001100011
11111001001100101
11111001001100111
11111001001101101
11111001001101111
11111001010000001
11111001010000011
11111001010000101
11111001010000111
11111001010001101
11111001010001111
11111001010010001
11111001010010011
11111001010010101
11111001010010111
11111001010011101
11111001010011111
11111001010100001
11111001010100011
11111001010100101
11111001010100111
11111001010101101
11111001010101111
11111001010110001
11111001010110011
11111001010110101
11111001010110111
11111001010111101
11111001010111111
11111001011000001
11111001011000010
11111001011000011
11111001011000100
11111001011000101
11111001011000110
11111001011000111
11111001011001000
11111001011001010
11111001011001101
11111001011001111
11111001011100001
11111001011100010
11111001011100011
11111001011100100
11111001011100101
11111001011100110
11111001011100111
11111001011101000
11111001011101010
11111001011101101
11111001011101111
11111001100000001
11111001100000011
11111001100000101
11111001100000111
11111001100001101
11111001100001111
11111001100100001
11111001100100011
11111001100100101
11111001100100111
11111001100101101
11111001100101111
11111001101000001
11111001101000011
11111001101000101
11111001101000111
11111001101001101
11111001101001111
11111001101100001
11111001101100011
11111001101100101
11111001101100111
11111001101101101
11111001101101111
11111001110000001
11111001110000011
11111001110000101
11111001110000111
11111001110001101
11111001110001111
11111001110100001
11111001110100011
11111001110100101
11111001110100111
11111001110101101
11111001110101111
11111001111000001
11111001111000011
11111001111000101
11111001111000111
11111001111001101
11111001111001111
11111001111100001
11111001111100011
11111001111100101
11111001111100111
11111001111101101
11111001111101111
11111011010000001
11111011010000011
11111011010000101
11111011010000111
11111011010001101
11111011010001111
11111011010010001
11111011010010011
11111011010010101
11111011010010111
11111011010011101
11111011010011111
11111011010100001
11111011010100011
11111011010100101
11111011010100111
11111011010101101
11111011010101111
11111011010110001
11111011010110011
11111011010110101
11111011010110111
11111011010111101
11111011010111111
11111011011100100
11111011011100110
11111101000000001
11111101000000011
11111101000000101
11111101000000111
11111101000001101
11111101000001111
11111101000100001
11111101000100011
11111101000100101
11111101000100111
11111101000101101
11111101000101111
11111101001000001
11111101001000011
11111101001000101
11111101001000111
11111101001001101
11111101001001111
11111101001100001
11111101001100011
11111101001100101
11111101001100111
11111101001101101
11111101001101111
11111101010000001
11111101010000011
11111101010000101
11111101010000111
11111101010001101
11111101010001111
11111101010010001
11111101010010011
11111101010010101
11111101010010111
11111101010011101
11111101010011111
11111101010100001
11111101010100011
11111101010100101
11111101010100111
11111101010101101
11111101010101111
11111101010110001
11111101010110011
11111101010110101
11111101010110111
11111101010111101
11111101010111111
11111101011000001
11111101011000010
11111101011000011
11111101011000100
11111101011000101
11111101011000110
11111101011000111
11111101011001000
11111101011001010
11111101011001101
11111101011001111
11111101011100001
11111101011100010
11111101011100011
11111101011100100
11111101011100101
11111101011100110
11111101011100111
11111101011101101
11111101011101111
11111101100000001
11111101100000011
11111101100000101
11111101100000111
11111101100001101
11111101100001111
11111101100100001
11111101100100011
11111101100100101
11111101100100111
11111101100101101
11111101100101111
11111101101000001
11111101101000011
11111101101000101
11111101101000111
11111101101001101
11111101101001111
11111101101100001
11111101101100011
11111101101100101
11111101101100111
11111101101101101
11111101101101111
11111101110000001
11111101110000011
11111101110000101
11111101110000111
11111101110001101
11111101110001111
11111101110100001
11111101110100011
11111101110100101
11111101110100111
11111101110101101
11111101110101111
11111101111000001
11111101111000011
11111101111000101
11111101111000111
11111101111001101
11111101111001111
11111101111100001
11111101111100011
11111101111100101
11111101111100111
11111101111101101
11111101111101111
11111111010000001
11111111010000011
11111111010000101
11111111010000111
11111111010001101
11111111010001111
11111111010010001
11111111010010011
11111111010010101
11111111010010111
11111111010011101
11111111010011111
11111111010100001
11111111010100011
11111111010100101
11111111010100111
11111111010101101
11111111010101111
11111111010110001
11111111010110011
11111111010110101
11111111010110111
11111111010111101
11111111010111111
11111111011100100
11111111011100110
