10101111011101000
10101111011101010
10111111011101000
10111111011101010
11101111011101000
11101111011101010
11111111011101000
11111111011101010
1000000001000000001
1000000001000000010
1000000001000000011
1000000001000000100
1000000001000000101
1000000001000000110
1000000001000000111
1000000001000001000
1000000001000001001
1000000001000001010
1000000001000001011
1000000001000001100
1000000001000001101
1000000001000001110
1000000001000001111
1000000001000010000
1000000001000010001
1000000001000010010
1000000001000010011
1000000001000010100
1000000001000010101
1000000001000010110
1000000001000010111
1000000001000011000
1000000001000011001
1000000001000011010
1000000001000011011
1000000001000011100
1000000001000011101
1000000001000011110
1000000001000011111
1000000001000100000
1000000001000100001
1000000001000100010
1000000001000100011
1000000001000100100
1000000001000100101
1000000001000100110
1000000001000100111
1000000001000101000
1000000001000101001
1000000001000101010
1000000001000101011
1000000001000101100
1000000001000101101
1000000001000101110
1000000001000101111
1000000001000110000
1000000001000110001
1000000001000110010
1000000001000110011
1000000001000110100
1000000001000110101
1000000001000110110
1000000001000110111
1000000001000111000
1000000001000111001
1000000001000111010
1000000001000111011
1000000001000111100
1000000001000111101
1000000001000111110
1000000001000111111
1000000001001000000
1000000001001000001
1000000001001000010
1000000001001000011
1000000001001000100
1000000001001000101
1000000001001000110
1000000001001000111
1000000001001001000
1000000001001001001
1000000001001001010
1000000001001001011
1000000001001001100
1000000001001001101
1000000001001001110
1000000001001001111
1000000001001010000
1000000001001010001
1000000001001010010
1000000001001010011
1000000001001010100
1000000001001010101
1000000001001010110
1000000001001010111
1000000001001011000
1000000001001011001
1000000001001011010
1000000001001011011
1000000001001011100
1000000001001011101
1000000001001011110
1000000001001011111
1000000001001100000
1000000001001100001
1000000001001100010
1000000001001100011
1000000001010100110
1000000001010100111
1000000001010101000
1000000001010101001
1000000001010101010
1000000001010101011
1000000001010101100
1000000001010101101
1000000001010101110
1000000001010101111
1000000001010110000
1000000001010110001
1000000001010110010
1000000001010110011
1000000001010110100
1000000001010110101
1000000001010110110
1000000001010110111
1000000001010111000
1000000001010111001
1000000001010111010
1000000001010111011
1000000001010111100
1000000001010111101
1000000001010111110
1000000001010111111
1000000001011000000
1000000001011000001
1000000001011000010
1000000001011000011
1000000001011000100
1000000001011000101
1000000001011000110
1000000001011000111
1000000001011001000
1000000001011001001
1000000001011001010
1000000001011001011
1000000001011001100
1000000001011001101
1000000001011001110
1000000001011001111
1000000001011010000
1000000001011010001
1000000001011010010
1000000001011010011
1000000001011010100
1000000001011010101
1000000001011010110
1000000001011010111
1000000001011011000
1000000001011011001
1000000001011011010
1000000001011011011
1000000001011011100
1000000001011011101
1000000001011011110
1000000001011011111
1000000001011100000
1000000001011100001
1000000001011100010
1000000001011100011
1000000001011100100
1000000001011100101
1000000001011100110
1000000001011100111
1000000001011101000
1000000001011101001
1000000001011101010
1000000001011101011
1000000001011101100
1000000001011101101
1000000001011101110
1000000001011101111
1000000001011110000
1000000001011110001
1000000001011110010
1000000001011110011
1000000001011110100
1000000001011110101
1000000001011110110
1000000001011110111
1000000001011111000
1000000001011111001
1000000001011111010
1000000001011111011
1000000001011111100
1000000001011111101
1000000001011111110
1000000001011111111
1000000001100000000
1000000001100000001
1000000001100000010
1000000001100000011
1000000001100000100
1000000001100000101
1000000001100000110
1000000001100000111
1000000001100001000
1000000001100001001
1000000001100001010
1000000001100001011
1000000001100001100
1000000001100001101
1000000001100001110
1000000001100001111
1000000001100010000
1000000001100010001
1000000001100010010
1000000001100010011
1000000001100010100
1000000001100010101
1000000001100010110
1000000001100010111
1000000001100011000
1000000001100011001
1000000001100011010
1000000001100011011
1000000001100011100
1000000001100011101
1000000001100011110
1000000001100011111
1000000001100100000
1000000001100100001
1000000001100100010
1000000001100100011
1000000001100100100
1000000001100100101
1000000001100100110
1000000001100100111
1000000001100101000
1000000001100101001
1000000001100101010
1000000001100101011
1000000001100101100
1000000001100101101
1000000001100101110
1000000001100101111
1000000001100110000
1000000001100110001
1000000001100110010
1000000001100110011
1000000001100110100
1000000001100110101
1000000001100110110
1000000001100110111
1000000001100111000
1000000001100111001
1000000001100111010
1000000001100111011
1000000001100111100
1000000001100111101
1000000001100111110
1000000001100111111
1000000001101000000
1000000001101000001
1000000001101000010
1000000001101000011
1000000001101000100
1000000001101000101
1000000001101000110
1000000001101000111
1000000001101001000
1000000001101001001
1000000001101001010
1000000001101001011
1000000001101001100
1000000001101001101
1000000001101001110
1000000001101001111
1000000001101010000
1000000001101010001
1000000001101010010
1000000001101010011
1000000001101010100
1000000001101010101
1000000001101010110
1000000001101010111
1000000001101011000
1000000001101011001
1000000001101011010
1000000001101011011
1000000001101011100
1000000001101011101
1000000001101011110
1000000001101011111
1000000001101100000
1000000001101100001
1000000001101100010
1000000001101100011
1000000001101100100
1000000001101100101
1000000001101100110
1000000001101100111
1000000001101101000
1000000001101101001
1000000001101101010
1000000001101101011
1000000001101101100
1000000001101101101
1000000001101101110
1000000001101101111
1000000001101110000
1000000001101110001
1000000001101110010
1000000001101110011
1000000001101110100
1000000001101110101
1000000001101110110
1000000001101110111
1000000001101111000
1000000001101111001
1000000001101111010
1000000001101111011
1000000001101111100
1000000001101111101
1000000001101111110
1000000001101111111
1000000001110000000
1000000001110000001
1000000001110000010
1000000001110000011
1000000001110000100
1000000001110000101
1000000001110000110
1000000001110000111
1000000001110001000
1000000001110001001
1000000001110001010
1000000001110001011
1000000001110001100
1000000001110001101
1000000001110001110
1000000001110001111
1000000001110010000
1000000001110010001
1000000001110010010
1000000001110010011
1000000001110010100
1000000001110010101
1000000001110010110
1000000001110010111
1000000001110011000
1000000001110011001
1000000001110011010
1000000001110011011
1000000001110011100
1000000001110011101
1000000001110011110
1000000001110011111
1000000001110100000
1000000001110100001
1000000001110100010
1000000001110100011
1000000001110100100
1000000001110100101
1000000001110100110
1000000001110100111
1000000001110101000
1000000001110101001
1000000001110101010
1000000001110101011
1000000001110101100
1000000001110101101
1000000001110101110
1000000001110101111
1000000001110110000
1000000001110110001
1000000001110110010
1000000001110110011
1000000001110110100
1000000001110110101
1000000001110110110
1000000001110110111
1000000001110111000
1000000001110111001
1000000001110111010
1000000001110111011
1000000001110111100
1000000001110111101
1000000001110111110
1000000001110111111
1000000001111000000
1000000001111000001
1000000001111000010
1000000001111000011
1000000001111000100
1000000001111000101
1000000001111000110
1000000001111000111
1000000001111001000
1000000001111001001
1000000001111001010
1000000001111001011
1000000001111001100
1000000001111001101
1000000001111001110
1000000001111001111
1000000001111010000
1000000001111010001
1000000001111010010
1000000001111010011
1000000001111010100
1000000001111010101
1000000001111010110
1000000001111010111
1000000001111011000
1000000001111011001
1000000001111011010
1000000001111011011
1000000001111011100
1000000001111011101
1000000001111011110
1000000001111011111
1000000001111100000
1000000001111100001
1000000001111100010
1000000001111100011
1000000001111100100
1000000001111100101
1000000001111100110
1000000001111100111
1000000001111101000
1000000001111101001
1000000001111101010
1000000001111101011
1000000001111101100
1000000001111101101
1000000001111101110
1000000001111101111
1000000001111110000
1000000001111110001
1000000001111110010
1000000001111110011
1000000001111110100
1000000001111110101
1000000001111110110
1000000001111110111
1000000001111111000
1000000001111111001
1000000001111111010
1000000001111111011
1000000001111111100
1000000001111111101
1000000001111111110
1000000001111111111
1000000010000000000
1000000010000000001
1000000010000000010
1000000010000000011
1000000010000000100
1000000010000000101
1000000010000000110
1000000010000000111
1000000010000001000
1000000010000001001
1000000010000001010
1000000010000001011
1000000010000001100
1000000010000001101
1000000010000001110
1000000010000001111
1000000010000010000
1000000010000010001
1000000010000010010
1000000010000010011
1000000010000010100
1000000010000010101
1000000010000010110
1000000010000010111
1000000010000011000
1000000010000011001
1000000010000011010
1000000010000011011
1000000010000011100
1000000010000011101
1000000010000011110
1000000010000011111
1000000010000100000
1000000010000100001
1000000010000100010
1000000010000100011
1000000010000100100
1000000010000100101
1000000010000100110
1000000010000100111
1000000010000101000
1000000010000101001
1000000010000101010
1000000010000101011
1000000010000101100
1000000010000101101
1000000010000101110
1000000010000101111
1000000010000110000
1000000010000110001
1000000010000110010
1000000010000110011
1000000010000110100
1000000010000110101
1000000010000110110
1000000010000110111
1000000010000111000
1000000010000111001
1000000010000111010
1000000010000111011
1000000010000111100
1000000010000111101
1000000010000111110
1000000010000111111
1000000010001000000
1000000010001000001
1000000010001000010
1000000010001000011
1000000010001000100
1000000010001000101
1000000010001000110
1000000010001000111
1000000010001001000
1000000010001001001
1000000010001001010
1000000010001001011
1000000010001001100
1000000010001001101
1000000010001001110
1000000010001001111
1000000010001010000
1000000010001010001
1000000010001010010
1000000010001010011
1000000010001010100
1000000010001010101
1000000010001010110
1000000010001010111
1000000010001011000
1000000010001011001
1000000010001011010
1000000010001011011
1000000010001011100
1000000010001011101
1000000010001011110
1000000010001011111
1000000010001100000
1000000010001100001
1000000010001100010
1000000010001100011
1000000010001100100
1000000010001100101
1000000010001100110
1000000010001100111
1000000010001101000
1000000010001101001
1000000010001101010
1000000010001101011
1000000010001101100
1000000010001101101
1000000010001101110
1000000010001101111
1000000010001110000
1000000010001110001
1000000010001110010
1000000010001110011
1000000010001110100
1000000010001110101
1000000010001110110
1000000010001110111
1000000010001111000
1000000010001111001
1000000010001111010
1000000010001111011
1000000010001111100
1000000010001111101
1000000010001111110
1000000010001111111
1000000010010000000
1000000010010000001
1000000010010000010
1000000010010000011
1000000010010000100
1000000010010000101
1000000010010000110
1000000010010000111
1000000010010001000
1000000010010001001
1000000010010001010
1000000010010001011
1000000010010001100
1000000010010001101
1000000010010001110
1000000010010001111
1000000010010010000
1000000010010010001
1000000010010010010
1000000010010010011
1000000010010010100
1000000010010010101
1000000010010010110
1000000010010010111
1000000010010011000
1000000010010011001
1000000010010011010
1000000010010011011
1000000010010011100
1000000010010011101
1000000010010011110
1000000010010011111
1000000010010100000
1000000010010100001
1000000010010100010
1000000010010100011
1000000010010100100
1000000010010100101
1000000010010100110
1000000010010100111
1000000010010101000
1000000010010101001
1000000010010101010
1000000010010101011
1000000010010101100
1000000010010101101
1000000010010101110
1000000010010101111
1000000010010110000
1000000010010110001
1000000010010110010
1000000010010110011
1000000010010110100
1000000010010110101
1000000010010110110
1000000010010110111
1000000010010111000
1000000010010111001
1000000010010111010
1000000010010111011
1000000010010111100
1000000011100001111
1000000011100010000
1000000011100010001
1000000011100010010
1000000011100010011
1000000011100010100
1000000011100010101
1000000011100010110
1000000011100010111
1000000011100011000
1000000011100011001
1000000011100011010
1000000011100011011
1000000011100011100
1000000011100011101
1000000011100011110
1000000011100011111
1000000011100100000
1000000011100100001
1000000011100100010
1000000011100100011
1000000011100100100
1000000011100100101
1000000011100100110
1000000011100100111
1000000011100101000
1000000011100101001
1000000011100101010
1000000011100101011
1000000011100101100
1000000011100101101
1000000011100101110
1000000011100101111
1000000011100110000
1000000011100110001
1000000011100110010
1000000011100110011
1000000011100110100
1000000011100110101
1000000011100110110
1000000011100110111
1000000011100111000
1000000011100111001
1000000011100111010
1000000011100111011
1000000011100111100
1000000011100111101
1000000011100111110
1000000011100111111
1000000011101000000
1000000011101000001
