10001001001010001
10001001001010011
10001001001010101
10001001001010111
10001001001011101
10001001001011111
10001001001110101
10001001001110111
10001001001111101
10001001001111111
10001001011010001
10001001011010011
10001001011010101
10001001011010111
10001001011011101
10001001011011111
10001001011110101
10001001011110111
10001001011111101
10001001011111111
10001001101010001
10001001101010011
10001001101010101
10001001101010111
10001001101011101
10001001101011111
10001001101110101
10001001101110111
10001001101111101
10001001101111111
10001001111010001
10001001111010011
10001001111010101
10001001111010111
10001001111011101
10001001111011111
10001001111110101
10001001111110111
10001001111111101
10001001111111111
10001101001010001
10001101001010011
10001101001010101
10001101001010111
10001101001011101
10001101001011111
10001101001110101
10001101001110111
10001101001111101
10001101001111111
10001101011010001
10001101011010011
10001101011010101
10001101011010111
10001101011011101
10001101011011111
10001101011110101
10001101011110111
10001101011111101
10001101011111111
10001101101010001
10001101101010011
10001101101010101
10001101101010111
10001101101011101
10001101101011111
10001101101110101
10001101101110111
10001101101111101
10001101101111111
10001101111010001
10001101111010011
10001101111010101
10001101111010111
10001101111011101
10001101111011111
10001101111110101
10001101111110111
10001101111111101
10001101111111111
10011001001010001
10011001001010011
10011001001010101
10011001001010111
10011001001011101
10011001001011111
10011001001110101
10011001001110111
10011001001111101
10011001001111111
10011001011010001
10011001011010011
10011001011010101
10011001011010111
10011001011011101
10011001011011111
10011001011110101
10011001011110111
10011001011111101
10011001011111111
10011001101010001
10011001101010011
10011001101010101
10011001101010111
10011001101011101
10011001101011111
10011001101110101
10011001101110111
10011001101111101
10011001101111111
10011001111010001
10011001111010011
10011001111010101
10011001111010111
10011001111011101
10011001111011111
10011001111110101
10011001111110111
10011001111111101
10011001111111111
10011101001010001
10011101001010011
10011101001010101
10011101001010111
10011101001011101
10011101001011111
10011101001110101
10011101001110111
10011101001111101
10011101001111111
10011101011010001
10011101011010011
10011101011010101
10011101011010111
10011101011011101
10011101011011111
10011101011110101
10011101011110111
10011101011111101
10011101011111111
10011101101010001
10011101101010011
10011101101010101
10011101101010111
10011101101011101
10011101101011111
10011101101110101
10011101101110111
10011101101111101
10011101101111111
10011101111010001
10011101111010011
10011101111010101
10011101111010111
10011101111011101
10011101111011111
10011101111110101
10011101111110111
10011101111111101
10011101111111111
10101001000010001
10101001000010011
10101001000010101
10101001000010111
10101001000011101
10101001000011111
10101001000110101
10101001000110111
10101001000111101
10101001000111111
10101001001010001
10101001001010011
10101001001010101
10101001001010111
10101001001011101
10101001001011111
10101001001110101
10101001001110111
10101001001111101
10101001001111111
10101001011010001
10101001011010010
10101001011010011
10101001011010100
10101001011010101
10101001011010110
10101001011010111
10101001011011000
10101001011011010
10101001011011101
10101001011011111
10101001011110010
10101001011110100
10101001011110101
10101001011110110
10101001011110111
10101001011111000
10101001011111010
10101001011111101
10101001011111111
10101001100010001
10101001100010011
10101001100010101
10101001100010111
10101001100011101
10101001100011111
10101001100110101
10101001100110111
10101001100111101
10101001100111111
10101001101010001
10101001101010011
10101001101010101
10101001101010111
10101001101011101
10101001101011111
10101001101110101
10101001101110111
10101001101111101
10101001101111111
10101001110010001
10101001110010011
10101001110010101
10101001110010111
10101001110011101
10101001110011111
10101001110110101
10101001110110111
10101001110111101
10101001110111111
10101001111010001
10101001111010011
10101001111010101
10101001111010111
10101001111011101
10101001111011111
10101001111110101
10101001111110111
10101001111111101
10101001111111111
10101011011110100
10101011011110110
10101101000010001
10101101000010011
10101101000010101
10101101000010111
10101101000011101
10101101000011111
10101101000110101
10101101000110111
10101101000111101
10101101000111111
10101101001010001
10101101001010011
10101101001010101
10101101001010111
10101101001011101
10101101001011111
10101101001110101
10101101001110111
10101101001111101
10101101001111111
10101101011010001
10101101011010010
10101101011010011
10101101011010100
10101101011010101
10101101011010110
10101101011010111
10101101011011000
10101101011011010
10101101011011101
10101101011011111
10101101011110010
10101101011110100
10101101011110101
10101101011110110
10101101011110111
10101101011111101
10101101011111111
10101101100010001
10101101100010011
10101101100010101
10101101100010111
10101101100011101
10101101100011111
10101101100110101
10101101100110111
10101101100111101
10101101100111111
10101101101010001
10101101101010011
10101101101010101
10101101101010111
10101101101011101
10101101101011111
10101101101110101
10101101101110111
10101101101111101
10101101101111111
10101101110010001
10101101110010011
10101101110010101
10101101110010111
10101101110011101
10101101110011111
10101101110110101
10101101110110111
10101101110111101
10101101110111111
10101101111010001
10101101111010011
10101101111010101
10101101111010111
10101101111011101
10101101111011111
10101101111110101
10101101111110111
10101101111111101
10101101111111111
10101111011110100
10101111011110110
10111001000010001
10111001000010011
10111001000010101
10111001000010111
10111001000011101
10111001000011111
10111001000110101
10111001000110111
10111001000111101
10111001000111111
10111001001010001
10111001001010011
10111001001010101
10111001001010111
10111001001011101
10111001001011111
10111001001110101
10111001001110111
10111001001111101
10111001001111111
10111001011010001
10111001011010010
10111001011010011
10111001011010100
10111001011010101
10111001011010110
10111001011010111
10111001011011000
10111001011011010
10111001011011101
10111001011011111
10111001011110010
10111001011110100
10111001011110101
10111001011110110
10111001011110111
10111001011111000
10111001011111010
10111001011111101
10111001011111111
10111001100010001
10111001100010011
10111001100010101
10111001100010111
10111001100011101
10111001100011111
10111001100110101
10111001100110111
10111001100111101
10111001100111111
10111001101010001
10111001101010011
10111001101010101
10111001101010111
10111001101011101
10111001101011111
10111001101110101
10111001101110111
10111001101111101
10111001101111111
10111001110010001
10111001110010011
10111001110010101
10111001110010111
10111001110011101
10111001110011111
10111001110110101
10111001110110111
10111001110111101
10111001110111111
10111001111010001
10111001111010011
10111001111010101
10111001111010111
10111001111011101
10111001111011111
10111001111110101
10111001111110111
10111001111111101
10111001111111111
10111011011110100
10111011011110110
10111101000010001
10111101000010011
10111101000010101
10111101000010111
10111101000011101
10111101000011111
10111101000110101
10111101000110111
10111101000111101
10111101000111111
10111101001010001
10111101001010011
10111101001010101
10111101001010111
10111101001011101
10111101001011111
10111101001110101
10111101001110111
10111101001111101
10111101001111111
10111101011010001
10111101011010010
10111101011010011
10111101011010100
10111101011010101
10111101011010110
10111101011010111
10111101011011000
10111101011011010
10111101011011101
10111101011011111
10111101011110010
10111101011110100
10111101011110101
10111101011110110
10111101011110111
10111101011111101
10111101011111111
10111101100010001
10111101100010011
10111101100010101
10111101100010111
10111101100011101
10111101100011111
10111101100110101
10111101100110111
10111101100111101
10111101100111111
10111101101010001
10111101101010011
10111101101010101
10111101101010111
10111101101011101
10111101101011111
10111101101110101
10111101101110111
10111101101111101
10111101101111111
10111101110010001
10111101110010011
10111101110010101
10111101110010111
10111101110011101
10111101110011111
10111101110110101
10111101110110111
10111101110111101
10111101110111111
10111101111010001
10111101111010011
10111101111010101
10111101111010111
10111101111011101
10111101111011111
10111101111110101
10111101111110111
10111101111111101
10111101111111111
10111111011110100
10111111011110110
11001001001010001
11001001001010011
11001001001010101
11001001001010111
11001001001011101
11001001001011111
11001001001110001
11001001001110011
11001001001110101
11001001001110111
11001001001111101
11001001001111111
11001001011010001
11001001011010011
11001001011010101
11001001011010111
11001001011011101
11001001011011111
11001001011110001
11001001011110011
11001001011110101
11001001011110111
11001001011111101
11001001011111111
11001001101010001
11001001101010011
11001001101010101
11001001101010111
11001001101011101
11001001101011111
11001001101110001
11001001101110011
11001001101110101
11001001101110111
11001001101111101
11001001101111111
11001001111010001
11001001111010011
11001001111010101
11001001111010111
11001001111011101
11001001111011111
11001001111110001
11001001111110011
11001001111110101
11001001111110111
11001001111111101
11001001111111111
11001101001010001
11001101001010011
11001101001010101
11001101001010111
11001101001011101
11001101001011111
11001101001110001
11001101001110011
11001101001110101
11001101001110111
11001101001111101
11001101001111111
11001101011010001
11001101011010011
11001101011010101
11001101011010111
11001101011011101
11001101011011111
11001101011110001
11001101011110011
11001101011110101
11001101011110111
11001101011111101
11001101011111111
11001101101010001
11001101101010011
11001101101010101
11001101101010111
11001101101011101
11001101101011111
11001101101110001
11001101101110011
11001101101110101
11001101101110111
11001101101111101
11001101101111111
11001101111010001
11001101111010011
11001101111010101
11001101111010111
11001101111011101
11001101111011111
11001101111110001
11001101111110011
11001101111110101
11001101111110111
11001101111111101
11001101111111111
11011001001010001
11011001001010011
11011001001010101
11011001001010111
11011001001011101
11011001001011111
11011001001110001
11011001001110011
11011001001110101
11011001001110111
11011001001111101
11011001001111111
11011001011010001
11011001011010011
11011001011010101
11011001011010111
11011001011011101
11011001011011111
11011001011110001
11011001011110011
11011001011110101
11011001011110111
11011001011111101
11011001011111111
11011001101010001
11011001101010011
11011001101010101
11011001101010111
11011001101011101
11011001101011111
11011001101110001
11011001101110011
11011001101110101
11011001101110111
11011001101111101
11011001101111111
11011001111010001
11011001111010011
11011001111010101
11011001111010111
11011001111011101
11011001111011111
11011001111110001
11011001111110011
11011001111110101
11011001111110111
11011001111111101
11011001111111111
11011101001010001
11011101001010011
11011101001010101
11011101001010111
11011101001011101
11011101001011111
11011101001110001
11011101001110011
11011101001110101
11011101001110111
11011101001111101
11011101001111111
11011101011010001
11011101011010011
11011101011010101
11011101011010111
11011101011011101
11011101011011111
11011101011110001
11011101011110011
11011101011110101
11011101011110111
11011101011111101
11011101011111111
11011101101010001
11011101101010011
11011101101010101
11011101101010111
11011101101011101
11011101101011111
11011101101110001
11011101101110011
11011101101110101
11011101101110111
11011101101111101
11011101101111111
11011101111010001
11011101111010011
11011101111010101
11011101111010111
11011101111011101
11011101111011111
11011101111110001
11011101111110011
11011101111110101
11011101111110111
11011101111111101
11011101111111111
11101001000010001
11101001000010011
11101001000010101
11101001000010111
11101001000011101
11101001000011111
11101001000110001
11101001000110011
11101001000110101
11101001000110111
11101001000111101
11101001000111111
11101001001010001
11101001001010011
11101001001010101
11101001001010111
11101001001011101
11101001001011111
11101001001110001
11101001001110011
11101001001110101
11101001001110111
11101001001111101
11101001001111111
11101001011010001
11101001011010010
11101001011010011
11101001011010100
11101001011010101
11101001011010110
11101001011010111
11101001011011000
11101001011011010
11101001011011101
11101001011011111
11101001011110001
11101001011110010
11101001011110011
11101001011110100
11101001011110101
11101001011110110
11101001011110111
11101001011111000
11101001011111010
11101001011111101
11101001011111111
11101001100010001
11101001100010011
11101001100010101
11101001100010111
11101001100011101
11101001100011111
11101001100110001
11101001100110011
11101001100110101
11101001100110111
11101001100111101
11101001100111111
11101001101010001
11101001101010011
11101001101010101
11101001101010111
11101001101011101
11101001101011111
11101001101110001
11101001101110011
11101001101110101
11101001101110111
11101001101111101
11101001101111111
11101001110010001
11101001110010011
11101001110010101
11101001110010111
11101001110011101
11101001110011111
11101001110110001
11101001110110011
11101001110110101
11101001110110111
11101001110111101
11101001110111111
11101001111010001
11101001111010011
11101001111010101
11101001111010111
11101001111011101
11101001111011111
11101001111110001
11101001111110011
11101001111110101
11101001111110111
11101001111111101
11101001111111111
11101011011110100
11101011011110110
11101101000010001
11101101000010011
11101101000010101
11101101000010111
11101101000011101
11101101000011111
11101101000110001
11101101000110011
11101101000110101
11101101000110111
11101101000111101
11101101000111111
11101101001010001
11101101001010011
11101101001010101
11101101001010111
11101101001011101
11101101001011111
11101101001110001
11101101001110011
11101101001110101
11101101001110111
11101101001111101
11101101001111111
11101101011010001
11101101011010010
11101101011010011
11101101011010100
11101101011010101
11101101011010110
11101101011010111
11101101011011000
11101101011011010
11101101011011101
11101101011011111
11101101011110001
11101101011110010
11101101011110011
11101101011110100
11101101011110101
11101101011110110
11101101011110111
11101101011111101
11101101011111111
11101101100010001
11101101100010011
11101101100010101
11101101100010111
11101101100011101
11101101100011111
11101101100110001
11101101100110011
11101101100110101
11101101100110111
11101101100111101
11101101100111111
11101101101010001
11101101101010011
11101101101010101
11101101101010111
11101101101011101
11101101101011111
11101101101110001
11101101101110011
11101101101110101
11101101101110111
11101101101111101
11101101101111111
11101101110010001
11101101110010011
11101101110010101
11101101110010111
11101101110011101
11101101110011111
11101101110110001
11101101110110011
11101101110110101
11101101110110111
11101101110111101
11101101110111111
11101101111010001
11101101111010011
11101101111010101
11101101111010111
11101101111011101
11101101111011111
11101101111110001
11101101111110011
11101101111110101
11101101111110111
11101101111111101
11101101111111111
11101111011110100
11101111011110110
11111001000010001
11111001000010011
11111001000010101
11111001000010111
11111001000011101
11111001000011111
11111001000110001
11111001000110011
11111001000110101
11111001000110111
11111001000111101
11111001000111111
11111001001010001
11111001001010011
11111001001010101
11111001001010111
11111001001011101
11111001001011111
11111001001110001
11111001001110011
11111001001110101
11111001001110111
11111001001111101
11111001001111111
11111001011010001
11111001011010010
11111001011010011
11111001011010100
11111001011010101
11111001011010110
11111001011010111
11111001011011000
11111001011011010
11111001011011101
11111001011011111
11111001011110001
11111001011110010
11111001011110011
11111001011110100
11111001011110101
11111001011110110
11111001011110111
11111001011111000
11111001011111010
11111001011111101
11111001011111111
11111001100010001
11111001100010011
11111001100010101
11111001100010111
11111001100011101
11111001100011111
11111001100110001
11111001100110011
11111001100110101
11111001100110111
11111001100111101
11111001100111111
11111001101010001
11111001101010011
11111001101010101
11111001101010111
11111001101011101
11111001101011111
11111001101110001
11111001101110011
11111001101110101
11111001101110111
11111001101111101
11111001101111111
11111001110010001
11111001110010011
11111001110010101
11111001110010111
11111001110011101
11111001110011111
11111001110110001
11111001110110011
11111001110110101
11111001110110111
11111001110111101
11111001110111111
11111001111010001
11111001111010011
11111001111010101
11111001111010111
11111001111011101
11111001111011111
11111001111110001
11111001111110011
11111001111110101
11111001111110111
11111001111111101
11111001111111111
11111011011110100
11111011011110110
11111101000010001
11111101000010011
11111101000010101
11111101000010111
11111101000011101
11111101000011111
11111101000110001
11111101000110011
11111101000110101
11111101000110111
11111101000111101
11111101000111111
11111101001010001
11111101001010011
11111101001010101
11111101001010111
11111101001011101
11111101001011111
11111101001110001
11111101001110011
11111101001110101
11111101001110111
11111101001111101
11111101001111111
11111101011010001
11111101011010010
11111101011010011
11111101011010100
11111101011010101
11111101011010110
11111101011010111
11111101011011000
11111101011011010
11111101011011101
11111101011011111
11111101011110001
11111101011110010
11111101011110011
11111101011110100
11111101011110101
11111101011110110
11111101011110111
11111101011111101
11111101011111111
11111101100010001
11111101100010011
11111101100010101
11111101100010111
11111101100011101
11111101100011111
11111101100110001
11111101100110011
11111101100110101
11111101100110111
11111101100111101
11111101100111111
11111101101010001
11111101101010011
11111101101010101
11111101101010111
11111101101011101
11111101101011111
11111101101110001
11111101101110011
11111101101110101
11111101101110111
11111101101111101
11111101101111111
11111101110010001
11111101110010011
11111101110010101
11111101110010111
11111101110011101
11111101110011111
11111101110110001
11111101110110011
11111101110110101
11111101110110111
11111101110111101
11111101110111111
11111101111010001
11111101111010011
11111101111010101
11111101111010111
11111101111011101
11111101111011111
11111101111110001
11111101111110011
11111101111110101
11111101111110111
11111101111111101
11111101111111111
11111111011110100
11111111011110110
