10001011001010001
10001011001010011
10001011001010101
10001011001010111
10001011001011101
10001011001011111
10001011001110101
10001011001110111
10001011001111101
10001011001111111
10001011011010001
10001011011010011
10001011011010101
10001011011010111
10001011011011101
10001011011011111
10001011011110101
10001011011110111
10001011011111101
10001011011111111
10001011101010001
10001011101010011
10001011101010101
10001011101010111
10001011101011101
10001011101011111
10001011101110101
10001011101110111
10001011101111101
10001011101111111
10001011111010001
10001011111010011
10001011111010101
10001011111010111
10001011111011101
10001011111011111
10001011111110101
10001011111110111
10001011111111101
10001011111111111
10001111001010001
10001111001010011
10001111001010101
10001111001010111
10001111001011101
10001111001011111
10001111001110101
10001111001110111
10001111001111101
10001111001111111
10001111011010001
10001111011010011
10001111011010101
10001111011010111
10001111011011101
10001111011011111
10001111011110101
10001111011110111
10001111011111101
10001111011111111
10001111101010001
10001111101010011
10001111101010101
10001111101010111
10001111101011101
10001111101011111
10001111101110101
10001111101110111
10001111101111101
10001111101111111
10001111111010001
10001111111010011
10001111111010101
10001111111010111
10001111111011101
10001111111011111
10001111111110101
10001111111110111
10001111111111101
10001111111111111
10011011001010001
10011011001010011
10011011001010101
10011011001010111
10011011001011101
10011011001011111
10011011001110101
10011011001110111
10011011001111101
10011011001111111
10011011011010001
10011011011010011
10011011011010101
10011011011010111
10011011011011101
10011011011011111
10011011011110101
10011011011110111
10011011011111101
10011011011111111
10011011101010001
10011011101010011
10011011101010101
10011011101010111
10011011101011101
10011011101011111
10011011101110101
10011011101110111
10011011101111101
10011011101111111
10011011111010001
10011011111010011
10011011111010101
10011011111010111
10011011111011101
10011011111011111
10011011111110101
10011011111110111
10011011111111101
10011011111111111
10011111001010001
10011111001010011
10011111001010101
10011111001010111
10011111001011101
10011111001011111
10011111001110101
10011111001110111
10011111001111101
10011111001111111
10011111011010001
10011111011010011
10011111011010101
10011111011010111
10011111011011101
10011111011011111
10011111011110101
10011111011110111
10011111011111101
10011111011111111
10011111101010001
10011111101010011
10011111101010101
10011111101010111
10011111101011101
10011111101011111
10011111101110101
10011111101110111
10011111101111101
10011111101111111
10011111111010001
10011111111010011
10011111111010101
10011111111010111
10011111111011101
10011111111011111
10011111111110101
10011111111110111
10011111111111101
10011111111111111
10101011000010001
10101011000010011
10101011000010101
10101011000010111
10101011000011101
10101011000011111
10101011000110101
10101011000110111
10101011000111101
10101011000111111
10101011001010001
10101011001010011
10101011001010101
10101011001010111
10101011001011101
10101011001011111
10101011001110101
10101011001110111
10101011001111101
10101011001111111
10101011011010001
10101011011010010
10101011011010011
10101011011010100
10101011011010101
10101011011010110
10101011011010111
10101011011011000
10101011011011010
10101011011011101
10101011011011111
10101011011110010
10101011011110101
10101011011110111
10101011011111000
10101011011111010
10101011011111101
10101011011111111
10101011100010001
10101011100010011
10101011100010101
10101011100010111
10101011100011101
10101011100011111
10101011100110101
10101011100110111
10101011100111101
10101011100111111
10101011101010001
10101011101010011
10101011101010101
10101011101010111
10101011101011101
10101011101011111
10101011101110101
10101011101110111
10101011101111101
10101011101111111
10101011110010001
10101011110010011
10101011110010101
10101011110010111
10101011110011101
10101011110011111
10101011110110101
10101011110110111
10101011110111101
10101011110111111
10101011111010001
10101011111010011
10101011111010101
10101011111010111
10101011111011101
10101011111011111
10101011111110101
10101011111110111
10101011111111101
10101011111111111
10101111000010001
10101111000010011
10101111000010101
10101111000010111
10101111000011101
10101111000011111
10101111000110101
10101111000110111
10101111000111101
10101111000111111
10101111001010001
10101111001010011
10101111001010101
10101111001010111
10101111001011101
10101111001011111
10101111001110101
10101111001110111
10101111001111101
10101111001111111
10101111011010001
10101111011010010
10101111011010011
10101111011010100
10101111011010101
10101111011010110
10101111011010111
10101111011011000
10101111011011010
10101111011011101
10101111011011111
10101111011110010
10101111011110101
10101111011110111
10101111011111101
10101111011111111
10101111100010001
10101111100010011
10101111100010101
10101111100010111
10101111100011101
10101111100011111
10101111100110101
10101111100110111
10101111100111101
10101111100111111
10101111101010001
10101111101010011
10101111101010101
10101111101010111
10101111101011101
10101111101011111
10101111101110101
10101111101110111
10101111101111101
10101111101111111
10101111110010001
10101111110010011
10101111110010101
10101111110010111
10101111110011101
10101111110011111
10101111110110101
10101111110110111
10101111110111101
10101111110111111
10101111111010001
10101111111010011
10101111111010101
10101111111010111
10101111111011101
10101111111011111
10101111111110101
10101111111110111
10101111111111101
10101111111111111
10111011000010001
10111011000010011
10111011000010101
10111011000010111
10111011000011101
10111011000011111
10111011000110101
10111011000110111
10111011000111101
10111011000111111
10111011001010001
10111011001010011
10111011001010101
10111011001010111
10111011001011101
10111011001011111
10111011001110101
10111011001110111
10111011001111101
10111011001111111
10111011011010001
10111011011010010
10111011011010011
10111011011010100
10111011011010101
10111011011010110
10111011011010111
10111011011011000
10111011011011010
10111011011011101
10111011011011111
10111011011110010
10111011011110101
10111011011110111
10111011011111000
10111011011111010
10111011011111101
10111011011111111
10111011100010001
10111011100010011
10111011100010101
10111011100010111
10111011100011101
10111011100011111
10111011100110101
10111011100110111
10111011100111101
10111011100111111
10111011101010001
10111011101010011
10111011101010101
10111011101010111
10111011101011101
10111011101011111
10111011101110101
10111011101110111
10111011101111101
10111011101111111
10111011110010001
10111011110010011
10111011110010101
10111011110010111
10111011110011101
10111011110011111
10111011110110101
10111011110110111
10111011110111101
10111011110111111
10111011111010001
10111011111010011
10111011111010101
10111011111010111
10111011111011101
10111011111011111
10111011111110101
10111011111110111
10111011111111101
10111011111111111
10111111000010001
10111111000010011
10111111000010101
10111111000010111
10111111000011101
10111111000011111
10111111000110101
10111111000110111
10111111000111101
10111111000111111
10111111001010001
10111111001010011
10111111001010101
10111111001010111
10111111001011101
10111111001011111
10111111001110101
10111111001110111
10111111001111101
10111111001111111
10111111011010001
10111111011010010
10111111011010011
10111111011010100
10111111011010101
10111111011010110
10111111011010111
10111111011011000
10111111011011010
10111111011011101
10111111011011111
10111111011110010
10111111011110101
10111111011110111
10111111011111101
10111111011111111
10111111100010001
10111111100010011
10111111100010101
10111111100010111
10111111100011101
10111111100011111
10111111100110101
10111111100110111
10111111100111101
10111111100111111
10111111101010001
10111111101010011
10111111101010101
10111111101010111
10111111101011101
10111111101011111
10111111101110101
10111111101110111
10111111101111101
10111111101111111
10111111110010001
10111111110010011
10111111110010101
10111111110010111
10111111110011101
10111111110011111
10111111110110101
10111111110110111
10111111110111101
10111111110111111
10111111111010001
10111111111010011
10111111111010101
10111111111010111
10111111111011101
10111111111011111
10111111111110101
10111111111110111
10111111111111101
10111111111111111
11001011001010001
11001011001010011
11001011001010101
11001011001010111
11001011001011101
11001011001011111
11001011001110001
11001011001110011
11001011001110101
11001011001110111
11001011001111101
11001011001111111
11001011011010001
11001011011010011
11001011011010101
11001011011010111
11001011011011101
11001011011011111
11001011011110001
11001011011110011
11001011011110101
11001011011110111
11001011011111101
11001011011111111
11001011101010001
11001011101010011
11001011101010101
11001011101010111
11001011101011101
11001011101011111
11001011101110001
11001011101110011
11001011101110101
11001011101110111
11001011101111101
11001011101111111
11001011111010001
11001011111010011
11001011111010101
11001011111010111
11001011111011101
11001011111011111
11001011111110001
11001011111110011
11001011111110101
11001011111110111
11001011111111101
11001011111111111
11001111001010001
11001111001010011
11001111001010101
11001111001010111
11001111001011101
11001111001011111
11001111001110001
11001111001110011
11001111001110101
11001111001110111
11001111001111101
11001111001111111
11001111011010001
11001111011010011
11001111011010101
11001111011010111
11001111011011101
11001111011011111
11001111011110001
11001111011110011
11001111011110101
11001111011110111
11001111011111101
11001111011111111
11001111101010001
11001111101010011
11001111101010101
11001111101010111
11001111101011101
11001111101011111
11001111101110001
11001111101110011
11001111101110101
11001111101110111
11001111101111101
11001111101111111
11001111111010001
11001111111010011
11001111111010101
11001111111010111
11001111111011101
11001111111011111
11001111111110001
11001111111110011
11001111111110101
11001111111110111
11001111111111101
11001111111111111
11011011001010001
11011011001010011
11011011001010101
11011011001010111
11011011001011101
11011011001011111
11011011001110001
11011011001110011
11011011001110101
11011011001110111
11011011001111101
11011011001111111
11011011011010001
11011011011010011
11011011011010101
11011011011010111
11011011011011101
11011011011011111
11011011011110001
11011011011110011
11011011011110101
11011011011110111
11011011011111101
11011011011111111
11011011101010001
11011011101010011
11011011101010101
11011011101010111
11011011101011101
11011011101011111
11011011101110001
11011011101110011
11011011101110101
11011011101110111
11011011101111101
11011011101111111
11011011111010001
11011011111010011
11011011111010101
11011011111010111
11011011111011101
11011011111011111
11011011111110001
11011011111110011
11011011111110101
11011011111110111
11011011111111101
11011011111111111
11011111001010001
11011111001010011
11011111001010101
11011111001010111
11011111001011101
11011111001011111
11011111001110001
11011111001110011
11011111001110101
11011111001110111
11011111001111101
11011111001111111
11011111011010001
11011111011010011
11011111011010101
11011111011010111
11011111011011101
11011111011011111
11011111011110001
11011111011110011
11011111011110101
11011111011110111
11011111011111101
11011111011111111
11011111101010001
11011111101010011
11011111101010101
11011111101010111
11011111101011101
11011111101011111
11011111101110001
11011111101110011
11011111101110101
11011111101110111
11011111101111101
11011111101111111
11011111111010001
11011111111010011
11011111111010101
11011111111010111
11011111111011101
11011111111011111
11011111111110001
11011111111110011
11011111111110101
11011111111110111
11011111111111101
11011111111111111
11101011000010001
11101011000010011
11101011000010101
11101011000010111
11101011000011101
11101011000011111
11101011000110001
11101011000110011
11101011000110101
11101011000110111
11101011000111101
11101011000111111
11101011001010001
11101011001010011
11101011001010101
11101011001010111
11101011001011101
11101011001011111
11101011001110001
11101011001110011
11101011001110101
11101011001110111
11101011001111101
11101011001111111
11101011011010001
11101011011010010
11101011011010011
11101011011010100
11101011011010101
11101011011010110
11101011011010111
11101011011011000
11101011011011010
11101011011011101
11101011011011111
11101011011110001
11101011011110010
11101011011110011
11101011011110101
11101011011110111
11101011011111000
11101011011111010
11101011011111101
11101011011111111
11101011100010001
11101011100010011
11101011100010101
11101011100010111
11101011100011101
11101011100011111
11101011100110001
11101011100110011
11101011100110101
11101011100110111
11101011100111101
11101011100111111
11101011101010001
11101011101010011
11101011101010101
11101011101010111
11101011101011101
11101011101011111
11101011101110001
11101011101110011
11101011101110101
11101011101110111
11101011101111101
11101011101111111
11101011110010001
11101011110010011
11101011110010101
11101011110010111
11101011110011101
11101011110011111
11101011110110001
11101011110110011
11101011110110101
11101011110110111
11101011110111101
11101011110111111
11101011111010001
11101011111010011
11101011111010101
11101011111010111
11101011111011101
11101011111011111
11101011111110001
11101011111110011
11101011111110101
11101011111110111
11101011111111101
11101011111111111
11101111000010001
11101111000010011
11101111000010101
11101111000010111
11101111000011101
11101111000011111
11101111000110001
11101111000110011
11101111000110101
11101111000110111
11101111000111101
11101111000111111
11101111001010001
11101111001010011
11101111001010101
11101111001010111
11101111001011101
11101111001011111
11101111001110001
11101111001110011
11101111001110101
11101111001110111
11101111001111101
11101111001111111
11101111011010001
11101111011010010
11101111011010011
11101111011010100
11101111011010101
11101111011010110
11101111011010111
11101111011011000
11101111011011010
11101111011011101
11101111011011111
11101111011110001
11101111011110010
11101111011110011
11101111011110101
11101111011110111
11101111011111101
11101111011111111
11101111100010001
11101111100010011
11101111100010101
11101111100010111
11101111100011101
11101111100011111
11101111100110001
11101111100110011
11101111100110101
11101111100110111
11101111100111101
11101111100111111
11101111101010001
11101111101010011
11101111101010101
11101111101010111
11101111101011101
11101111101011111
11101111101110001
11101111101110011
11101111101110101
11101111101110111
11101111101111101
11101111101111111
11101111110010001
11101111110010011
11101111110010101
11101111110010111
11101111110011101
11101111110011111
11101111110110001
11101111110110011
11101111110110101
11101111110110111
11101111110111101
11101111110111111
11101111111010001
11101111111010011
11101111111010101
11101111111010111
11101111111011101
11101111111011111
11101111111110001
11101111111110011
11101111111110101
11101111111110111
11101111111111101
11101111111111111
11111011000010001
11111011000010011
11111011000010101
11111011000010111
11111011000011101
11111011000011111
11111011000110001
11111011000110011
11111011000110101
11111011000110111
11111011000111101
11111011000111111
11111011001010001
11111011001010011
11111011001010101
11111011001010111
11111011001011101
11111011001011111
11111011001110001
11111011001110011
11111011001110101
11111011001110111
11111011001111101
11111011001111111
11111011011010001
11111011011010010
11111011011010011
11111011011010100
11111011011010101
11111011011010110
11111011011010111
11111011011011000
11111011011011010
11111011011011101
11111011011011111
11111011011110001
11111011011110010
11111011011110011
11111011011110101
11111011011110111
11111011011111000
11111011011111010
11111011011111101
11111011011111111
11111011100010001
11111011100010011
11111011100010101
11111011100010111
11111011100011101
11111011100011111
11111011100110001
11111011100110011
11111011100110101
11111011100110111
11111011100111101
11111011100111111
11111011101010001
11111011101010011
11111011101010101
11111011101010111
11111011101011101
11111011101011111
11111011101110001
11111011101110011
11111011101110101
11111011101110111
11111011101111101
11111011101111111
11111011110010001
11111011110010011
11111011110010101
11111011110010111
11111011110011101
11111011110011111
11111011110110001
11111011110110011
11111011110110101
11111011110110111
11111011110111101
11111011110111111
11111011111010001
11111011111010011
11111011111010101
11111011111010111
11111011111011101
11111011111011111
11111011111110001
11111011111110011
11111011111110101
11111011111110111
11111011111111101
11111011111111111
11111111000010001
11111111000010011
11111111000010101
11111111000010111
11111111000011101
11111111000011111
11111111000110001
11111111000110011
11111111000110101
11111111000110111
11111111000111101
11111111000111111
11111111001010001
11111111001010011
11111111001010101
11111111001010111
11111111001011101
11111111001011111
11111111001110001
11111111001110011
11111111001110101
11111111001110111
11111111001111101
11111111001111111
11111111011010001
11111111011010010
11111111011010011
11111111011010100
11111111011010101
11111111011010110
11111111011010111
11111111011011000
11111111011011010
11111111011011101
11111111011011111
11111111011110001
11111111011110010
11111111011110011
11111111011110101
11111111011110111
11111111011111101
11111111011111111
11111111100010001
11111111100010011
11111111100010101
11111111100010111
11111111100011101
11111111100011111
11111111100110001
11111111100110011
11111111100110101
11111111100110111
11111111100111101
11111111100111111
11111111101010001
11111111101010011
11111111101010101
11111111101010111
11111111101011101
11111111101011111
11111111101110001
11111111101110011
11111111101110101
11111111101110111
11111111101111101
11111111101111111
11111111110010001
11111111110010011
11111111110010101
11111111110010111
11111111110011101
11111111110011111
11111111110110001
11111111110110011
11111111110110101
11111111110110111
11111111110111101
11111111110111111
11111111111010001
11111111111010011
11111111111010101
11111111111010111
11111111111011101
11111111111011111
11111111111110001
11111111111110011
11111111111110101
11111111111110111
11111111111111101
11111111111111111
