10000001001010001
10000001001010011
10000001001010101
10000001001010111
10000001001011001
10000001001011011
10000001001011101
10000001001011111
10000001001110101
10000001001110111
10000001001111001
10000001001111011
10000001001111101
10000001001111111
10000001011010001
10000001011010011
10000001011010101
10000001011010111
10000001011011001
10000001011011011
10000001011011101
10000001011011111
10000001011110101
10000001011110111
10000001011111001
10000001011111011
10000001011111101
10000001011111111
10000001101010001
10000001101010011
10000001101010101
10000001101010111
10000001101011001
10000001101011011
10000001101011101
10000001101011111
10000001101110101
10000001101110111
10000001101111001
10000001101111011
10000001101111101
10000001101111111
10000001111010001
10000001111010011
10000001111010101
10000001111010111
10000001111011001
10000001111011011
10000001111011101
10000001111011111
10000001111110101
10000001111110111
10000001111111001
10000001111111011
10000001111111101
10000001111111111
10000011001111001
10000011001111011
10000011011111001
10000011011111011
10000011101111001
10000011101111011
10000011111111001
10000011111111011
10000101001010001
10000101001010011
10000101001010101
10000101001010111
10000101001011001
10000101001011011
10000101001011101
10000101001011111
10000101001110101
10000101001110111
10000101001111101
10000101001111111
10000101011010001
10000101011010011
10000101011010101
10000101011010111
10000101011011001
10000101011011011
10000101011011101
10000101011011111
10000101011110101
10000101011110111
10000101011111101
10000101011111111
10000101101010001
10000101101010011
10000101101010101
10000101101010111
10000101101011001
10000101101011011
10000101101011101
10000101101011111
10000101101110101
10000101101110111
10000101101111101
10000101101111111
10000101111010001
10000101111010011
10000101111010101
10000101111010111
10000101111011001
10000101111011011
10000101111011101
10000101111011111
10000101111110101
10000101111110111
10000101111111101
10000101111111111
10001001001011001
10001001001011011
10001001001111001
10001001001111011
10001001011011001
10001001011011011
10001001011111001
10001001011111011
10001001101011001
10001001101011011
10001001101111001
10001001101111011
10001001111011001
10001001111011011
10001001111111001
10001001111111011
10001011001111001
10001011001111011
10001011011111001
10001011011111011
10001011101111001
10001011101111011
10001011111111001
10001011111111011
10001101001011001
10001101001011011
10001101011011001
10001101011011011
10001101101011001
10001101101011011
10001101111011001
10001101111011011
10010001001010001
10010001001010011
10010001001010101
10010001001010111
10010001001011001
10010001001011011
10010001001011101
10010001001011111
10010001001110101
10010001001110111
10010001001111001
10010001001111011
10010001001111101
10010001001111111
10010001011010001
10010001011010011
10010001011010101
10010001011010111
10010001011011001
10010001011011011
10010001011011101
10010001011011111
10010001011110101
10010001011110111
10010001011111001
10010001011111011
10010001011111101
10010001011111111
10010001101010001
10010001101010011
10010001101010101
10010001101010111
10010001101011001
10010001101011011
10010001101011101
10010001101011111
10010001101110101
10010001101110111
10010001101111001
10010001101111011
10010001101111101
10010001101111111
10010001111010001
10010001111010011
10010001111010101
10010001111010111
10010001111011001
10010001111011011
10010001111011101
10010001111011111
10010001111110101
10010001111110111
10010001111111001
10010001111111011
10010001111111101
10010001111111111
10010011001111001
10010011001111011
10010011011111001
10010011011111011
10010011101111001
10010011101111011
10010011111111001
10010011111111011
10010101001010001
10010101001010011
10010101001010101
10010101001010111
10010101001011001
10010101001011011
10010101001011101
10010101001011111
10010101001110101
10010101001110111
10010101001111101
10010101001111111
10010101011010001
10010101011010011
10010101011010101
10010101011010111
10010101011011001
10010101011011011
10010101011011101
10010101011011111
10010101011110101
10010101011110111
10010101011111101
10010101011111111
10010101101010001
10010101101010011
10010101101010101
10010101101010111
10010101101011001
10010101101011011
10010101101011101
10010101101011111
10010101101110101
10010101101110111
10010101101111101
10010101101111111
10010101111010001
10010101111010011
10010101111010101
10010101111010111
10010101111011001
10010101111011011
10010101111011101
10010101111011111
10010101111110101
10010101111110111
10010101111111101
10010101111111111
10011001001011001
10011001001011011
10011001001111001
10011001001111011
10011001011011001
10011001011011011
10011001011111001
10011001011111011
10011001101011001
10011001101011011
10011001101111001
10011001101111011
10011001111011001
10011001111011011
10011001111111001
10011001111111011
10011011001111001
10011011001111011
10011011011111001
10011011011111011
10011011101111001
10011011101111011
10011011111111001
10011011111111011
10011101001011001
10011101001011011
10011101011011001
10011101011011011
10011101101011001
10011101101011011
10011101111011001
10011101111011011
10100001000010001
10100001000010011
10100001000010101
10100001000010111
10100001000011001
10100001000011011
10100001000011101
10100001000011111
10100001000110101
10100001000110111
10100001000111001
10100001000111011
10100001000111101
10100001000111111
10100001001010001
10100001001010011
10100001001010101
10100001001010111
10100001001011001
10100001001011011
10100001001011101
10100001001011111
10100001001110101
10100001001110111
10100001001111001
10100001001111011
10100001001111101
10100001001111111
10100001011010001
10100001011010011
10100001011010101
10100001011010111
10100001011011001
10100001011011011
10100001011011101
10100001011011111
10100001011110101
10100001011110111
10100001011111001
10100001011111011
10100001011111101
10100001011111111
10100001100010001
10100001100010011
10100001100010101
10100001100010111
10100001100011001
10100001100011011
10100001100011101
10100001100011111
10100001100110101
10100001100110111
10100001100111001
10100001100111011
10100001100111101
10100001100111111
10100001101010001
10100001101010011
10100001101010101
10100001101010111
10100001101011001
10100001101011011
10100001101011101
10100001101011111
10100001101110101
10100001101110111
10100001101111001
10100001101111011
10100001101111101
10100001101111111
10100001110010001
10100001110010011
10100001110010101
10100001110010111
10100001110011001
10100001110011011
10100001110011101
10100001110011111
10100001110110101
10100001110110111
10100001110111001
10100001110111011
10100001110111101
10100001110111111
10100001111010001
10100001111010011
10100001111010101
10100001111010111
10100001111011001
10100001111011011
10100001111011101
10100001111011111
10100001111110101
10100001111110111
10100001111111001
10100001111111011
10100001111111101
10100001111111111
10100011000111001
10100011000111011
10100011001111001
10100011001111011
10100011011111001
10100011011111011
10100011100111001
10100011100111011
10100011101111001
10100011101111011
10100011110111001
10100011110111011
10100011111111001
10100011111111011
10100101000010001
10100101000010011
10100101000010101
10100101000010111
10100101000011001
10100101000011011
10100101000011101
10100101000011111
10100101000110101
10100101000110111
10100101000111101
10100101000111111
10100101001010001
10100101001010011
10100101001010101
10100101001010111
10100101001011001
10100101001011011
10100101001011101
10100101001011111
10100101001110101
10100101001110111
10100101001111101
10100101001111111
10100101011010001
10100101011010011
10100101011010101
10100101011010111
10100101011011001
10100101011011011
10100101011011101
10100101011011111
10100101011110101
10100101011110111
10100101011111101
10100101011111111
10100101100010001
10100101100010011
10100101100010101
10100101100010111
10100101100011001
10100101100011011
10100101100011101
10100101100011111
10100101100110101
10100101100110111
10100101100111101
10100101100111111
10100101101010001
10100101101010011
10100101101010101
10100101101010111
10100101101011001
10100101101011011
10100101101011101
10100101101011111
10100101101110101
10100101101110111
10100101101111101
10100101101111111
10100101110010001
10100101110010011
10100101110010101
10100101110010111
10100101110011001
10100101110011011
10100101110011101
10100101110011111
10100101110110101
10100101110110111
10100101110111101
10100101110111111
10100101111010001
10100101111010011
10100101111010101
10100101111010111
10100101111011001
10100101111011011
10100101111011101
10100101111011111
10100101111110101
10100101111110111
10100101111111101
10100101111111111
10101001000011001
10101001000011011
10101001000111001
10101001000111011
10101001001011001
10101001001011011
10101001001111001
10101001001111011
10101001011011001
10101001011011011
10101001011111001
10101001011111011
10101001100011001
10101001100011011
10101001100111001
10101001100111011
10101001101011001
10101001101011011
10101001101111001
10101001101111011
10101001110011001
10101001110011011
10101001110111001
10101001110111011
10101001111011001
10101001111011011
10101001111111001
10101001111111011
10101011000111001
10101011000111011
10101011001111001
10101011001111011
10101011011111001
10101011011111011
10101011100111001
10101011100111011
10101011101111001
10101011101111011
10101011110111001
10101011110111011
10101011111111001
10101011111111011
10101101000011001
10101101000011011
10101101001011001
10101101001011011
10101101011011001
10101101011011011
10101101100011001
10101101100011011
10101101101011001
10101101101011011
10101101110011001
10101101110011011
10101101111011001
10101101111011011
10110001000010001
10110001000010011
10110001000010101
10110001000010111
10110001000011001
10110001000011011
10110001000011101
10110001000011111
10110001000110101
10110001000110111
10110001000111001
10110001000111011
10110001000111101
10110001000111111
10110001001010001
10110001001010011
10110001001010101
10110001001010111
10110001001011001
10110001001011011
10110001001011101
10110001001011111
10110001001110101
10110001001110111
10110001001111001
10110001001111011
10110001001111101
10110001001111111
10110001011010001
10110001011010011
10110001011010101
10110001011010111
10110001011011001
10110001011011011
10110001011011101
10110001011011111
10110001011110101
10110001011110111
10110001011111001
10110001011111011
10110001011111101
10110001011111111
10110001100010001
10110001100010011
10110001100010101
10110001100010111
10110001100011001
10110001100011011
10110001100011101
10110001100011111
10110001100110101
10110001100110111
10110001100111001
10110001100111011
10110001100111101
10110001100111111
10110001101010001
10110001101010011
10110001101010101
10110001101010111
10110001101011001
10110001101011011
10110001101011101
10110001101011111
10110001101110101
10110001101110111
10110001101111001
10110001101111011
10110001101111101
10110001101111111
10110001110010001
10110001110010011
10110001110010101
10110001110010111
10110001110011001
10110001110011011
10110001110011101
10110001110011111
10110001110110101
10110001110110111
10110001110111001
10110001110111011
10110001110111101
10110001110111111
10110001111010001
10110001111010011
10110001111010101
10110001111010111
10110001111011001
10110001111011011
10110001111011101
10110001111011111
10110001111110101
10110001111110111
10110001111111001
10110001111111011
10110001111111101
10110001111111111
10110011000111001
10110011000111011
10110011001111001
10110011001111011
10110011011111001
10110011011111011
10110011100111001
10110011100111011
10110011101111001
10110011101111011
10110011110111001
10110011110111011
10110011111111001
10110011111111011
10110101000010001
10110101000010011
10110101000010101
10110101000010111
10110101000011001
10110101000011011
10110101000011101
10110101000011111
10110101000110101
10110101000110111
10110101000111101
10110101000111111
10110101001010001
10110101001010011
10110101001010101
10110101001010111
10110101001011001
10110101001011011
10110101001011101
10110101001011111
10110101001110101
10110101001110111
10110101001111101
10110101001111111
10110101011010001
10110101011010011
10110101011010101
10110101011010111
10110101011011001
10110101011011011
10110101011011101
10110101011011111
10110101011110101
10110101011110111
10110101011111101
10110101011111111
10110101100010001
10110101100010011
10110101100010101
10110101100010111
10110101100011001
10110101100011011
10110101100011101
10110101100011111
10110101100110101
10110101100110111
10110101100111101
10110101100111111
10110101101010001
10110101101010011
10110101101010101
10110101101010111
10110101101011001
10110101101011011
10110101101011101
10110101101011111
10110101101110101
10110101101110111
10110101101111101
10110101101111111
10110101110010001
10110101110010011
10110101110010101
10110101110010111
10110101110011001
10110101110011011
10110101110011101
10110101110011111
10110101110110101
10110101110110111
10110101110111101
10110101110111111
10110101111010001
10110101111010011
10110101111010101
10110101111010111
10110101111011001
10110101111011011
10110101111011101
10110101111011111
10110101111110101
10110101111110111
10110101111111101
10110101111111111
10111001000011001
10111001000011011
10111001000111001
10111001000111011
10111001001011001
10111001001011011
10111001001111001
10111001001111011
10111001011011001
10111001011011011
10111001011111001
10111001011111011
10111001100011001
10111001100011011
10111001100111001
10111001100111011
10111001101011001
10111001101011011
10111001101111001
10111001101111011
10111001110011001
10111001110011011
10111001110111001
10111001110111011
10111001111011001
10111001111011011
10111001111111001
10111001111111011
10111011000111001
10111011000111011
10111011001111001
10111011001111011
10111011011111001
10111011011111011
10111011100111001
10111011100111011
10111011101111001
10111011101111011
10111011110111001
10111011110111011
10111011111111001
10111011111111011
10111101000011001
10111101000011011
10111101001011001
10111101001011011
10111101011011001
10111101011011011
10111101100011001
10111101100011011
10111101101011001
10111101101011011
10111101110011001
10111101110011011
10111101111011001
10111101111011011
11000001001010001
11000001001010011
11000001001010101
11000001001010111
11000001001011001
11000001001011011
11000001001011101
11000001001011111
11000001001110001
11000001001110011
11000001001110101
11000001001110111
11000001001111001
11000001001111011
11000001001111101
11000001001111111
11000001011010001
11000001011010011
11000001011010101
11000001011010111
11000001011011001
11000001011011011
11000001011011101
11000001011011111
11000001011110001
11000001011110011
11000001011110101
11000001011110111
11000001011111001
11000001011111011
11000001011111101
11000001011111111
11000001101010001
11000001101010011
11000001101010101
11000001101010111
11000001101011001
11000001101011011
11000001101011101
11000001101011111
11000001101110001
11000001101110011
11000001101110101
11000001101110111
11000001101111001
11000001101111011
11000001101111101
11000001101111111
11000001111010001
11000001111010011
11000001111010101
11000001111010111
11000001111011001
11000001111011011
11000001111011101
11000001111011111
11000001111110001
11000001111110011
11000001111110101
11000001111110111
11000001111111001
11000001111111011
11000001111111101
11000001111111111
11000011001111001
11000011001111011
11000011011111001
11000011011111011
11000011101111001
11000011101111011
11000011111111001
11000011111111011
11000101001010001
11000101001010011
11000101001010101
11000101001010111
11000101001011001
11000101001011011
11000101001011101
11000101001011111
11000101001110001
11000101001110011
11000101001110101
11000101001110111
11000101001111101
11000101001111111
11000101011010001
11000101011010011
11000101011010101
11000101011010111
11000101011011001
11000101011011011
11000101011011101
11000101011011111
11000101011110001
11000101011110011
11000101011110101
11000101011110111
11000101011111101
11000101011111111
11000101101010001
11000101101010011
11000101101010101
11000101101010111
11000101101011001
11000101101011011
11000101101011101
11000101101011111
11000101101110001
11000101101110011
11000101101110101
11000101101110111
11000101101111101
11000101101111111
11000101111010001
11000101111010011
11000101111010101
11000101111010111
11000101111011001
11000101111011011
11000101111011101
11000101111011111
11000101111110001
11000101111110011
11000101111110101
11000101111110111
11000101111111101
11000101111111111
11001001001011001
11001001001011011
11001001001111001
11001001001111011
11001001011011001
11001001011011011
11001001011111001
11001001011111011
11001001101011001
11001001101011011
11001001101111001
11001001101111011
11001001111011001
11001001111011011
11001001111111001
11001001111111011
11001011001111001
11001011001111011
11001011011111001
11001011011111011
11001011101111001
11001011101111011
11001011111111001
11001011111111011
11001101001011001
11001101001011011
11001101011011001
11001101011011011
11001101101011001
11001101101011011
11001101111011001
11001101111011011
11010001001010001
11010001001010011
11010001001010101
11010001001010111
11010001001011001
11010001001011011
11010001001011101
11010001001011111
11010001001110001
11010001001110011
11010001001110101
11010001001110111
11010001001111001
11010001001111011
11010001001111101
11010001001111111
11010001011010001
11010001011010011
11010001011010101
11010001011010111
11010001011011001
11010001011011011
11010001011011101
11010001011011111
11010001011110001
11010001011110011
11010001011110101
11010001011110111
11010001011111001
11010001011111011
11010001011111101
11010001011111111
11010001101010001
11010001101010011
11010001101010101
11010001101010111
11010001101011001
11010001101011011
11010001101011101
11010001101011111
11010001101110001
11010001101110011
11010001101110101
11010001101110111
11010001101111001
11010001101111011
11010001101111101
11010001101111111
11010001111010001
11010001111010011
11010001111010101
11010001111010111
11010001111011001
11010001111011011
11010001111011101
11010001111011111
11010001111110001
11010001111110011
11010001111110101
11010001111110111
11010001111111001
11010001111111011
11010001111111101
11010001111111111
11010011001111001
11010011001111011
11010011011111001
11010011011111011
11010011101111001
11010011101111011
11010011111111001
11010011111111011
11010101001010001
11010101001010011
11010101001010101
11010101001010111
11010101001011001
11010101001011011
11010101001011101
11010101001011111
11010101001110001
11010101001110011
11010101001110101
11010101001110111
11010101001111101
11010101001111111
11010101011010001
11010101011010011
11010101011010101
11010101011010111
11010101011011001
11010101011011011
11010101011011101
11010101011011111
11010101011110001
11010101011110011
11010101011110101
11010101011110111
11010101011111101
11010101011111111
11010101101010001
11010101101010011
11010101101010101
11010101101010111
11010101101011001
11010101101011011
11010101101011101
11010101101011111
11010101101110001
11010101101110011
11010101101110101
11010101101110111
11010101101111101
11010101101111111
11010101111010001
11010101111010011
11010101111010101
11010101111010111
11010101111011001
11010101111011011
11010101111011101
11010101111011111
11010101111110001
11010101111110011
11010101111110101
11010101111110111
11010101111111101
11010101111111111
11011001001011001
11011001001011011
11011001001111001
11011001001111011
11011001011011001
11011001011011011
11011001011111001
11011001011111011
11011001101011001
11011001101011011
11011001101111001
11011001101111011
11011001111011001
11011001111011011
11011001111111001
11011001111111011
11011011001111001
11011011001111011
11011011011111001
11011011011111011
11011011101111001
11011011101111011
11011011111111001
11011011111111011
11011101001011001
11011101001011011
11011101011011001
11011101011011011
11011101101011001
11011101101011011
11011101111011001
11011101111011011
11100001000010001
11100001000010011
11100001000010101
11100001000010111
11100001000011001
11100001000011011
11100001000011101
11100001000011111
11100001000110001
11100001000110011
11100001000110101
11100001000110111
11100001000111001
11100001000111011
11100001000111101
11100001000111111
11100001001010001
11100001001010011
11100001001010101
11100001001010111
11100001001011001
11100001001011011
11100001001011101
11100001001011111
11100001001110001
11100001001110011
11100001001110101
11100001001110111
11100001001111001
11100001001111011
11100001001111101
11100001001111111
11100001011010001
11100001011010011
11100001011010101
11100001011010111
11100001011011001
11100001011011011
11100001011011101
11100001011011111
11100001011110001
11100001011110011
11100001011110101
11100001011110111
11100001011111001
11100001011111011
11100001011111101
11100001011111111
11100001100010001
11100001100010011
11100001100010101
11100001100010111
11100001100011001
11100001100011011
11100001100011101
11100001100011111
11100001100110001
11100001100110011
11100001100110101
11100001100110111
11100001100111001
11100001100111011
11100001100111101
11100001100111111
11100001101010001
11100001101010011
11100001101010101
11100001101010111
11100001101011001
11100001101011011
11100001101011101
11100001101011111
11100001101110001
11100001101110011
11100001101110101
11100001101110111
11100001101111001
11100001101111011
11100001101111101
11100001101111111
11100001110010001
11100001110010011
11100001110010101
11100001110010111
11100001110011001
11100001110011011
11100001110011101
11100001110011111
11100001110110001
11100001110110011
11100001110110101
11100001110110111
11100001110111001
11100001110111011
11100001110111101
11100001110111111
11100001111010001
11100001111010011
11100001111010101
11100001111010111
11100001111011001
11100001111011011
11100001111011101
11100001111011111
11100001111110001
11100001111110011
11100001111110101
11100001111110111
11100001111111001
11100001111111011
11100001111111101
11100001111111111
11100011000111001
11100011000111011
11100011001111001
11100011001111011
11100011011111001
11100011011111011
11100011100111001
11100011100111011
11100011101111001
11100011101111011
11100011110111001
11100011110111011
11100011111111001
11100011111111011
11100101000010001
11100101000010011
11100101000010101
11100101000010111
11100101000011001
11100101000011011
11100101000011101
11100101000011111
11100101000110001
11100101000110011
11100101000110101
11100101000110111
11100101000111101
11100101000111111
11100101001010001
11100101001010011
11100101001010101
11100101001010111
11100101001011001
11100101001011011
11100101001011101
11100101001011111
11100101001110001
11100101001110011
11100101001110101
11100101001110111
11100101001111101
11100101001111111
11100101011010001
11100101011010011
11100101011010101
11100101011010111
11100101011011001
11100101011011011
11100101011011101
11100101011011111
11100101011110001
11100101011110011
11100101011110101
11100101011110111
11100101011111101
11100101011111111
11100101100010001
11100101100010011
11100101100010101
11100101100010111
11100101100011001
11100101100011011
11100101100011101
11100101100011111
11100101100110001
11100101100110011
11100101100110101
11100101100110111
11100101100111101
11100101100111111
11100101101010001
11100101101010011
11100101101010101
11100101101010111
11100101101011001
11100101101011011
11100101101011101
11100101101011111
11100101101110001
11100101101110011
11100101101110101
11100101101110111
11100101101111101
11100101101111111
11100101110010001
11100101110010011
11100101110010101
11100101110010111
11100101110011001
11100101110011011
11100101110011101
11100101110011111
11100101110110001
11100101110110011
11100101110110101
11100101110110111
11100101110111101
11100101110111111
11100101111010001
11100101111010011
11100101111010101
11100101111010111
11100101111011001
11100101111011011
11100101111011101
11100101111011111
11100101111110001
11100101111110011
11100101111110101
11100101111110111
11100101111111101
11100101111111111
11101001000011001
11101001000011011
11101001000111001
11101001000111011
11101001001011001
11101001001011011
11101001001111001
11101001001111011
11101001011011001
11101001011011011
11101001011111001
11101001011111011
11101001100011001
11101001100011011
11101001100111001
11101001100111011
11101001101011001
11101001101011011
11101001101111001
11101001101111011
11101001110011001
11101001110011011
11101001110111001
11101001110111011
11101001111011001
11101001111011011
11101001111111001
11101001111111011
11101011000111001
11101011000111011
11101011001111001
11101011001111011
11101011011111001
11101011011111011
11101011100111001
11101011100111011
11101011101111001
11101011101111011
11101011110111001
11101011110111011
11101011111111001
11101011111111011
11101101000011001
11101101000011011
11101101001011001
11101101001011011
11101101011011001
11101101011011011
11101101100011001
11101101100011011
11101101101011001
11101101101011011
11101101110011001
11101101110011011
11101101111011001
11101101111011011
11110001000010001
11110001000010011
11110001000010101
11110001000010111
11110001000011001
11110001000011011
11110001000011101
11110001000011111
11110001000110001
11110001000110011
11110001000110101
11110001000110111
11110001000111001
11110001000111011
11110001000111101
11110001000111111
11110001001010001
11110001001010011
11110001001010101
11110001001010111
11110001001011001
11110001001011011
11110001001011101
11110001001011111
11110001001110001
11110001001110011
11110001001110101
11110001001110111
11110001001111001
11110001001111011
11110001001111101
11110001001111111
11110001011010001
11110001011010011
11110001011010101
11110001011010111
11110001011011001
11110001011011011
11110001011011101
11110001011011111
11110001011110001
11110001011110011
11110001011110101
11110001011110111
11110001011111001
11110001011111011
11110001011111101
11110001011111111
11110001100010001
11110001100010011
11110001100010101
11110001100010111
11110001100011001
11110001100011011
11110001100011101
11110001100011111
11110001100110001
11110001100110011
11110001100110101
11110001100110111
11110001100111001
11110001100111011
11110001100111101
11110001100111111
11110001101010001
11110001101010011
11110001101010101
11110001101010111
11110001101011001
11110001101011011
11110001101011101
11110001101011111
11110001101110001
11110001101110011
11110001101110101
11110001101110111
11110001101111001
11110001101111011
11110001101111101
11110001101111111
11110001110010001
11110001110010011
11110001110010101
11110001110010111
11110001110011001
11110001110011011
11110001110011101
11110001110011111
11110001110110001
11110001110110011
11110001110110101
11110001110110111
11110001110111001
11110001110111011
11110001110111101
11110001110111111
11110001111010001
11110001111010011
11110001111010101
11110001111010111
11110001111011001
11110001111011011
11110001111011101
11110001111011111
11110001111110001
11110001111110011
11110001111110101
11110001111110111
11110001111111001
11110001111111011
11110001111111101
11110001111111111
11110011000111001
11110011000111011
11110011001111001
11110011001111011
11110011011111001
11110011011111011
11110011100111001
11110011100111011
11110011101111001
11110011101111011
11110011110111001
11110011110111011
11110011111111001
11110011111111011
11110101000010001
11110101000010011
11110101000010101
11110101000010111
11110101000011001
11110101000011011
11110101000011101
11110101000011111
11110101000110001
11110101000110011
11110101000110101
11110101000110111
11110101000111101
11110101000111111
11110101001010001
11110101001010011
11110101001010101
11110101001010111
11110101001011001
11110101001011011
11110101001011101
11110101001011111
11110101001110001
11110101001110011
11110101001110101
11110101001110111
11110101001111101
11110101001111111
11110101011010001
11110101011010011
11110101011010101
11110101011010111
11110101011011001
11110101011011011
11110101011011101
11110101011011111
11110101011110001
11110101011110011
11110101011110101
11110101011110111
11110101011111101
11110101011111111
11110101100010001
11110101100010011
11110101100010101
11110101100010111
11110101100011001
11110101100011011
11110101100011101
11110101100011111
11110101100110001
11110101100110011
11110101100110101
11110101100110111
11110101100111101
11110101100111111
11110101101010001
11110101101010011
11110101101010101
11110101101010111
11110101101011001
11110101101011011
11110101101011101
11110101101011111
11110101101110001
11110101101110011
11110101101110101
11110101101110111
11110101101111101
11110101101111111
11110101110010001
11110101110010011
11110101110010101
11110101110010111
11110101110011001
11110101110011011
11110101110011101
11110101110011111
11110101110110001
11110101110110011
11110101110110101
11110101110110111
11110101110111101
11110101110111111
11110101111010001
11110101111010011
11110101111010101
11110101111010111
11110101111011001
11110101111011011
11110101111011101
11110101111011111
11110101111110001
11110101111110011
11110101111110101
11110101111110111
11110101111111101
11110101111111111
11111001000011001
11111001000011011
11111001000111001
11111001000111011
11111001001011001
11111001001011011
11111001001111001
11111001001111011
11111001011011001
11111001011011011
11111001011111001
11111001011111011
11111001100011001
11111001100011011
11111001100111001
11111001100111011
11111001101011001
11111001101011011
11111001101111001
11111001101111011
11111001110011001
11111001110011011
11111001110111001
11111001110111011
11111001111011001
11111001111011011
11111001111111001
11111001111111011
11111011000111001
11111011000111011
11111011001111001
11111011001111011
11111011011111001
11111011011111011
11111011100111001
11111011100111011
11111011101111001
11111011101111011
11111011110111001
11111011110111011
11111011111111001
11111011111111011
11111101000011001
11111101000011011
11111101001011001
11111101001011011
11111101011011001
11111101011011011
11111101100011001
11111101100011011
11111101101011001
11111101101011011
11111101110011001
11111101110011011
11111101111011001
11111101111011011
