10000101001111001
10000101001111011
10000101011111001
10000101011111011
10000101101111001
10000101101111011
10000101111111001
10000101111111011
10000111001111001
10000111001111011
10000111011111001
10000111011111011
10000111101111001
10000111101111011
10000111111111001
10000111111111011
10001101001111001
10001101001111011
10001101011111001
10001101011111011
10001101101111001
10001101101111011
10001101111111001
10001101111111011
10001111001111001
10001111001111011
10001111011111001
10001111011111011
10001111101111001
10001111101111011
10001111111111001
10001111111111011
10010101001111001
10010101001111011
10010101011111001
10010101011111011
10010101101111001
10010101101111011
10010101111111001
10010101111111011
10010111001111001
10010111001111011
10010111011111001
10010111011111011
10010111101111001
10010111101111011
10010111111111001
10010111111111011
10011101001111001
10011101001111011
10011101011111001
10011101011111011
10011101101111001
10011101101111011
10011101111111001
10011101111111011
10011111001111001
10011111001111011
10011111011111001
10011111011111011
10011111101111001
10011111101111011
10011111111111001
10011111111111011
10100101000111001
10100101000111011
10100101001111001
10100101001111011
10100101011111001
10100101011111011
10100101100111001
10100101100111011
10100101101111001
10100101101111011
10100101110111001
10100101110111011
10100101111111001
10100101111111011
10100111000111001
10100111000111011
10100111001111001
10100111001111011
10100111011111001
10100111011111011
10100111100111001
10100111100111011
10100111101111001
10100111101111011
10100111110111001
10100111110111011
10100111111111001
10100111111111011
10101101000111001
10101101000111011
10101101001111001
10101101001111011
10101101011111001
10101101011111011
10101101100111001
10101101100111011
10101101101111001
10101101101111011
10101101110111001
10101101110111011
10101101111111001
10101101111111011
10101111000111001
10101111000111011
10101111001111001
10101111001111011
10101111011111001
10101111011111011
10101111100111001
10101111100111011
10101111101111001
10101111101111011
10101111110111001
10101111110111011
10101111111111001
10101111111111011
10110101000111001
10110101000111011
10110101001111001
10110101001111011
10110101011111001
10110101011111011
10110101100111001
10110101100111011
10110101101111001
10110101101111011
10110101110111001
10110101110111011
10110101111111001
10110101111111011
10110111000111001
10110111000111011
10110111001111001
10110111001111011
10110111011111001
10110111011111011
10110111100111001
10110111100111011
10110111101111001
10110111101111011
10110111110111001
10110111110111011
10110111111111001
10110111111111011
10111101000111001
10111101000111011
10111101001111001
10111101001111011
10111101011111001
10111101011111011
10111101100111001
10111101100111011
10111101101111001
10111101101111011
10111101110111001
10111101110111011
10111101111111001
10111101111111011
10111111000111001
10111111000111011
10111111001111001
10111111001111011
10111111011111001
10111111011111011
10111111100111001
10111111100111011
10111111101111001
10111111101111011
10111111110111001
10111111110111011
10111111111111001
10111111111111011
11000101001111001
11000101001111011
11000101011111001
11000101011111011
11000101101111001
11000101101111011
11000101111111001
11000101111111011
11000111001111001
11000111001111011
11000111011111001
11000111011111011
11000111101111001
11000111101111011
11000111111111001
11000111111111011
11001101001111001
11001101001111011
11001101011111001
11001101011111011
11001101101111001
11001101101111011
11001101111111001
11001101111111011
11001111001111001
11001111001111011
11001111011111001
11001111011111011
11001111101111001
11001111101111011
11001111111111001
11001111111111011
11010101001111001
11010101001111011
11010101011111001
11010101011111011
11010101101111001
11010101101111011
11010101111111001
11010101111111011
11010111001111001
11010111001111011
11010111011111001
11010111011111011
11010111101111001
11010111101111011
11010111111111001
11010111111111011
11011101001111001
11011101001111011
11011101011111001
11011101011111011
11011101101111001
11011101101111011
11011101111111001
11011101111111011
11011111001111001
11011111001111011
11011111011111001
11011111011111011
11011111101111001
11011111101111011
11011111111111001
11011111111111011
11100101000111001
11100101000111011
11100101001111001
11100101001111011
11100101011111001
11100101011111011
11100101100111001
11100101100111011
11100101101111001
11100101101111011
11100101110111001
11100101110111011
11100101111111001
11100101111111011
11100111000111001
11100111000111011
11100111001111001
11100111001111011
11100111011111001
11100111011111011
11100111100111001
11100111100111011
11100111101111001
11100111101111011
11100111110111001
11100111110111011
11100111111111001
11100111111111011
11101101000111001
11101101000111011
11101101001111001
11101101001111011
11101101011111001
11101101011111011
11101101100111001
11101101100111011
11101101101111001
11101101101111011
11101101110111001
11101101110111011
11101101111111001
11101101111111011
11101111000111001
11101111000111011
11101111001111001
11101111001111011
11101111011111001
11101111011111011
11101111100111001
11101111100111011
11101111101111001
11101111101111011
11101111110111001
11101111110111011
11101111111111001
11101111111111011
11110101000111001
11110101000111011
11110101001111001
11110101001111011
11110101011111001
11110101011111011
11110101100111001
11110101100111011
11110101101111001
11110101101111011
11110101110111001
11110101110111011
11110101111111001
11110101111111011
11110111000111001
11110111000111011
11110111001111001
11110111001111011
11110111011111001
11110111011111011
11110111100111001
11110111100111011
11110111101111001
11110111101111011
11110111110111001
11110111110111011
11110111111111001
11110111111111011
11111101000111001
11111101000111011
11111101001111001
11111101001111011
11111101011111001
11111101011111011
11111101100111001
11111101100111011
11111101101111001
11111101101111011
11111101110111001
11111101110111011
11111101111111001
11111101111111011
11111111000111001
11111111000111011
11111111001111001
11111111001111011
11111111011111001
11111111011111011
11111111100111001
11111111100111011
11111111101111001
11111111101111011
11111111110111001
11111111110111011
11111111111111001
11111111111111011
