10000101000101001
10000101000101011
10000101000111001
10000101000111011
10000101001101001
10000101001101011
10000101010101001
10000101010101011
10000101010111001
10000101010111011
10000101011101001
10000101011101011
10000101100101001
10000101100101011
10000101100111001
10000101100111011
10000101101101001
10000101101101011
10000101110101001
10000101110101011
10000101110111001
10000101110111011
10000101111101001
10000101111101011
10000111000101001
10000111000101011
10000111000111001
10000111000111011
10000111001101001
10000111001101011
10000111010101001
10000111010101011
10000111010111001
10000111010111011
10000111011101001
10000111011101011
10000111100101001
10000111100101011
10000111100111001
10000111100111011
10000111101101001
10000111101101011
10000111110101001
10000111110101011
10000111110111001
10000111110111011
10000111111101001
10000111111101011
10001101000101001
10001101000101011
10001101000111001
10001101000111011
10001101001101001
10001101001101011
10001101010101001
10001101010101011
10001101010111001
10001101010111011
10001101011101001
10001101011101011
10001101100101001
10001101100101011
10001101100111001
10001101100111011
10001101101101001
10001101101101011
10001101110101001
10001101110101011
10001101110111001
10001101110111011
10001101111101001
10001101111101011
10001111000101001
10001111000101011
10001111000111001
10001111000111011
10001111001101001
10001111001101011
10001111010101001
10001111010101011
10001111010111001
10001111010111011
10001111011101001
10001111011101011
10001111100101001
10001111100101011
10001111100111001
10001111100111011
10001111101101001
10001111101101011
10001111110101001
10001111110101011
10001111110111001
10001111110111011
10001111111101001
10001111111101011
10010101000101001
10010101000101011
10010101000111001
10010101000111011
10010101001101001
10010101001101011
10010101010101001
10010101010101011
10010101010111001
10010101010111011
10010101011101001
10010101011101011
10010101100101001
10010101100101011
10010101100111001
10010101100111011
10010101101101001
10010101101101011
10010101110101001
10010101110101011
10010101110111001
10010101110111011
10010101111101001
10010101111101011
10010111000101001
10010111000101011
10010111000111001
10010111000111011
10010111001101001
10010111001101011
10010111010101001
10010111010101011
10010111010111001
10010111010111011
10010111011101001
10010111011101011
10010111100101001
10010111100101011
10010111100111001
10010111100111011
10010111101101001
10010111101101011
10010111110101001
10010111110101011
10010111110111001
10010111110111011
10010111111101001
10010111111101011
10011101000101001
10011101000101011
10011101000111001
10011101000111011
10011101001101001
10011101001101011
10011101010101001
10011101010101011
10011101010111001
10011101010111011
10011101011101001
10011101011101011
10011101100101001
10011101100101011
10011101100111001
10011101100111011
10011101101101001
10011101101101011
10011101110101001
10011101110101011
10011101110111001
10011101110111011
10011101111101001
10011101111101011
10011111000101001
10011111000101011
10011111000111001
10011111000111011
10011111001101001
10011111001101011
10011111010101001
10011111010101011
10011111010111001
10011111010111011
10011111011101001
10011111011101011
10011111100101001
10011111100101011
10011111100111001
10011111100111011
10011111101101001
10011111101101011
10011111110101001
10011111110101011
10011111110111001
10011111110111011
10011111111101001
10011111111101011
10100101000101001
10100101000101011
10100101001101001
10100101001101011
10100101010101001
10100101010101011
10100101010111001
10100101010111011
10100101011101001
10100101011101011
10100101100101001
10100101100101011
10100101101101001
10100101101101011
10100101110101001
10100101110101011
10100101111101001
10100101111101011
10100111000101001
10100111000101011
10100111001101001
10100111001101011
10100111010101001
10100111010101011
10100111010111001
10100111010111011
10100111011101001
10100111011101011
10100111100101001
10100111100101011
10100111101101001
10100111101101011
10100111110101001
10100111110101011
10100111111101001
10100111111101011
10101101000101001
10101101000101011
10101101001101001
10101101001101011
10101101010101001
10101101010101011
10101101010111001
10101101010111011
10101101011101001
10101101011101011
10101101100101001
10101101100101011
10101101101101001
10101101101101011
10101101110101001
10101101110101011
10101101111101001
10101101111101011
10101111000101001
10101111000101011
10101111001101001
10101111001101011
10101111010101001
10101111010101011
10101111010111001
10101111010111011
10101111011101001
10101111011101011
10101111100101001
10101111100101011
10101111101101001
10101111101101011
10101111110101001
10101111110101011
10101111111101001
10101111111101011
10110101000101001
10110101000101011
10110101001101001
10110101001101011
10110101010101001
10110101010101011
10110101010111001
10110101010111011
10110101011101001
10110101011101011
10110101100101001
10110101100101011
10110101101101001
10110101101101011
10110101110101001
10110101110101011
10110101111101001
10110101111101011
10110111000101001
10110111000101011
10110111001101001
10110111001101011
10110111010101001
10110111010101011
10110111010111001
10110111010111011
10110111011101001
10110111011101011
10110111100101001
10110111100101011
10110111101101001
10110111101101011
10110111110101001
10110111110101011
10110111111101001
10110111111101011
10111101000101001
10111101000101011
10111101001101001
10111101001101011
10111101010101001
10111101010101011
10111101010111001
10111101010111011
10111101011101001
10111101011101011
10111101100101001
10111101100101011
10111101101101001
10111101101101011
10111101110101001
10111101110101011
10111101111101001
10111101111101011
10111111000101001
10111111000101011
10111111001101001
10111111001101011
10111111010101001
10111111010101011
10111111010111001
10111111010111011
10111111011101001
10111111011101011
10111111100101001
10111111100101011
10111111101101001
10111111101101011
10111111110101001
10111111110101011
10111111111101001
10111111111101011
11000101000101001
11000101000101011
11000101000111001
11000101000111011
11000101001101001
11000101001101011
11000101010101001
11000101010101011
11000101010111001
11000101010111011
11000101011101001
11000101011101011
11000101100101001
11000101100101011
11000101100111001
11000101100111011
11000101101101001
11000101101101011
11000101110101001
11000101110101011
11000101110111001
11000101110111011
11000101111101001
11000101111101011
11000111000101001
11000111000101011
11000111000111001
11000111000111011
11000111001101001
11000111001101011
11000111010101001
11000111010101011
11000111010111001
11000111010111011
11000111011101001
11000111011101011
11000111100101001
11000111100101011
11000111100111001
11000111100111011
11000111101101001
11000111101101011
11000111110101001
11000111110101011
11000111110111001
11000111110111011
11000111111101001
11000111111101011
11001101000101001
11001101000101011
11001101000111001
11001101000111011
11001101001101001
11001101001101011
11001101010101001
11001101010101011
11001101010111001
11001101010111011
11001101011101001
11001101011101011
11001101100101001
11001101100101011
11001101100111001
11001101100111011
11001101101101001
11001101101101011
11001101110101001
11001101110101011
11001101110111001
11001101110111011
11001101111101001
11001101111101011
11001111000101001
11001111000101011
11001111000111001
11001111000111011
11001111001101001
11001111001101011
11001111010101001
11001111010101011
11001111010111001
11001111010111011
11001111011101001
11001111011101011
11001111100101001
11001111100101011
11001111100111001
11001111100111011
11001111101101001
11001111101101011
11001111110101001
11001111110101011
11001111110111001
11001111110111011
11001111111101001
11001111111101011
11010101000101001
11010101000101011
11010101000111001
11010101000111011
11010101001101001
11010101001101011
11010101010101001
11010101010101011
11010101010111001
11010101010111011
11010101011101001
11010101011101011
11010101100101001
11010101100101011
11010101100111001
11010101100111011
11010101101101001
11010101101101011
11010101110101001
11010101110101011
11010101110111001
11010101110111011
11010101111101001
11010101111101011
11010111000101001
11010111000101011
11010111000111001
11010111000111011
11010111001101001
11010111001101011
11010111010101001
11010111010101011
11010111010111001
11010111010111011
11010111011101001
11010111011101011
11010111100101001
11010111100101011
11010111100111001
11010111100111011
11010111101101001
11010111101101011
11010111110101001
11010111110101011
11010111110111001
11010111110111011
11010111111101001
11010111111101011
11011101000101001
11011101000101011
11011101000111001
11011101000111011
11011101001101001
11011101001101011
11011101010101001
11011101010101011
11011101010111001
11011101010111011
11011101011101001
11011101011101011
11011101100101001
11011101100101011
11011101100111001
11011101100111011
11011101101101001
11011101101101011
11011101110101001
11011101110101011
11011101110111001
11011101110111011
11011101111101001
11011101111101011
11011111000101001
11011111000101011
11011111000111001
11011111000111011
11011111001101001
11011111001101011
11011111010101001
11011111010101011
11011111010111001
11011111010111011
11011111011101001
11011111011101011
11011111100101001
11011111100101011
11011111100111001
11011111100111011
11011111101101001
11011111101101011
11011111110101001
11011111110101011
11011111110111001
11011111110111011
11011111111101001
11011111111101011
11100101000101001
11100101000101011
11100101001101001
11100101001101011
11100101010101001
11100101010101011
11100101010111001
11100101010111011
11100101011101001
11100101011101011
11100101100101001
11100101100101011
11100101101101001
11100101101101011
11100101110101001
11100101110101011
11100101111101001
11100101111101011
11100111000101001
11100111000101011
11100111001101001
11100111001101011
11100111010101001
11100111010101011
11100111010111001
11100111010111011
11100111011101001
11100111011101011
11100111100101001
11100111100101011
11100111101101001
11100111101101011
11100111110101001
11100111110101011
11100111111101001
11100111111101011
11101101000101001
11101101000101011
11101101001101001
11101101001101011
11101101010101001
11101101010101011
11101101010111001
11101101010111011
11101101011101001
11101101011101011
11101101100101001
11101101100101011
11101101101101001
11101101101101011
11101101110101001
11101101110101011
11101101111101001
11101101111101011
11101111000101001
11101111000101011
11101111001101001
11101111001101011
11101111010101001
11101111010101011
11101111010111001
11101111010111011
11101111011101001
11101111011101011
11101111100101001
11101111100101011
11101111101101001
11101111101101011
11101111110101001
11101111110101011
11101111111101001
11101111111101011
11110101000101001
11110101000101011
11110101001101001
11110101001101011
11110101010101001
11110101010101011
11110101010111001
11110101010111011
11110101011101001
11110101011101011
11110101100101001
11110101100101011
11110101101101001
11110101101101011
11110101110101001
11110101110101011
11110101111101001
11110101111101011
11110111000101001
11110111000101011
11110111001101001
11110111001101011
11110111010101001
11110111010101011
11110111010111001
11110111010111011
11110111011101001
11110111011101011
11110111100101001
11110111100101011
11110111101101001
11110111101101011
11110111110101001
11110111110101011
11110111111101001
11110111111101011
11111101000101001
11111101000101011
11111101001101001
11111101001101011
11111101010101001
11111101010101011
11111101010111001
11111101010111011
11111101011101001
11111101011101011
11111101100101001
11111101100101011
11111101101101001
11111101101101011
11111101110101001
11111101110101011
11111101111101001
11111101111101011
11111111000101001
11111111000101011
11111111001101001
11111111001101011
11111111010101001
11111111010101011
11111111010111001
11111111010111011
11111111011101001
11111111011101011
11111111100101001
11111111100101011
11111111101101001
11111111101101011
11111111110101001
11111111110101011
11111111111101001
11111111111101011
