10000011000000001
10000011000000011
10000011000000101
10000011000000111
10000011000001001
10000011000001011
10000011000001101
10000011000001111
10000011000010001
10000011000010011
10000011000010101
10000011000010111
10000011000011001
10000011000011011
10000011000011101
10000011000011111
10000011000100001
10000011000100011
10000011000100101
10000011000100111
10000011000101101
10000011000101111
10000011000110001
10000011000110011
10000011000110101
10000011000110111
10000011000111101
10000011000111111
10000011001000001
10000011001000011
10000011001000101
10000011001000111
10000011001001001
10000011001001011
10000011001001101
10000011001001111
10000011001100001
10000011001100011
10000011001100101
10000011001100111
10000011001101101
10000011001101111
10000011001110001
10000011001110011
10000011011000001
10000011011000011
10000011011000101
10000011011000111
10000011011001001
10000011011001011
10000011011001101
10000011011001111
10000011011100001
10000011011100011
10000011011100101
10000011011100111
10000011011101101
10000011011101111
10000011011110001
10000011011110011
10000011100000001
10000011100000011
10000011100000101
10000011100000111
10000011100001001
10000011100001011
10000011100001101
10000011100001111
10000011100010001
10000011100010011
10000011100010101
10000011100010111
10000011100011001
10000011100011011
10000011100011101
10000011100011111
10000011100100001
10000011100100011
10000011100100101
10000011100100111
10000011100101101
10000011100101111
10000011100110001
10000011100110011
10000011100110101
10000011100110111
10000011100111101
10000011100111111
10000011101000001
10000011101000011
10000011101000101
10000011101000111
10000011101001001
10000011101001011
10000011101001101
10000011101001111
10000011101100001
10000011101100011
10000011101100101
10000011101100111
10000011101101101
10000011101101111
10000011101110001
10000011101110011
10000011110000001
10000011110000011
10000011110000101
10000011110000111
10000011110001001
10000011110001011
10000011110001101
10000011110001111
10000011110010001
10000011110010011
10000011110010101
10000011110010111
10000011110011001
10000011110011011
10000011110011101
10000011110011111
10000011110100001
10000011110100011
10000011110100101
10000011110100111
10000011110101101
10000011110101111
10000011110110001
10000011110110011
10000011110110101
10000011110110111
10000011110111101
10000011110111111
10000011111000001
10000011111000011
10000011111000101
10000011111000111
10000011111001001
10000011111001011
10000011111001101
10000011111001111
10000011111100001
10000011111100011
10000011111100101
10000011111100111
10000011111101101
10000011111101111
10000011111110001
10000011111110011
10000111000000001
10000111000000011
10000111000000101
10000111000000111
10000111000001001
10000111000001011
10000111000001101
10000111000001111
10000111000010001
10000111000010011
10000111000010101
10000111000010111
10000111000011001
10000111000011011
10000111000011101
10000111000011111
10000111000100001
10000111000100011
10000111000100101
10000111000100111
10000111000101101
10000111000101111
10000111000110001
10000111000110011
10000111000110101
10000111000110111
10000111000111101
10000111000111111
10000111001000001
10000111001000011
10000111001000101
10000111001000111
10000111001001001
10000111001001011
10000111001001101
10000111001001111
10000111001100001
10000111001100011
10000111001100101
10000111001100111
10000111001101101
10000111001101111
10000111001110001
10000111001110011
10000111011000001
10000111011000011
10000111011000101
10000111011000111
10000111011001001
10000111011001011
10000111011001101
10000111011001111
10000111011100001
10000111011100011
10000111011100101
10000111011100111
10000111011101101
10000111011101111
10000111011110001
10000111011110011
10000111100000001
10000111100000011
10000111100000101
10000111100000111
10000111100001001
10000111100001011
10000111100001101
10000111100001111
10000111100010001
10000111100010011
10000111100010101
10000111100010111
10000111100011001
10000111100011011
10000111100011101
10000111100011111
10000111100100001
10000111100100011
10000111100100101
10000111100100111
10000111100101101
10000111100101111
10000111100110001
10000111100110011
10000111100110101
10000111100110111
10000111100111101
10000111100111111
10000111101000001
10000111101000011
10000111101000101
10000111101000111
10000111101001001
10000111101001011
10000111101001101
10000111101001111
10000111101100001
10000111101100011
10000111101100101
10000111101100111
10000111101101101
10000111101101111
10000111101110001
10000111101110011
10000111110000001
10000111110000011
10000111110000101
10000111110000111
10000111110001001
10000111110001011
10000111110001101
10000111110001111
10000111110010001
10000111110010011
10000111110010101
10000111110010111
10000111110011001
10000111110011011
10000111110011101
10000111110011111
10000111110100001
10000111110100011
10000111110100101
10000111110100111
10000111110101101
10000111110101111
10000111110110001
10000111110110011
10000111110110101
10000111110110111
10000111110111101
10000111110111111
10000111111000001
10000111111000011
10000111111000101
10000111111000111
10000111111001001
10000111111001011
10000111111001101
10000111111001111
10000111111100001
10000111111100011
10000111111100101
10000111111100111
10000111111101101
10000111111101111
10000111111110001
10000111111110011
10001011000001001
10001011000001011
10001011000011001
10001011000011011
10001011001001001
10001011001001011
10001011011001001
10001011011001011
10001011100001001
10001011100001011
10001011100011001
10001011100011011
10001011101001001
10001011101001011
10001011110001001
10001011110001011
10001011110011001
10001011110011011
10001011111001001
10001011111001011
10001111000001001
10001111000001011
10001111000011001
10001111000011011
10001111001001001
10001111001001011
10001111011001001
10001111011001011
10001111100001001
10001111100001011
10001111100011001
10001111100011011
10001111101001001
10001111101001011
10001111110001001
10001111110001011
10001111110011001
10001111110011011
10001111111001001
10001111111001011
10010011000000001
10010011000000011
10010011000000101
10010011000000111
10010011000001001
10010011000001011
10010011000001101
10010011000001111
10010011000010001
10010011000010011
10010011000010101
10010011000010111
10010011000011001
10010011000011011
10010011000011101
10010011000011111
10010011000100001
10010011000100011
10010011000100101
10010011000100111
10010011000101101
10010011000101111
10010011000110001
10010011000110011
10010011000110101
10010011000110111
10010011000111101
10010011000111111
10010011001000001
10010011001000011
10010011001000101
10010011001000111
10010011001001001
10010011001001011
10010011001001101
10010011001001111
10010011001100001
10010011001100011
10010011001100101
10010011001100111
10010011001101101
10010011001101111
10010011001110001
10010011001110011
10010011011000001
10010011011000011
10010011011000101
10010011011000111
10010011011001001
10010011011001011
10010011011001101
10010011011001111
10010011011100001
10010011011100011
10010011011100101
10010011011100111
10010011011101101
10010011011101111
10010011011110001
10010011011110011
10010011100000001
10010011100000011
10010011100000101
10010011100000111
10010011100001001
10010011100001011
10010011100001101
10010011100001111
10010011100010001
10010011100010011
10010011100010101
10010011100010111
10010011100011001
10010011100011011
10010011100011101
10010011100011111
10010011100100001
10010011100100011
10010011100100101
10010011100100111
10010011100101101
10010011100101111
10010011100110001
10010011100110011
10010011100110101
10010011100110111
10010011100111101
10010011100111111
10010011101000001
10010011101000011
10010011101000101
10010011101000111
10010011101001001
10010011101001011
10010011101001101
10010011101001111
10010011101100001
10010011101100011
10010011101100101
10010011101100111
10010011101101101
10010011101101111
10010011101110001
10010011101110011
10010011110000001
10010011110000011
10010011110000101
10010011110000111
10010011110001001
10010011110001011
10010011110001101
10010011110001111
10010011110010001
10010011110010011
10010011110010101
10010011110010111
10010011110011001
10010011110011011
10010011110011101
10010011110011111
10010011110100001
10010011110100011
10010011110100101
10010011110100111
10010011110101101
10010011110101111
10010011110110001
10010011110110011
10010011110110101
10010011110110111
10010011110111101
10010011110111111
10010011111000001
10010011111000011
10010011111000101
10010011111000111
10010011111001001
10010011111001011
10010011111001101
10010011111001111
10010011111100001
10010011111100011
10010011111100101
10010011111100111
10010011111101101
10010011111101111
10010011111110001
10010011111110011
10010111000000001
10010111000000011
10010111000000101
10010111000000111
10010111000001001
10010111000001011
10010111000001101
10010111000001111
10010111000010001
10010111000010011
10010111000010101
10010111000010111
10010111000011001
10010111000011011
10010111000011101
10010111000011111
10010111000100001
10010111000100011
10010111000100101
10010111000100111
10010111000101101
10010111000101111
10010111000110001
10010111000110011
10010111000110101
10010111000110111
10010111000111101
10010111000111111
10010111001000001
10010111001000011
10010111001000101
10010111001000111
10010111001001001
10010111001001011
10010111001001101
10010111001001111
10010111001100001
10010111001100011
10010111001100101
10010111001100111
10010111001101101
10010111001101111
10010111001110001
10010111001110011
10010111011000001
10010111011000011
10010111011000101
10010111011000111
10010111011001001
10010111011001011
10010111011001101
10010111011001111
10010111011100001
10010111011100011
10010111011100101
10010111011100111
10010111011101101
10010111011101111
10010111011110001
10010111011110011
10010111100000001
10010111100000011
10010111100000101
10010111100000111
10010111100001001
10010111100001011
10010111100001101
10010111100001111
10010111100010001
10010111100010011
10010111100010101
10010111100010111
10010111100011001
10010111100011011
10010111100011101
10010111100011111
10010111100100001
10010111100100011
10010111100100101
10010111100100111
10010111100101101
10010111100101111
10010111100110001
10010111100110011
10010111100110101
10010111100110111
10010111100111101
10010111100111111
10010111101000001
10010111101000011
10010111101000101
10010111101000111
10010111101001001
10010111101001011
10010111101001101
10010111101001111
10010111101100001
10010111101100011
10010111101100101
10010111101100111
10010111101101101
10010111101101111
10010111101110001
10010111101110011
10010111110000001
10010111110000011
10010111110000101
10010111110000111
10010111110001001
10010111110001011
10010111110001101
10010111110001111
10010111110010001
10010111110010011
10010111110010101
10010111110010111
10010111110011001
10010111110011011
10010111110011101
10010111110011111
10010111110100001
10010111110100011
10010111110100101
10010111110100111
10010111110101101
10010111110101111
10010111110110001
10010111110110011
10010111110110101
10010111110110111
10010111110111101
10010111110111111
10010111111000001
10010111111000011
10010111111000101
10010111111000111
10010111111001001
10010111111001011
10010111111001101
10010111111001111
10010111111100001
10010111111100011
10010111111100101
10010111111100111
10010111111101101
10010111111101111
10010111111110001
10010111111110011
10011011000001001
10011011000001011
10011011000011001
10011011000011011
10011011001001001
10011011001001011
10011011011001001
10011011011001011
10011011100001001
10011011100001011
10011011100011001
10011011100011011
10011011101001001
10011011101001011
10011011110001001
10011011110001011
10011011110011001
10011011110011011
10011011111001001
10011011111001011
10011111000001001
10011111000001011
10011111000011001
10011111000011011
10011111001001001
10011111001001011
10011111011001001
10011111011001011
10011111100001001
10011111100001011
10011111100011001
10011111100011011
10011111101001001
10011111101001011
10011111110001001
10011111110001011
10011111110011001
10011111110011011
10011111111001001
10011111111001011
10100011000000001
10100011000000011
10100011000000101
10100011000000111
10100011000001001
10100011000001011
10100011000001101
10100011000001111
10100011000100001
10100011000100011
10100011000100101
10100011000100111
10100011000101101
10100011000101111
10100011000110001
10100011000110011
10100011001000001
10100011001000011
10100011001000101
10100011001000111
10100011001001001
10100011001001011
10100011001001101
10100011001001111
10100011001100001
10100011001100011
10100011001100101
10100011001100111
10100011001101101
10100011001101111
10100011001110001
10100011001110011
10100011011000001
10100011011000011
10100011011000101
10100011011000111
10100011011001001
10100011011001011
10100011011001101
10100011011001111
10100011011100001
10100011011100011
10100011011100101
10100011011100111
10100011011101101
10100011011101111
10100011011110001
10100011011110011
10100011100000001
10100011100000011
10100011100000101
10100011100000111
10100011100001001
10100011100001011
10100011100001101
10100011100001111
10100011100100001
10100011100100011
10100011100100101
10100011100100111
10100011100101101
10100011100101111
10100011100110001
10100011100110011
10100011101000001
10100011101000011
10100011101000101
10100011101000111
10100011101001001
10100011101001011
10100011101001101
10100011101001111
10100011101100001
10100011101100011
10100011101100101
10100011101100111
10100011101101101
10100011101101111
10100011101110001
10100011101110011
10100011110000001
10100011110000011
10100011110000101
10100011110000111
10100011110001001
10100011110001011
10100011110001101
10100011110001111
10100011110100001
10100011110100011
10100011110100101
10100011110100111
10100011110101101
10100011110101111
10100011110110001
10100011110110011
10100011111000001
10100011111000011
10100011111000101
10100011111000111
10100011111001001
10100011111001011
10100011111001101
10100011111001111
10100011111100001
10100011111100011
10100011111100101
10100011111100111
10100011111101101
10100011111101111
10100011111110001
10100011111110011
10100111000000001
10100111000000011
10100111000000101
10100111000000111
10100111000001001
10100111000001011
10100111000001101
10100111000001111
10100111000100001
10100111000100011
10100111000100101
10100111000100111
10100111000101101
10100111000101111
10100111000110001
10100111000110011
10100111001000001
10100111001000011
10100111001000101
10100111001000111
10100111001001001
10100111001001011
10100111001001101
10100111001001111
10100111001100001
10100111001100011
10100111001100101
10100111001100111
10100111001101101
10100111001101111
10100111001110001
10100111001110011
10100111011000001
10100111011000011
10100111011000101
10100111011000111
10100111011001001
10100111011001011
10100111011001101
10100111011001111
10100111011100001
10100111011100011
10100111011100101
10100111011100111
10100111011101101
10100111011101111
10100111011110001
10100111011110011
10100111100000001
10100111100000011
10100111100000101
10100111100000111
10100111100001001
10100111100001011
10100111100001101
10100111100001111
10100111100100001
10100111100100011
10100111100100101
10100111100100111
10100111100101101
10100111100101111
10100111100110001
10100111100110011
10100111101000001
10100111101000011
10100111101000101
10100111101000111
10100111101001001
10100111101001011
10100111101001101
10100111101001111
10100111101100001
10100111101100011
10100111101100101
10100111101100111
10100111101101101
10100111101101111
10100111101110001
10100111101110011
10100111110000001
10100111110000011
10100111110000101
10100111110000111
10100111110001001
10100111110001011
10100111110001101
10100111110001111
10100111110100001
10100111110100011
10100111110100101
10100111110100111
10100111110101101
10100111110101111
10100111110110001
10100111110110011
10100111111000001
10100111111000011
10100111111000101
10100111111000111
10100111111001001
10100111111001011
10100111111001101
10100111111001111
10100111111100001
10100111111100011
10100111111100101
10100111111100111
10100111111101101
10100111111101111
10100111111110001
10100111111110011
10101011000001001
10101011000001011
10101011001001001
10101011001001011
10101011011001001
10101011011001011
10101011100001001
10101011100001011
10101011101001001
10101011101001011
10101011110001001
10101011110001011
10101011111001001
10101011111001011
10101111000001001
10101111000001011
10101111001001001
10101111001001011
10101111011001001
10101111011001011
10101111100001001
10101111100001011
10101111101001001
10101111101001011
10101111110001001
10101111110001011
10101111111001001
10101111111001011
10110011000000001
10110011000000011
10110011000000101
10110011000000111
10110011000001001
10110011000001011
10110011000001101
10110011000001111
10110011000100001
10110011000100011
10110011000100101
10110011000100111
10110011000101101
10110011000101111
10110011000110001
10110011000110011
10110011001000001
10110011001000011
10110011001000101
10110011001000111
10110011001001001
10110011001001011
10110011001001101
10110011001001111
10110011001100001
10110011001100011
10110011001100101
10110011001100111
10110011001101101
10110011001101111
10110011001110001
10110011001110011
10110011011000001
10110011011000011
10110011011000101
10110011011000111
10110011011001001
10110011011001011
10110011011001101
10110011011001111
10110011011100001
10110011011100011
10110011011100101
10110011011100111
10110011011101101
10110011011101111
10110011011110001
10110011011110011
10110011100000001
10110011100000011
10110011100000101
10110011100000111
10110011100001001
10110011100001011
10110011100001101
10110011100001111
10110011100100001
10110011100100011
10110011100100101
10110011100100111
10110011100101101
10110011100101111
10110011100110001
10110011100110011
10110011101000001
10110011101000011
10110011101000101
10110011101000111
10110011101001001
10110011101001011
10110011101001101
10110011101001111
10110011101100001
10110011101100011
10110011101100101
10110011101100111
10110011101101101
10110011101101111
10110011101110001
10110011101110011
10110011110000001
10110011110000011
10110011110000101
10110011110000111
10110011110001001
10110011110001011
10110011110001101
10110011110001111
10110011110100001
10110011110100011
10110011110100101
10110011110100111
10110011110101101
10110011110101111
10110011110110001
10110011110110011
10110011111000001
10110011111000011
10110011111000101
10110011111000111
10110011111001001
10110011111001011
10110011111001101
10110011111001111
10110011111100001
10110011111100011
10110011111100101
10110011111100111
10110011111101101
10110011111101111
10110011111110001
10110011111110011
10110111000000001
10110111000000011
10110111000000101
10110111000000111
10110111000001001
10110111000001011
10110111000001101
10110111000001111
10110111000100001
10110111000100011
10110111000100101
10110111000100111
10110111000101101
10110111000101111
10110111000110001
10110111000110011
10110111001000001
10110111001000011
10110111001000101
10110111001000111
10110111001001001
10110111001001011
10110111001001101
10110111001001111
10110111001100001
10110111001100011
10110111001100101
10110111001100111
10110111001101101
10110111001101111
10110111001110001
10110111001110011
10110111011000001
10110111011000011
10110111011000101
10110111011000111
10110111011001001
10110111011001011
10110111011001101
10110111011001111
10110111011100001
10110111011100011
10110111011100101
10110111011100111
10110111011101101
10110111011101111
10110111011110001
10110111011110011
10110111100000001
10110111100000011
10110111100000101
10110111100000111
10110111100001001
10110111100001011
10110111100001101
10110111100001111
10110111100100001
10110111100100011
10110111100100101
10110111100100111
10110111100101101
10110111100101111
10110111100110001
10110111100110011
10110111101000001
10110111101000011
10110111101000101
10110111101000111
10110111101001001
10110111101001011
10110111101001101
10110111101001111
10110111101100001
10110111101100011
10110111101100101
10110111101100111
10110111101101101
10110111101101111
10110111101110001
10110111101110011
10110111110000001
10110111110000011
10110111110000101
10110111110000111
10110111110001001
10110111110001011
10110111110001101
10110111110001111
10110111110100001
10110111110100011
10110111110100101
10110111110100111
10110111110101101
10110111110101111
10110111110110001
10110111110110011
10110111111000001
10110111111000011
10110111111000101
10110111111000111
10110111111001001
10110111111001011
10110111111001101
10110111111001111
10110111111100001
10110111111100011
10110111111100101
10110111111100111
10110111111101101
10110111111101111
10110111111110001
10110111111110011
10111011000001001
10111011000001011
10111011001001001
10111011001001011
10111011011001001
10111011011001011
10111011100001001
10111011100001011
10111011101001001
10111011101001011
10111011110001001
10111011110001011
10111011111001001
10111011111001011
10111111000001001
10111111000001011
10111111001001001
10111111001001011
10111111011001001
10111111011001011
10111111100001001
10111111100001011
10111111101001001
10111111101001011
10111111110001001
10111111110001011
10111111111001001
10111111111001011
11000011000000001
11000011000000011
11000011000000101
11000011000000111
11000011000001001
11000011000001011
11000011000001101
11000011000001111
11000011000010001
11000011000010011
11000011000010101
11000011000010111
11000011000011001
11000011000011011
11000011000011101
11000011000011111
11000011000100001
11000011000100011
11000011000100101
11000011000100111
11000011000101101
11000011000101111
11000011000110001
11000011000110011
11000011000110101
11000011000110111
11000011000111101
11000011000111111
11000011001000001
11000011001000011
11000011001000101
11000011001000111
11000011001001001
11000011001001011
11000011001001101
11000011001001111
11000011001100001
11000011001100011
11000011001100101
11000011001100111
11000011001101101
11000011001101111
11000011011000001
11000011011000011
11000011011000101
11000011011000111
11000011011001001
11000011011001011
11000011011001101
11000011011001111
11000011011100001
11000011011100011
11000011011100101
11000011011100111
11000011011101101
11000011011101111
11000011100000001
11000011100000011
11000011100000101
11000011100000111
11000011100001001
11000011100001011
11000011100001101
11000011100001111
11000011100010001
11000011100010011
11000011100010101
11000011100010111
11000011100011001
11000011100011011
11000011100011101
11000011100011111
11000011100100001
11000011100100011
11000011100100101
11000011100100111
11000011100101101
11000011100101111
11000011100110001
11000011100110011
11000011100110101
11000011100110111
11000011100111101
11000011100111111
11000011101000001
11000011101000011
11000011101000101
11000011101000111
11000011101001001
11000011101001011
11000011101001101
11000011101001111
11000011101100001
11000011101100011
11000011101100101
11000011101100111
11000011101101101
11000011101101111
11000011110000001
11000011110000011
11000011110000101
11000011110000111
11000011110001001
11000011110001011
11000011110001101
11000011110001111
11000011110010001
11000011110010011
11000011110010101
11000011110010111
11000011110011001
11000011110011011
11000011110011101
11000011110011111
11000011110100001
11000011110100011
11000011110100101
11000011110100111
11000011110101101
11000011110101111
11000011110110001
11000011110110011
11000011110110101
11000011110110111
11000011110111101
11000011110111111
11000011111000001
11000011111000011
11000011111000101
11000011111000111
11000011111001001
11000011111001011
11000011111001101
11000011111001111
11000011111100001
11000011111100011
11000011111100101
11000011111100111
11000011111101101
11000011111101111
11000111000000001
11000111000000011
11000111000000101
11000111000000111
11000111000001001
11000111000001011
11000111000001101
11000111000001111
11000111000010001
11000111000010011
11000111000010101
11000111000010111
11000111000011001
11000111000011011
11000111000011101
11000111000011111
11000111000100001
11000111000100011
11000111000100101
11000111000100111
11000111000101101
11000111000101111
11000111000110001
11000111000110011
11000111000110101
11000111000110111
11000111000111101
11000111000111111
11000111001000001
11000111001000011
11000111001000101
11000111001000111
11000111001001001
11000111001001011
11000111001001101
11000111001001111
11000111001100001
11000111001100011
11000111001100101
11000111001100111
11000111001101101
11000111001101111
11000111011000001
11000111011000011
11000111011000101
11000111011000111
11000111011001001
11000111011001011
11000111011001101
11000111011001111
11000111011100001
11000111011100011
11000111011100101
11000111011100111
11000111011101101
11000111011101111
11000111100000001
11000111100000011
11000111100000101
11000111100000111
11000111100001001
11000111100001011
11000111100001101
11000111100001111
11000111100010001
11000111100010011
11000111100010101
11000111100010111
11000111100011001
11000111100011011
11000111100011101
11000111100011111
11000111100100001
11000111100100011
11000111100100101
11000111100100111
11000111100101101
11000111100101111
11000111100110001
11000111100110011
11000111100110101
11000111100110111
11000111100111101
11000111100111111
11000111101000001
11000111101000011
11000111101000101
11000111101000111
11000111101001001
11000111101001011
11000111101001101
11000111101001111
11000111101100001
11000111101100011
11000111101100101
11000111101100111
11000111101101101
11000111101101111
11000111110000001
11000111110000011
11000111110000101
11000111110000111
11000111110001001
11000111110001011
11000111110001101
11000111110001111
11000111110010001
11000111110010011
11000111110010101
11000111110010111
11000111110011001
11000111110011011
11000111110011101
11000111110011111
11000111110100001
11000111110100011
11000111110100101
11000111110100111
11000111110101101
11000111110101111
11000111110110001
11000111110110011
11000111110110101
11000111110110111
11000111110111101
11000111110111111
11000111111000001
11000111111000011
11000111111000101
11000111111000111
11000111111001001
11000111111001011
11000111111001101
11000111111001111
11000111111100001
11000111111100011
11000111111100101
11000111111100111
11000111111101101
11000111111101111
11001011000001001
11001011000001011
11001011000011001
11001011000011011
11001011001001001
11001011001001011
11001011011001001
11001011011001011
11001011100001001
11001011100001011
11001011100011001
11001011100011011
11001011101001001
11001011101001011
11001011110001001
11001011110001011
11001011110011001
11001011110011011
11001011111001001
11001011111001011
11001111000001001
11001111000001011
11001111000011001
11001111000011011
11001111001001001
11001111001001011
11001111011001001
11001111011001011
11001111100001001
11001111100001011
11001111100011001
11001111100011011
11001111101001001
11001111101001011
11001111110001001
11001111110001011
11001111110011001
11001111110011011
11001111111001001
11001111111001011
11010011000000001
11010011000000011
11010011000000101
11010011000000111
11010011000001001
11010011000001011
11010011000001101
11010011000001111
11010011000010001
11010011000010011
11010011000010101
11010011000010111
11010011000011001
11010011000011011
11010011000011101
11010011000011111
11010011000100001
11010011000100011
11010011000100101
11010011000100111
11010011000101101
11010011000101111
11010011000110001
11010011000110011
11010011000110101
11010011000110111
11010011000111101
11010011000111111
11010011001000001
11010011001000011
11010011001000101
11010011001000111
11010011001001001
11010011001001011
11010011001001101
11010011001001111
11010011001100001
11010011001100011
11010011001100101
11010011001100111
11010011001101101
11010011001101111
11010011011000001
11010011011000011
11010011011000101
11010011011000111
11010011011001001
11010011011001011
11010011011001101
11010011011001111
11010011011100001
11010011011100011
11010011011100101
11010011011100111
11010011011101101
11010011011101111
11010011100000001
11010011100000011
11010011100000101
11010011100000111
11010011100001001
11010011100001011
11010011100001101
11010011100001111
11010011100010001
11010011100010011
11010011100010101
11010011100010111
11010011100011001
11010011100011011
11010011100011101
11010011100011111
11010011100100001
11010011100100011
11010011100100101
11010011100100111
11010011100101101
11010011100101111
11010011100110001
11010011100110011
11010011100110101
11010011100110111
11010011100111101
11010011100111111
11010011101000001
11010011101000011
11010011101000101
11010011101000111
11010011101001001
11010011101001011
11010011101001101
11010011101001111
11010011101100001
11010011101100011
11010011101100101
11010011101100111
11010011101101101
11010011101101111
11010011110000001
11010011110000011
11010011110000101
11010011110000111
11010011110001001
11010011110001011
11010011110001101
11010011110001111
11010011110010001
11010011110010011
11010011110010101
11010011110010111
11010011110011001
11010011110011011
11010011110011101
11010011110011111
11010011110100001
11010011110100011
11010011110100101
11010011110100111
11010011110101101
11010011110101111
11010011110110001
11010011110110011
11010011110110101
11010011110110111
11010011110111101
11010011110111111
11010011111000001
11010011111000011
11010011111000101
11010011111000111
11010011111001001
11010011111001011
11010011111001101
11010011111001111
11010011111100001
11010011111100011
11010011111100101
11010011111100111
11010011111101101
11010011111101111
11010111000000001
11010111000000011
11010111000000101
11010111000000111
11010111000001001
11010111000001011
11010111000001101
11010111000001111
11010111000010001
11010111000010011
11010111000010101
11010111000010111
11010111000011001
11010111000011011
11010111000011101
11010111000011111
11010111000100001
11010111000100011
11010111000100101
11010111000100111
11010111000101101
11010111000101111
11010111000110001
11010111000110011
11010111000110101
11010111000110111
11010111000111101
11010111000111111
11010111001000001
11010111001000011
11010111001000101
11010111001000111
11010111001001001
11010111001001011
11010111001001101
11010111001001111
11010111001100001
11010111001100011
11010111001100101
11010111001100111
11010111001101101
11010111001101111
11010111011000001
11010111011000011
11010111011000101
11010111011000111
11010111011001001
11010111011001011
11010111011001101
11010111011001111
11010111011100001
11010111011100011
11010111011100101
11010111011100111
11010111011101101
11010111011101111
11010111100000001
11010111100000011
11010111100000101
11010111100000111
11010111100001001
11010111100001011
11010111100001101
11010111100001111
11010111100010001
11010111100010011
11010111100010101
11010111100010111
11010111100011001
11010111100011011
11010111100011101
11010111100011111
11010111100100001
11010111100100011
11010111100100101
11010111100100111
11010111100101101
11010111100101111
11010111100110001
11010111100110011
11010111100110101
11010111100110111
11010111100111101
11010111100111111
11010111101000001
11010111101000011
11010111101000101
11010111101000111
11010111101001001
11010111101001011
11010111101001101
11010111101001111
11010111101100001
11010111101100011
11010111101100101
11010111101100111
11010111101101101
11010111101101111
11010111110000001
11010111110000011
11010111110000101
11010111110000111
11010111110001001
11010111110001011
11010111110001101
11010111110001111
11010111110010001
11010111110010011
11010111110010101
11010111110010111
11010111110011001
11010111110011011
11010111110011101
11010111110011111
11010111110100001
11010111110100011
11010111110100101
11010111110100111
11010111110101101
11010111110101111
11010111110110001
11010111110110011
11010111110110101
11010111110110111
11010111110111101
11010111110111111
11010111111000001
11010111111000011
11010111111000101
11010111111000111
11010111111001001
11010111111001011
11010111111001101
11010111111001111
11010111111100001
11010111111100011
11010111111100101
11010111111100111
11010111111101101
11010111111101111
11011011000001001
11011011000001011
11011011000011001
11011011000011011
11011011001001001
11011011001001011
11011011011001001
11011011011001011
11011011100001001
11011011100001011
11011011100011001
11011011100011011
11011011101001001
11011011101001011
11011011110001001
11011011110001011
11011011110011001
11011011110011011
11011011111001001
11011011111001011
11011111000001001
11011111000001011
11011111000011001
11011111000011011
11011111001001001
11011111001001011
11011111011001001
11011111011001011
11011111100001001
11011111100001011
11011111100011001
11011111100011011
11011111101001001
11011111101001011
11011111110001001
11011111110001011
11011111110011001
11011111110011011
11011111111001001
11011111111001011
11100011000000001
11100011000000011
11100011000000101
11100011000000111
11100011000001001
11100011000001011
11100011000001101
11100011000001111
11100011000100001
11100011000100011
11100011000100101
11100011000100111
11100011000101101
11100011000101111
11100011001000001
11100011001000011
11100011001000101
11100011001000111
11100011001001001
11100011001001011
11100011001001101
11100011001001111
11100011001100001
11100011001100011
11100011001100101
11100011001100111
11100011001101101
11100011001101111
11100011011000001
11100011011000011
11100011011000101
11100011011000111
11100011011001001
11100011011001011
11100011011001101
11100011011001111
11100011011100001
11100011011100011
11100011011100101
11100011011100111
11100011011101101
11100011011101111
11100011100000001
11100011100000011
11100011100000101
11100011100000111
11100011100001001
11100011100001011
11100011100001101
11100011100001111
11100011100100001
11100011100100011
11100011100100101
11100011100100111
11100011100101101
11100011100101111
11100011101000001
11100011101000011
11100011101000101
11100011101000111
11100011101001001
11100011101001011
11100011101001101
11100011101001111
11100011101100001
11100011101100011
11100011101100101
11100011101100111
11100011101101101
11100011101101111
11100011110000001
11100011110000011
11100011110000101
11100011110000111
11100011110001001
11100011110001011
11100011110001101
11100011110001111
11100011110100001
11100011110100011
11100011110100101
11100011110100111
11100011110101101
11100011110101111
11100011111000001
11100011111000011
11100011111000101
11100011111000111
11100011111001001
11100011111001011
11100011111001101
11100011111001111
11100011111100001
11100011111100011
11100011111100101
11100011111100111
11100011111101101
11100011111101111
11100111000000001
11100111000000011
11100111000000101
11100111000000111
11100111000001001
11100111000001011
11100111000001101
11100111000001111
11100111000100001
11100111000100011
11100111000100101
11100111000100111
11100111000101101
11100111000101111
11100111001000001
11100111001000011
11100111001000101
11100111001000111
11100111001001001
11100111001001011
11100111001001101
11100111001001111
11100111001100001
11100111001100011
11100111001100101
11100111001100111
11100111001101101
11100111001101111
11100111011000001
11100111011000011
11100111011000101
11100111011000111
11100111011001001
11100111011001011
11100111011001101
11100111011001111
11100111011100001
11100111011100011
11100111011100101
11100111011100111
11100111011101101
11100111011101111
11100111100000001
11100111100000011
11100111100000101
11100111100000111
11100111100001001
11100111100001011
11100111100001101
11100111100001111
11100111100100001
11100111100100011
11100111100100101
11100111100100111
11100111100101101
11100111100101111
11100111101000001
11100111101000011
11100111101000101
11100111101000111
11100111101001001
11100111101001011
11100111101001101
11100111101001111
11100111101100001
11100111101100011
11100111101100101
11100111101100111
11100111101101101
11100111101101111
11100111110000001
11100111110000011
11100111110000101
11100111110000111
11100111110001001
11100111110001011
11100111110001101
11100111110001111
11100111110100001
11100111110100011
11100111110100101
11100111110100111
11100111110101101
11100111110101111
11100111111000001
11100111111000011
11100111111000101
11100111111000111
11100111111001001
11100111111001011
11100111111001101
11100111111001111
11100111111100001
11100111111100011
11100111111100101
11100111111100111
11100111111101101
11100111111101111
11101011000001001
11101011000001011
11101011001001001
11101011001001011
11101011011001001
11101011011001011
11101011100001001
11101011100001011
11101011101001001
11101011101001011
11101011110001001
11101011110001011
11101011111001001
11101011111001011
11101111000001001
11101111000001011
11101111001001001
11101111001001011
11101111011001001
11101111011001011
11101111100001001
11101111100001011
11101111101001001
11101111101001011
11101111110001001
11101111110001011
11101111111001001
11101111111001011
11110011000000001
11110011000000011
11110011000000101
11110011000000111
11110011000001001
11110011000001011
11110011000001101
11110011000001111
11110011000100001
11110011000100011
11110011000100101
11110011000100111
11110011000101101
11110011000101111
11110011001000001
11110011001000011
11110011001000101
11110011001000111
11110011001001001
11110011001001011
11110011001001101
11110011001001111
11110011001100001
11110011001100011
11110011001100101
11110011001100111
11110011001101101
11110011001101111
11110011011000001
11110011011000011
11110011011000101
11110011011000111
11110011011001001
11110011011001011
11110011011001101
11110011011001111
11110011011100001
11110011011100011
11110011011100101
11110011011100111
11110011011101101
11110011011101111
11110011100000001
11110011100000011
11110011100000101
11110011100000111
11110011100001001
11110011100001011
11110011100001101
11110011100001111
11110011100100001
11110011100100011
11110011100100101
11110011100100111
11110011100101101
11110011100101111
11110011101000001
11110011101000011
11110011101000101
11110011101000111
11110011101001001
11110011101001011
11110011101001101
11110011101001111
11110011101100001
11110011101100011
11110011101100101
11110011101100111
11110011101101101
11110011101101111
11110011110000001
11110011110000011
11110011110000101
11110011110000111
11110011110001001
11110011110001011
11110011110001101
11110011110001111
11110011110100001
11110011110100011
11110011110100101
11110011110100111
11110011110101101
11110011110101111
11110011111000001
11110011111000011
11110011111000101
11110011111000111
11110011111001001
11110011111001011
11110011111001101
11110011111001111
11110011111100001
11110011111100011
11110011111100101
11110011111100111
11110011111101101
11110011111101111
11110111000000001
11110111000000011
11110111000000101
11110111000000111
11110111000001001
11110111000001011
11110111000001101
11110111000001111
11110111000100001
11110111000100011
11110111000100101
11110111000100111
11110111000101101
11110111000101111
11110111001000001
11110111001000011
11110111001000101
11110111001000111
11110111001001001
11110111001001011
11110111001001101
11110111001001111
11110111001100001
11110111001100011
11110111001100101
11110111001100111
11110111001101101
11110111001101111
11110111011000001
11110111011000011
11110111011000101
11110111011000111
11110111011001001
11110111011001011
11110111011001101
11110111011001111
11110111011100001
11110111011100011
11110111011100101
11110111011100111
11110111011101101
11110111011101111
11110111100000001
11110111100000011
11110111100000101
11110111100000111
11110111100001001
11110111100001011
11110111100001101
11110111100001111
11110111100100001
11110111100100011
11110111100100101
11110111100100111
11110111100101101
11110111100101111
11110111101000001
11110111101000011
11110111101000101
11110111101000111
11110111101001001
11110111101001011
11110111101001101
11110111101001111
11110111101100001
11110111101100011
11110111101100101
11110111101100111
11110111101101101
11110111101101111
11110111110000001
11110111110000011
11110111110000101
11110111110000111
11110111110001001
11110111110001011
11110111110001101
11110111110001111
11110111110100001
11110111110100011
11110111110100101
11110111110100111
11110111110101101
11110111110101111
11110111111000001
11110111111000011
11110111111000101
11110111111000111
11110111111001001
11110111111001011
11110111111001101
11110111111001111
11110111111100001
11110111111100011
11110111111100101
11110111111100111
11110111111101101
11110111111101111
11111011000001001
11111011000001011
11111011001001001
11111011001001011
11111011011001001
11111011011001011
11111011100001001
11111011100001011
11111011101001001
11111011101001011
11111011110001001
11111011110001011
11111011111001001
11111011111001011
11111111000001001
11111111000001011
11111111001001001
11111111001001011
11111111011001001
11111111011001011
11111111100001001
11111111100001011
11111111101001001
11111111101001011
11111111110001001
11111111110001011
11111111111001001
11111111111001011
