10000001000000001
10000001000000011
10000001000000101
10000001000000111
10000001000001001
10000001000001011
10000001000001101
10000001000001111
10000001000010001
10000001000010011
10000001000010101
10000001000010111
10000001000011001
10000001000011011
10000001000011101
10000001000011111
10000001000100001
10000001000100011
10000001000100101
10000001000100111
10000001000101001
10000001000101011
10000001000101101
10000001000101111
10000001000110001
10000001000110011
10000001000110101
10000001000110111
10000001000111001
10000001000111011
10000001000111101
10000001000111111
10000001001000001
10000001001000011
10000001001000101
10000001001000111
10000001001001001
10000001001001011
10000001001001101
10000001001001111
10000001001100001
10000001001100011
10000001001100101
10000001001100111
10000001001101001
10000001001101011
10000001001101101
10000001001101111
10000001001110001
10000001001110011
10000001010000001
10000001010000011
10000001010000101
10000001010000111
10000001010001001
10000001010001011
10000001010001101
10000001010001111
10000001010010001
10000001010010011
10000001010010101
10000001010010111
10000001010011001
10000001010011011
10000001010011101
10000001010011111
10000001010100001
10000001010100011
10000001010100101
10000001010100111
10000001010101001
10000001010101011
10000001010101101
10000001010101111
10000001010110001
10000001010110011
10000001010110101
10000001010110111
10000001010111001
10000001010111011
10000001010111101
10000001010111111
10000001011000001
10000001011000011
10000001011000101
10000001011000111
10000001011001001
10000001011001011
10000001011001101
10000001011001111
10000001011100001
10000001011100011
10000001011100101
10000001011100111
10000001011101001
10000001011101011
10000001011101101
10000001011101111
10000001011110001
10000001011110011
10000001100000001
10000001100000011
10000001100000101
10000001100000111
10000001100001001
10000001100001011
10000001100001101
10000001100001111
10000001100010001
10000001100010011
10000001100010101
10000001100010111
10000001100011001
10000001100011011
10000001100011101
10000001100011111
10000001100100001
10000001100100011
10000001100100101
10000001100100111
10000001100101001
10000001100101011
10000001100101101
10000001100101111
10000001100110001
10000001100110011
10000001100110101
10000001100110111
10000001100111001
10000001100111011
10000001100111101
10000001100111111
10000001101000001
10000001101000011
10000001101000101
10000001101000111
10000001101001001
10000001101001011
10000001101001101
10000001101001111
10000001101100001
10000001101100011
10000001101100101
10000001101100111
10000001101101001
10000001101101011
10000001101101101
10000001101101111
10000001101110001
10000001101110011
10000001110000001
10000001110000011
10000001110000101
10000001110000111
10000001110001001
10000001110001011
10000001110001101
10000001110001111
10000001110010001
10000001110010011
10000001110010101
10000001110010111
10000001110011001
10000001110011011
10000001110011101
10000001110011111
10000001110100001
10000001110100011
10000001110100101
10000001110100111
10000001110101001
10000001110101011
10000001110101101
10000001110101111
10000001110110001
10000001110110011
10000001110110101
10000001110110111
10000001110111001
10000001110111011
10000001110111101
10000001110111111
10000001111000001
10000001111000011
10000001111000101
10000001111000111
10000001111001001
10000001111001011
10000001111001101
10000001111001111
10000001111100001
10000001111100011
10000001111100101
10000001111100111
10000001111101001
10000001111101011
10000001111101101
10000001111101111
10000001111110001
10000001111110011
10000011000101001
10000011000101011
10000011000111001
10000011000111011
10000011001101001
10000011001101011
10000011010000001
10000011010000011
10000011010000101
10000011010000111
10000011010001001
10000011010001011
10000011010001101
10000011010001111
10000011010010001
10000011010010011
10000011010010101
10000011010010111
10000011010011001
10000011010011011
10000011010011101
10000011010011111
10000011010100001
10000011010100011
10000011010100101
10000011010100111
10000011010101001
10000011010101011
10000011010101101
10000011010101111
10000011010110001
10000011010110011
10000011010110101
10000011010110111
10000011010111001
10000011010111011
10000011010111101
10000011010111111
10000011011101001
10000011011101011
10000011100101001
10000011100101011
10000011100111001
10000011100111011
10000011101101001
10000011101101011
10000011110101001
10000011110101011
10000011110111001
10000011110111011
10000011111101001
10000011111101011
10000101000000001
10000101000000011
10000101000000101
10000101000000111
10000101000001001
10000101000001011
10000101000001101
10000101000001111
10000101000010001
10000101000010011
10000101000010101
10000101000010111
10000101000011001
10000101000011011
10000101000011101
10000101000011111
10000101000100001
10000101000100011
10000101000100101
10000101000100111
10000101000101101
10000101000101111
10000101000110001
10000101000110011
10000101000110101
10000101000110111
10000101000111101
10000101000111111
10000101001000001
10000101001000011
10000101001000101
10000101001000111
10000101001001001
10000101001001011
10000101001001101
10000101001001111
10000101001100001
10000101001100011
10000101001100101
10000101001100111
10000101001101101
10000101001101111
10000101001110001
10000101001110011
10000101010000001
10000101010000011
10000101010000101
10000101010000111
10000101010001001
10000101010001011
10000101010001101
10000101010001111
10000101010010001
10000101010010011
10000101010010101
10000101010010111
10000101010011001
10000101010011011
10000101010011101
10000101010011111
10000101010100001
10000101010100011
10000101010100101
10000101010100111
10000101010101101
10000101010101111
10000101010110001
10000101010110011
10000101010110101
10000101010110111
10000101010111101
10000101010111111
10000101011000001
10000101011000011
10000101011000101
10000101011000111
10000101011001001
10000101011001011
10000101011001101
10000101011001111
10000101011100001
10000101011100011
10000101011100101
10000101011100111
10000101011101101
10000101011101111
10000101011110001
10000101011110011
10000101100000001
10000101100000011
10000101100000101
10000101100000111
10000101100001001
10000101100001011
10000101100001101
10000101100001111
10000101100010001
10000101100010011
10000101100010101
10000101100010111
10000101100011001
10000101100011011
10000101100011101
10000101100011111
10000101100100001
10000101100100011
10000101100100101
10000101100100111
10000101100101101
10000101100101111
10000101100110001
10000101100110011
10000101100110101
10000101100110111
10000101100111101
10000101100111111
10000101101000001
10000101101000011
10000101101000101
10000101101000111
10000101101001001
10000101101001011
10000101101001101
10000101101001111
10000101101100001
10000101101100011
10000101101100101
10000101101100111
10000101101101101
10000101101101111
10000101101110001
10000101101110011
10000101110000001
10000101110000011
10000101110000101
10000101110000111
10000101110001001
10000101110001011
10000101110001101
10000101110001111
10000101110010001
10000101110010011
10000101110010101
10000101110010111
10000101110011001
10000101110011011
10000101110011101
10000101110011111
10000101110100001
10000101110100011
10000101110100101
10000101110100111
10000101110101101
10000101110101111
10000101110110001
10000101110110011
10000101110110101
10000101110110111
10000101110111101
10000101110111111
10000101111000001
10000101111000011
10000101111000101
10000101111000111
10000101111001001
10000101111001011
10000101111001101
10000101111001111
10000101111100001
10000101111100011
10000101111100101
10000101111100111
10000101111101101
10000101111101111
10000101111110001
10000101111110011
10000111010000001
10000111010000011
10000111010000101
10000111010000111
10000111010001001
10000111010001011
10000111010001101
10000111010001111
10000111010010001
10000111010010011
10000111010010101
10000111010010111
10000111010011001
10000111010011011
10000111010011101
10000111010011111
10000111010100001
10000111010100011
10000111010100101
10000111010100111
10000111010101101
10000111010101111
10000111010110001
10000111010110011
10000111010110101
10000111010110111
10000111010111101
10000111010111111
10001001000001001
10001001000001011
10001001000011001
10001001000011011
10001001000101001
10001001000101011
10001001000111001
10001001000111011
10001001001001001
10001001001001011
10001001001101001
10001001001101011
10001001010001001
10001001010001011
10001001010011001
10001001010011011
10001001010101001
10001001010101011
10001001010111001
10001001010111011
10001001011001001
10001001011001011
10001001011101001
10001001011101011
10001001100001001
10001001100001011
10001001100011001
10001001100011011
10001001100101001
10001001100101011
10001001100111001
10001001100111011
10001001101001001
10001001101001011
10001001101101001
10001001101101011
10001001110001001
10001001110001011
10001001110011001
10001001110011011
10001001110101001
10001001110101011
10001001110111001
10001001110111011
10001001111001001
10001001111001011
10001001111101001
10001001111101011
10001011000101001
10001011000101011
10001011000111001
10001011000111011
10001011001101001
10001011001101011
10001011010001001
10001011010001011
10001011010011001
10001011010011011
10001011010101001
10001011010101011
10001011010111001
10001011010111011
10001011011101001
10001011011101011
10001011100101001
10001011100101011
10001011100111001
10001011100111011
10001011101101001
10001011101101011
10001011110101001
10001011110101011
10001011110111001
10001011110111011
10001011111101001
10001011111101011
10001101000001001
10001101000001011
10001101000011001
10001101000011011
10001101001001001
10001101001001011
10001101010001001
10001101010001011
10001101010011001
10001101010011011
10001101011001001
10001101011001011
10001101100001001
10001101100001011
10001101100011001
10001101100011011
10001101101001001
10001101101001011
10001101110001001
10001101110001011
10001101110011001
10001101110011011
10001101111001001
10001101111001011
10001111010001001
10001111010001011
10001111010011001
10001111010011011
10010001000000001
10010001000000011
10010001000000101
10010001000000111
10010001000001001
10010001000001011
10010001000001101
10010001000001111
10010001000010001
10010001000010011
10010001000010101
10010001000010111
10010001000011001
10010001000011011
10010001000011101
10010001000011111
10010001000100001
10010001000100011
10010001000100101
10010001000100111
10010001000101001
10010001000101011
10010001000101101
10010001000101111
10010001000110001
10010001000110011
10010001000110101
10010001000110111
10010001000111001
10010001000111011
10010001000111101
10010001000111111
10010001001000001
10010001001000011
10010001001000101
10010001001000111
10010001001001001
10010001001001011
10010001001001101
10010001001001111
10010001001100001
10010001001100011
10010001001100101
10010001001100111
10010001001101001
10010001001101011
10010001001101101
10010001001101111
10010001001110001
10010001001110011
10010001010000001
10010001010000011
10010001010000101
10010001010000111
10010001010001001
10010001010001011
10010001010001101
10010001010001111
10010001010010001
10010001010010011
10010001010010101
10010001010010111
10010001010011001
10010001010011011
10010001010011101
10010001010011111
10010001010100001
10010001010100011
10010001010100101
10010001010100111
10010001010101001
10010001010101011
10010001010101101
10010001010101111
10010001010110001
10010001010110011
10010001010110101
10010001010110111
10010001010111001
10010001010111011
10010001010111101
10010001010111111
10010001011000001
10010001011000011
10010001011000101
10010001011000111
10010001011001001
10010001011001011
10010001011001101
10010001011001111
10010001011100001
10010001011100011
10010001011100101
10010001011100111
10010001011101001
10010001011101011
10010001011101101
10010001011101111
10010001011110001
10010001011110011
10010001100000001
10010001100000011
10010001100000101
10010001100000111
10010001100001001
10010001100001011
10010001100001101
10010001100001111
10010001100010001
10010001100010011
10010001100010101
10010001100010111
10010001100011001
10010001100011011
10010001100011101
10010001100011111
10010001100100001
10010001100100011
10010001100100101
10010001100100111
10010001100101001
10010001100101011
10010001100101101
10010001100101111
10010001100110001
10010001100110011
10010001100110101
10010001100110111
10010001100111001
10010001100111011
10010001100111101
10010001100111111
10010001101000001
10010001101000011
10010001101000101
10010001101000111
10010001101001001
10010001101001011
10010001101001101
10010001101001111
10010001101100001
10010001101100011
10010001101100101
10010001101100111
10010001101101001
10010001101101011
10010001101101101
10010001101101111
10010001101110001
10010001101110011
10010001110000001
10010001110000011
10010001110000101
10010001110000111
10010001110001001
10010001110001011
10010001110001101
10010001110001111
10010001110010001
10010001110010011
10010001110010101
10010001110010111
10010001110011001
10010001110011011
10010001110011101
10010001110011111
10010001110100001
10010001110100011
10010001110100101
10010001110100111
10010001110101001
10010001110101011
10010001110101101
10010001110101111
10010001110110001
10010001110110011
10010001110110101
10010001110110111
10010001110111001
10010001110111011
10010001110111101
10010001110111111
10010001111000001
10010001111000011
10010001111000101
10010001111000111
10010001111001001
10010001111001011
10010001111001101
10010001111001111
10010001111100001
10010001111100011
10010001111100101
10010001111100111
10010001111101001
10010001111101011
10010001111101101
10010001111101111
10010001111110001
10010001111110011
10010011000101001
10010011000101011
10010011000111001
10010011000111011
10010011001101001
10010011001101011
10010011010000001
10010011010000011
10010011010000101
10010011010000111
10010011010001001
10010011010001011
10010011010001101
10010011010001111
10010011010010001
10010011010010011
10010011010010101
10010011010010111
10010011010011001
10010011010011011
10010011010011101
10010011010011111
10010011010100001
10010011010100011
10010011010100101
10010011010100111
10010011010101001
10010011010101011
10010011010101101
10010011010101111
10010011010110001
10010011010110011
10010011010110101
10010011010110111
10010011010111001
10010011010111011
10010011010111101
10010011010111111
10010011011101001
10010011011101011
10010011100101001
10010011100101011
10010011100111001
10010011100111011
10010011101101001
10010011101101011
10010011110101001
10010011110101011
10010011110111001
10010011110111011
10010011111101001
10010011111101011
10010101000000001
10010101000000011
10010101000000101
10010101000000111
10010101000001001
10010101000001011
10010101000001101
10010101000001111
10010101000010001
10010101000010011
10010101000010101
10010101000010111
10010101000011001
10010101000011011
10010101000011101
10010101000011111
10010101000100001
10010101000100011
10010101000100101
10010101000100111
10010101000101101
10010101000101111
10010101000110001
10010101000110011
10010101000110101
10010101000110111
10010101000111101
10010101000111111
10010101001000001
10010101001000011
10010101001000101
10010101001000111
10010101001001001
10010101001001011
10010101001001101
10010101001001111
10010101001100001
10010101001100011
10010101001100101
10010101001100111
10010101001101101
10010101001101111
10010101001110001
10010101001110011
10010101010000001
10010101010000011
10010101010000101
10010101010000111
10010101010001001
10010101010001011
10010101010001101
10010101010001111
10010101010010001
10010101010010011
10010101010010101
10010101010010111
10010101010011001
10010101010011011
10010101010011101
10010101010011111
10010101010100001
10010101010100011
10010101010100101
10010101010100111
10010101010101101
10010101010101111
10010101010110001
10010101010110011
10010101010110101
10010101010110111
10010101010111101
10010101010111111
10010101011000001
10010101011000011
10010101011000101
10010101011000111
10010101011001001
10010101011001011
10010101011001101
10010101011001111
10010101011100001
10010101011100011
10010101011100101
10010101011100111
10010101011101101
10010101011101111
10010101011110001
10010101011110011
10010101100000001
10010101100000011
10010101100000101
10010101100000111
10010101100001001
10010101100001011
10010101100001101
10010101100001111
10010101100010001
10010101100010011
10010101100010101
10010101100010111
10010101100011001
10010101100011011
10010101100011101
10010101100011111
10010101100100001
10010101100100011
10010101100100101
10010101100100111
10010101100101101
10010101100101111
10010101100110001
10010101100110011
10010101100110101
10010101100110111
10010101100111101
10010101100111111
10010101101000001
10010101101000011
10010101101000101
10010101101000111
10010101101001001
10010101101001011
10010101101001101
10010101101001111
10010101101100001
10010101101100011
10010101101100101
10010101101100111
10010101101101101
10010101101101111
10010101101110001
10010101101110011
10010101110000001
10010101110000011
10010101110000101
10010101110000111
10010101110001001
10010101110001011
10010101110001101
10010101110001111
10010101110010001
10010101110010011
10010101110010101
10010101110010111
10010101110011001
10010101110011011
10010101110011101
10010101110011111
10010101110100001
10010101110100011
10010101110100101
10010101110100111
10010101110101101
10010101110101111
10010101110110001
10010101110110011
10010101110110101
10010101110110111
10010101110111101
10010101110111111
10010101111000001
10010101111000011
10010101111000101
10010101111000111
10010101111001001
10010101111001011
10010101111001101
10010101111001111
10010101111100001
10010101111100011
10010101111100101
10010101111100111
10010101111101101
10010101111101111
10010101111110001
10010101111110011
10010111010000001
10010111010000011
10010111010000101
10010111010000111
10010111010001001
10010111010001011
10010111010001101
10010111010001111
10010111010010001
10010111010010011
10010111010010101
10010111010010111
10010111010011001
10010111010011011
10010111010011101
10010111010011111
10010111010100001
10010111010100011
10010111010100101
10010111010100111
10010111010101101
10010111010101111
10010111010110001
10010111010110011
10010111010110101
10010111010110111
10010111010111101
10010111010111111
10011001000001001
10011001000001011
10011001000011001
10011001000011011
10011001000101001
10011001000101011
10011001000111001
10011001000111011
10011001001001001
10011001001001011
10011001001101001
10011001001101011
10011001010001001
10011001010001011
10011001010011001
10011001010011011
10011001010101001
10011001010101011
10011001010111001
10011001010111011
10011001011001001
10011001011001011
10011001011101001
10011001011101011
10011001100001001
10011001100001011
10011001100011001
10011001100011011
10011001100101001
10011001100101011
10011001100111001
10011001100111011
10011001101001001
10011001101001011
10011001101101001
10011001101101011
10011001110001001
10011001110001011
10011001110011001
10011001110011011
10011001110101001
10011001110101011
10011001110111001
10011001110111011
10011001111001001
10011001111001011
10011001111101001
10011001111101011
10011011000101001
10011011000101011
10011011000111001
10011011000111011
10011011001101001
10011011001101011
10011011010001001
10011011010001011
10011011010011001
10011011010011011
10011011010101001
10011011010101011
10011011010111001
10011011010111011
10011011011101001
10011011011101011
10011011100101001
10011011100101011
10011011100111001
10011011100111011
10011011101101001
10011011101101011
10011011110101001
10011011110101011
10011011110111001
10011011110111011
10011011111101001
10011011111101011
10011101000001001
10011101000001011
10011101000011001
10011101000011011
10011101001001001
10011101001001011
10011101010001001
10011101010001011
10011101010011001
10011101010011011
10011101011001001
10011101011001011
10011101100001001
10011101100001011
10011101100011001
10011101100011011
10011101101001001
10011101101001011
10011101110001001
10011101110001011
10011101110011001
10011101110011011
10011101111001001
10011101111001011
10011111010001001
10011111010001011
10011111010011001
10011111010011011
10100001000000001
10100001000000011
10100001000000101
10100001000000111
10100001000001001
10100001000001011
10100001000001101
10100001000001111
10100001000100001
10100001000100011
10100001000100101
10100001000100111
10100001000101001
10100001000101011
10100001000101101
10100001000101111
10100001000110001
10100001000110011
10100001001000001
10100001001000011
10100001001000101
10100001001000111
10100001001001001
10100001001001011
10100001001001101
10100001001001111
10100001001100001
10100001001100011
10100001001100101
10100001001100111
10100001001101001
10100001001101011
10100001001101101
10100001001101111
10100001001110001
10100001001110011
10100001010000001
10100001010000011
10100001010000101
10100001010000111
10100001010001001
10100001010001011
10100001010001101
10100001010001111
10100001010010001
10100001010010011
10100001010010101
10100001010010111
10100001010011001
10100001010011011
10100001010011101
10100001010011111
10100001010100001
10100001010100011
10100001010100101
10100001010100111
10100001010101001
10100001010101011
10100001010101101
10100001010101111
10100001010110001
10100001010110011
10100001010110101
10100001010110111
10100001010111001
10100001010111011
10100001010111101
10100001010111111
10100001011000001
10100001011000011
10100001011000101
10100001011000111
10100001011001001
10100001011001011
10100001011001101
10100001011001111
10100001011100001
10100001011100011
10100001011100101
10100001011100111
10100001011101001
10100001011101011
10100001011101101
10100001011101111
10100001011110001
10100001011110011
10100001100000001
10100001100000011
10100001100000101
10100001100000111
10100001100001001
10100001100001011
10100001100001101
10100001100001111
10100001100100001
10100001100100011
10100001100100101
10100001100100111
10100001100101001
10100001100101011
10100001100101101
10100001100101111
10100001100110001
10100001100110011
10100001101000001
10100001101000011
10100001101000101
10100001101000111
10100001101001001
10100001101001011
10100001101001101
10100001101001111
10100001101100001
10100001101100011
10100001101100101
10100001101100111
10100001101101001
10100001101101011
10100001101101101
10100001101101111
10100001101110001
10100001101110011
10100001110000001
10100001110000011
10100001110000101
10100001110000111
10100001110001001
10100001110001011
10100001110001101
10100001110001111
10100001110100001
10100001110100011
10100001110100101
10100001110100111
10100001110101001
10100001110101011
10100001110101101
10100001110101111
10100001110110001
10100001110110011
10100001111000001
10100001111000011
10100001111000101
10100001111000111
10100001111001001
10100001111001011
10100001111001101
10100001111001111
10100001111100001
10100001111100011
10100001111100101
10100001111100111
10100001111101001
10100001111101011
10100001111101101
10100001111101111
10100001111110001
10100001111110011
10100011000101001
10100011000101011
10100011001101001
10100011001101011
10100011010000001
10100011010000011
10100011010000101
10100011010000111
10100011010001001
10100011010001011
10100011010001101
10100011010001111
10100011010010001
10100011010010011
10100011010010101
10100011010010111
10100011010011001
10100011010011011
10100011010011101
10100011010011111
10100011010100001
10100011010100011
10100011010100101
10100011010100111
10100011010101001
10100011010101011
10100011010101101
10100011010101111
10100011010110001
10100011010110011
10100011010110101
10100011010110111
10100011010111001
10100011010111011
10100011010111101
10100011010111111
10100011011101001
10100011011101011
10100011100101001
10100011100101011
10100011101101001
10100011101101011
10100011110101001
10100011110101011
10100011111101001
10100011111101011
10100101000000001
10100101000000011
10100101000000101
10100101000000111
10100101000001001
10100101000001011
10100101000001101
10100101000001111
10100101000100001
10100101000100011
10100101000100101
10100101000100111
10100101000101101
10100101000101111
10100101000110001
10100101000110011
10100101001000001
10100101001000011
10100101001000101
10100101001000111
10100101001001001
10100101001001011
10100101001001101
10100101001001111
10100101001100001
10100101001100011
10100101001100101
10100101001100111
10100101001101101
10100101001101111
10100101001110001
10100101001110011
10100101010000001
10100101010000011
10100101010000101
10100101010000111
10100101010001001
10100101010001011
10100101010001101
10100101010001111
10100101010010001
10100101010010011
10100101010010101
10100101010010111
10100101010011001
10100101010011011
10100101010011101
10100101010011111
10100101010100001
10100101010100011
10100101010100101
10100101010100111
10100101010101101
10100101010101111
10100101010110001
10100101010110011
10100101010110101
10100101010110111
10100101010111101
10100101010111111
10100101011000001
10100101011000011
10100101011000101
10100101011000111
10100101011001001
10100101011001011
10100101011001101
10100101011001111
10100101011100001
10100101011100011
10100101011100101
10100101011100111
10100101011101101
10100101011101111
10100101011110001
10100101011110011
10100101100000001
10100101100000011
10100101100000101
10100101100000111
10100101100001001
10100101100001011
10100101100001101
10100101100001111
10100101100100001
10100101100100011
10100101100100101
10100101100100111
10100101100101101
10100101100101111
10100101100110001
10100101100110011
10100101101000001
10100101101000011
10100101101000101
10100101101000111
10100101101001001
10100101101001011
10100101101001101
10100101101001111
10100101101100001
10100101101100011
10100101101100101
10100101101100111
10100101101101101
10100101101101111
10100101101110001
10100101101110011
10100101110000001
10100101110000011
10100101110000101
10100101110000111
10100101110001001
10100101110001011
10100101110001101
10100101110001111
10100101110100001
10100101110100011
10100101110100101
10100101110100111
10100101110101101
10100101110101111
10100101110110001
10100101110110011
10100101111000001
10100101111000011
10100101111000101
10100101111000111
10100101111001001
10100101111001011
10100101111001101
10100101111001111
10100101111100001
10100101111100011
10100101111100101
10100101111100111
10100101111101101
10100101111101111
10100101111110001
10100101111110011
10100111010000001
10100111010000011
10100111010000101
10100111010000111
10100111010001001
10100111010001011
10100111010001101
10100111010001111
10100111010010001
10100111010010011
10100111010010101
10100111010010111
10100111010011001
10100111010011011
10100111010011101
10100111010011111
10100111010100001
10100111010100011
10100111010100101
10100111010100111
10100111010101101
10100111010101111
10100111010110001
10100111010110011
10100111010110101
10100111010110111
10100111010111101
10100111010111111
10101001000001001
10101001000001011
10101001000101001
10101001000101011
10101001001001001
10101001001001011
10101001001101001
10101001001101011
10101001010001001
10101001010001011
10101001010011001
10101001010011011
10101001010101001
10101001010101011
10101001010111001
10101001010111011
10101001011001001
10101001011001011
10101001011101001
10101001011101011
10101001100001001
10101001100001011
10101001100101001
10101001100101011
10101001101001001
10101001101001011
10101001101101001
10101001101101011
10101001110001001
10101001110001011
10101001110101001
10101001110101011
10101001111001001
10101001111001011
10101001111101001
10101001111101011
10101011000101001
10101011000101011
10101011001101001
10101011001101011
10101011010001001
10101011010001011
10101011010011001
10101011010011011
10101011010101001
10101011010101011
10101011010111001
10101011010111011
10101011011101001
10101011011101011
10101011100101001
10101011100101011
10101011101101001
10101011101101011
10101011110101001
10101011110101011
10101011111101001
10101011111101011
10101101000001001
10101101000001011
10101101001001001
10101101001001011
10101101010001001
10101101010001011
10101101010011001
10101101010011011
10101101011001001
10101101011001011
10101101100001001
10101101100001011
10101101101001001
10101101101001011
10101101110001001
10101101110001011
10101101111001001
10101101111001011
10101111010001001
10101111010001011
10101111010011001
10101111010011011
10110001000000001
10110001000000011
10110001000000101
10110001000000111
10110001000001001
10110001000001011
10110001000001101
10110001000001111
10110001000100001
10110001000100011
10110001000100101
10110001000100111
10110001000101001
10110001000101011
10110001000101101
10110001000101111
10110001000110001
10110001000110011
10110001001000001
10110001001000011
10110001001000101
10110001001000111
10110001001001001
10110001001001011
10110001001001101
10110001001001111
10110001001100001
10110001001100011
10110001001100101
10110001001100111
10110001001101001
10110001001101011
10110001001101101
10110001001101111
10110001001110001
10110001001110011
10110001010000001
10110001010000011
10110001010000101
10110001010000111
10110001010001001
10110001010001011
10110001010001101
10110001010001111
10110001010010001
10110001010010011
10110001010010101
10110001010010111
10110001010011001
10110001010011011
10110001010011101
10110001010011111
10110001010100001
10110001010100011
10110001010100101
10110001010100111
10110001010101001
10110001010101011
10110001010101101
10110001010101111
10110001010110001
10110001010110011
10110001010110101
10110001010110111
10110001010111001
10110001010111011
10110001010111101
10110001010111111
10110001011000001
10110001011000011
10110001011000101
10110001011000111
10110001011001001
10110001011001011
10110001011001101
10110001011001111
10110001011100001
10110001011100011
10110001011100101
10110001011100111
10110001011101001
10110001011101011
10110001011101101
10110001011101111
10110001011110001
10110001011110011
10110001100000001
10110001100000011
10110001100000101
10110001100000111
10110001100001001
10110001100001011
10110001100001101
10110001100001111
10110001100100001
10110001100100011
10110001100100101
10110001100100111
10110001100101001
10110001100101011
10110001100101101
10110001100101111
10110001100110001
10110001100110011
10110001101000001
10110001101000011
10110001101000101
10110001101000111
10110001101001001
10110001101001011
10110001101001101
10110001101001111
10110001101100001
10110001101100011
10110001101100101
10110001101100111
10110001101101001
10110001101101011
10110001101101101
10110001101101111
10110001101110001
10110001101110011
10110001110000001
10110001110000011
10110001110000101
10110001110000111
10110001110001001
10110001110001011
10110001110001101
10110001110001111
10110001110100001
10110001110100011
10110001110100101
10110001110100111
10110001110101001
10110001110101011
10110001110101101
10110001110101111
10110001110110001
10110001110110011
10110001111000001
10110001111000011
10110001111000101
10110001111000111
10110001111001001
10110001111001011
10110001111001101
10110001111001111
10110001111100001
10110001111100011
10110001111100101
10110001111100111
10110001111101001
10110001111101011
10110001111101101
10110001111101111
10110001111110001
10110001111110011
10110011000101001
10110011000101011
10110011001101001
10110011001101011
10110011010000001
10110011010000011
10110011010000101
10110011010000111
10110011010001001
10110011010001011
10110011010001101
10110011010001111
10110011010010001
10110011010010011
10110011010010101
10110011010010111
10110011010011001
10110011010011011
10110011010011101
10110011010011111
10110011010100001
10110011010100011
10110011010100101
10110011010100111
10110011010101001
10110011010101011
10110011010101101
10110011010101111
10110011010110001
10110011010110011
10110011010110101
10110011010110111
10110011010111001
10110011010111011
10110011010111101
10110011010111111
10110011011101001
10110011011101011
10110011100101001
10110011100101011
10110011101101001
10110011101101011
10110011110101001
10110011110101011
10110011111101001
10110011111101011
10110101000000001
10110101000000011
10110101000000101
10110101000000111
10110101000001001
10110101000001011
10110101000001101
10110101000001111
10110101000100001
10110101000100011
10110101000100101
10110101000100111
10110101000101101
10110101000101111
10110101000110001
10110101000110011
10110101001000001
10110101001000011
10110101001000101
10110101001000111
10110101001001001
10110101001001011
10110101001001101
10110101001001111
10110101001100001
10110101001100011
10110101001100101
10110101001100111
10110101001101101
10110101001101111
10110101001110001
10110101001110011
10110101010000001
10110101010000011
10110101010000101
10110101010000111
10110101010001001
10110101010001011
10110101010001101
10110101010001111
10110101010010001
10110101010010011
10110101010010101
10110101010010111
10110101010011001
10110101010011011
10110101010011101
10110101010011111
10110101010100001
10110101010100011
10110101010100101
10110101010100111
10110101010101101
10110101010101111
10110101010110001
10110101010110011
10110101010110101
10110101010110111
10110101010111101
10110101010111111
10110101011000001
10110101011000011
10110101011000101
10110101011000111
10110101011001001
10110101011001011
10110101011001101
10110101011001111
10110101011100001
10110101011100011
10110101011100101
10110101011100111
10110101011101101
10110101011101111
10110101011110001
10110101011110011
10110101100000001
10110101100000011
10110101100000101
10110101100000111
10110101100001001
10110101100001011
10110101100001101
10110101100001111
10110101100100001
10110101100100011
10110101100100101
10110101100100111
10110101100101101
10110101100101111
10110101100110001
10110101100110011
10110101101000001
10110101101000011
10110101101000101
10110101101000111
10110101101001001
10110101101001011
10110101101001101
10110101101001111
10110101101100001
10110101101100011
10110101101100101
10110101101100111
10110101101101101
10110101101101111
10110101101110001
10110101101110011
10110101110000001
10110101110000011
10110101110000101
10110101110000111
10110101110001001
10110101110001011
10110101110001101
10110101110001111
10110101110100001
10110101110100011
10110101110100101
10110101110100111
10110101110101101
10110101110101111
10110101110110001
10110101110110011
10110101111000001
10110101111000011
10110101111000101
10110101111000111
10110101111001001
10110101111001011
10110101111001101
10110101111001111
10110101111100001
10110101111100011
10110101111100101
10110101111100111
10110101111101101
10110101111101111
10110101111110001
10110101111110011
10110111010000001
10110111010000011
10110111010000101
10110111010000111
10110111010001001
10110111010001011
10110111010001101
10110111010001111
10110111010010001
10110111010010011
10110111010010101
10110111010010111
10110111010011001
10110111010011011
10110111010011101
10110111010011111
10110111010100001
10110111010100011
10110111010100101
10110111010100111
10110111010101101
10110111010101111
10110111010110001
10110111010110011
10110111010110101
10110111010110111
10110111010111101
10110111010111111
10111001000001001
10111001000001011
10111001000101001
10111001000101011
10111001001001001
10111001001001011
10111001001101001
10111001001101011
10111001010001001
10111001010001011
10111001010011001
10111001010011011
10111001010101001
10111001010101011
10111001010111001
10111001010111011
10111001011001001
10111001011001011
10111001011101001
10111001011101011
10111001100001001
10111001100001011
10111001100101001
10111001100101011
10111001101001001
10111001101001011
10111001101101001
10111001101101011
10111001110001001
10111001110001011
10111001110101001
10111001110101011
10111001111001001
10111001111001011
10111001111101001
10111001111101011
10111011000101001
10111011000101011
10111011001101001
10111011001101011
10111011010001001
10111011010001011
10111011010011001
10111011010011011
10111011010101001
10111011010101011
10111011010111001
10111011010111011
10111011011101001
10111011011101011
10111011100101001
10111011100101011
10111011101101001
10111011101101011
10111011110101001
10111011110101011
10111011111101001
10111011111101011
10111101000001001
10111101000001011
10111101001001001
10111101001001011
10111101010001001
10111101010001011
10111101010011001
10111101010011011
10111101011001001
10111101011001011
10111101100001001
10111101100001011
10111101101001001
10111101101001011
10111101110001001
10111101110001011
10111101111001001
10111101111001011
10111111010001001
10111111010001011
10111111010011001
10111111010011011
11000001000000001
11000001000000011
11000001000000101
11000001000000111
11000001000001001
11000001000001011
11000001000001101
11000001000001111
11000001000010001
11000001000010011
11000001000010101
11000001000010111
11000001000011001
11000001000011011
11000001000011101
11000001000011111
11000001000100001
11000001000100011
11000001000100101
11000001000100111
11000001000101001
11000001000101011
11000001000101101
11000001000101111
11000001000110001
11000001000110011
11000001000110101
11000001000110111
11000001000111001
11000001000111011
11000001000111101
11000001000111111
11000001001000001
11000001001000011
11000001001000101
11000001001000111
11000001001001001
11000001001001011
11000001001001101
11000001001001111
11000001001100001
11000001001100011
11000001001100101
11000001001100111
11000001001101001
11000001001101011
11000001001101101
11000001001101111
11000001010000001
11000001010000011
11000001010000101
11000001010000111
11000001010001001
11000001010001011
11000001010001101
11000001010001111
11000001010010001
11000001010010011
11000001010010101
11000001010010111
11000001010011001
11000001010011011
11000001010011101
11000001010011111
11000001010100001
11000001010100011
11000001010100101
11000001010100111
11000001010101001
11000001010101011
11000001010101101
11000001010101111
11000001010110001
11000001010110011
11000001010110101
11000001010110111
11000001010111001
11000001010111011
11000001010111101
11000001010111111
11000001011000001
11000001011000011
11000001011000101
11000001011000111
11000001011001001
11000001011001011
11000001011001101
11000001011001111
11000001011100001
11000001011100011
11000001011100101
11000001011100111
11000001011101001
11000001011101011
11000001011101101
11000001011101111
11000001100000001
11000001100000011
11000001100000101
11000001100000111
11000001100001001
11000001100001011
11000001100001101
11000001100001111
11000001100010001
11000001100010011
11000001100010101
11000001100010111
11000001100011001
11000001100011011
11000001100011101
11000001100011111
11000001100100001
11000001100100011
11000001100100101
11000001100100111
11000001100101001
11000001100101011
11000001100101101
11000001100101111
11000001100110001
11000001100110011
11000001100110101
11000001100110111
11000001100111001
11000001100111011
11000001100111101
11000001100111111
11000001101000001
11000001101000011
11000001101000101
11000001101000111
11000001101001001
11000001101001011
11000001101001101
11000001101001111
11000001101100001
11000001101100011
11000001101100101
11000001101100111
11000001101101001
11000001101101011
11000001101101101
11000001101101111
11000001110000001
11000001110000011
11000001110000101
11000001110000111
11000001110001001
11000001110001011
11000001110001101
11000001110001111
11000001110010001
11000001110010011
11000001110010101
11000001110010111
11000001110011001
11000001110011011
11000001110011101
11000001110011111
11000001110100001
11000001110100011
11000001110100101
11000001110100111
11000001110101001
11000001110101011
11000001110101101
11000001110101111
11000001110110001
11000001110110011
11000001110110101
11000001110110111
11000001110111001
11000001110111011
11000001110111101
11000001110111111
11000001111000001
11000001111000011
11000001111000101
11000001111000111
11000001111001001
11000001111001011
11000001111001101
11000001111001111
11000001111100001
11000001111100011
11000001111100101
11000001111100111
11000001111101001
11000001111101011
11000001111101101
11000001111101111
11000011000101001
11000011000101011
11000011000111001
11000011000111011
11000011001101001
11000011001101011
11000011010000001
11000011010000011
11000011010000101
11000011010000111
11000011010001001
11000011010001011
11000011010001101
11000011010001111
11000011010010001
11000011010010011
11000011010010101
11000011010010111
11000011010011001
11000011010011011
11000011010011101
11000011010011111
11000011010100001
11000011010100011
11000011010100101
11000011010100111
11000011010101001
11000011010101011
11000011010101101
11000011010101111
11000011010110001
11000011010110011
11000011010110101
11000011010110111
11000011010111001
11000011010111011
11000011010111101
11000011010111111
11000011011101001
11000011011101011
11000011100101001
11000011100101011
11000011100111001
11000011100111011
11000011101101001
11000011101101011
11000011110101001
11000011110101011
11000011110111001
11000011110111011
11000011111101001
11000011111101011
11000101000000001
11000101000000011
11000101000000101
11000101000000111
11000101000001001
11000101000001011
11000101000001101
11000101000001111
11000101000010001
11000101000010011
11000101000010101
11000101000010111
11000101000011001
11000101000011011
11000101000011101
11000101000011111
11000101000100001
11000101000100011
11000101000100101
11000101000100111
11000101000101101
11000101000101111
11000101000110001
11000101000110011
11000101000110101
11000101000110111
11000101000111101
11000101000111111
11000101001000001
11000101001000011
11000101001000101
11000101001000111
11000101001001001
11000101001001011
11000101001001101
11000101001001111
11000101001100001
11000101001100011
11000101001100101
11000101001100111
11000101001101101
11000101001101111
11000101010000001
11000101010000011
11000101010000101
11000101010000111
11000101010001001
11000101010001011
11000101010001101
11000101010001111
11000101010010001
11000101010010011
11000101010010101
11000101010010111
11000101010011001
11000101010011011
11000101010011101
11000101010011111
11000101010100001
11000101010100011
11000101010100101
11000101010100111
11000101010101101
11000101010101111
11000101010110001
11000101010110011
11000101010110101
11000101010110111
11000101010111101
11000101010111111
11000101011000001
11000101011000011
11000101011000101
11000101011000111
11000101011001001
11000101011001011
11000101011001101
11000101011001111
11000101011100001
11000101011100011
11000101011100101
11000101011100111
11000101011101101
11000101011101111
11000101100000001
11000101100000011
11000101100000101
11000101100000111
11000101100001001
11000101100001011
11000101100001101
11000101100001111
11000101100010001
11000101100010011
11000101100010101
11000101100010111
11000101100011001
11000101100011011
11000101100011101
11000101100011111
11000101100100001
11000101100100011
11000101100100101
11000101100100111
11000101100101101
11000101100101111
11000101100110001
11000101100110011
11000101100110101
11000101100110111
11000101100111101
11000101100111111
11000101101000001
11000101101000011
11000101101000101
11000101101000111
11000101101001001
11000101101001011
11000101101001101
11000101101001111
11000101101100001
11000101101100011
11000101101100101
11000101101100111
11000101101101101
11000101101101111
11000101110000001
11000101110000011
11000101110000101
11000101110000111
11000101110001001
11000101110001011
11000101110001101
11000101110001111
11000101110010001
11000101110010011
11000101110010101
11000101110010111
11000101110011001
11000101110011011
11000101110011101
11000101110011111
11000101110100001
11000101110100011
11000101110100101
11000101110100111
11000101110101101
11000101110101111
11000101110110001
11000101110110011
11000101110110101
11000101110110111
11000101110111101
11000101110111111
11000101111000001
11000101111000011
11000101111000101
11000101111000111
11000101111001001
11000101111001011
11000101111001101
11000101111001111
11000101111100001
11000101111100011
11000101111100101
11000101111100111
11000101111101101
11000101111101111
11000111010000001
11000111010000011
11000111010000101
11000111010000111
11000111010001001
11000111010001011
11000111010001101
11000111010001111
11000111010010001
11000111010010011
11000111010010101
11000111010010111
11000111010011001
11000111010011011
11000111010011101
11000111010011111
11000111010100001
11000111010100011
11000111010100101
11000111010100111
11000111010101101
11000111010101111
11000111010110001
11000111010110011
11000111010110101
11000111010110111
11000111010111101
11000111010111111
11001001000001001
11001001000001011
11001001000011001
11001001000011011
11001001000101001
11001001000101011
11001001000111001
11001001000111011
11001001001001001
11001001001001011
11001001001101001
11001001001101011
11001001010001001
11001001010001011
11001001010011001
11001001010011011
11001001010101001
11001001010101011
11001001010111001
11001001010111011
11001001011001001
11001001011001011
11001001011101001
11001001011101011
11001001100001001
11001001100001011
11001001100011001
11001001100011011
11001001100101001
11001001100101011
11001001100111001
11001001100111011
11001001101001001
11001001101001011
11001001101101001
11001001101101011
11001001110001001
11001001110001011
11001001110011001
11001001110011011
11001001110101001
11001001110101011
11001001110111001
11001001110111011
11001001111001001
11001001111001011
11001001111101001
11001001111101011
11001011000101001
11001011000101011
11001011000111001
11001011000111011
11001011001101001
11001011001101011
11001011010001001
11001011010001011
11001011010011001
11001011010011011
11001011010101001
11001011010101011
11001011010111001
11001011010111011
11001011011101001
11001011011101011
11001011100101001
11001011100101011
11001011100111001
11001011100111011
11001011101101001
11001011101101011
11001011110101001
11001011110101011
11001011110111001
11001011110111011
11001011111101001
11001011111101011
11001101000001001
11001101000001011
11001101000011001
11001101000011011
11001101001001001
11001101001001011
11001101010001001
11001101010001011
11001101010011001
11001101010011011
11001101011001001
11001101011001011
11001101100001001
11001101100001011
11001101100011001
11001101100011011
11001101101001001
11001101101001011
11001101110001001
11001101110001011
11001101110011001
11001101110011011
11001101111001001
11001101111001011
11001111010001001
11001111010001011
11001111010011001
11001111010011011
11010001000000001
11010001000000011
11010001000000101
11010001000000111
11010001000001001
11010001000001011
11010001000001101
11010001000001111
11010001000010001
11010001000010011
11010001000010101
11010001000010111
11010001000011001
11010001000011011
11010001000011101
11010001000011111
11010001000100001
11010001000100011
11010001000100101
11010001000100111
11010001000101001
11010001000101011
11010001000101101
11010001000101111
11010001000110001
11010001000110011
11010001000110101
11010001000110111
11010001000111001
11010001000111011
11010001000111101
11010001000111111
11010001001000001
11010001001000011
11010001001000101
11010001001000111
11010001001001001
11010001001001011
11010001001001101
11010001001001111
11010001001100001
11010001001100011
11010001001100101
11010001001100111
11010001001101001
11010001001101011
11010001001101101
11010001001101111
11010001010000001
11010001010000011
11010001010000101
11010001010000111
11010001010001001
11010001010001011
11010001010001101
11010001010001111
11010001010010001
11010001010010011
11010001010010101
11010001010010111
11010001010011001
11010001010011011
11010001010011101
11010001010011111
11010001010100001
11010001010100011
11010001010100101
11010001010100111
11010001010101001
11010001010101011
11010001010101101
11010001010101111
11010001010110001
11010001010110011
11010001010110101
11010001010110111
11010001010111001
11010001010111011
11010001010111101
11010001010111111
11010001011000001
11010001011000011
11010001011000101
11010001011000111
11010001011001001
11010001011001011
11010001011001101
11010001011001111
11010001011100001
11010001011100011
11010001011100101
11010001011100111
11010001011101001
11010001011101011
11010001011101101
11010001011101111
11010001100000001
11010001100000011
11010001100000101
11010001100000111
11010001100001001
11010001100001011
11010001100001101
11010001100001111
11010001100010001
11010001100010011
11010001100010101
11010001100010111
11010001100011001
11010001100011011
11010001100011101
11010001100011111
11010001100100001
11010001100100011
11010001100100101
11010001100100111
11010001100101001
11010001100101011
11010001100101101
11010001100101111
11010001100110001
11010001100110011
11010001100110101
11010001100110111
11010001100111001
11010001100111011
11010001100111101
11010001100111111
11010001101000001
11010001101000011
11010001101000101
11010001101000111
11010001101001001
11010001101001011
11010001101001101
11010001101001111
11010001101100001
11010001101100011
11010001101100101
11010001101100111
11010001101101001
11010001101101011
11010001101101101
11010001101101111
11010001110000001
11010001110000011
11010001110000101
11010001110000111
11010001110001001
11010001110001011
11010001110001101
11010001110001111
11010001110010001
11010001110010011
11010001110010101
11010001110010111
11010001110011001
11010001110011011
11010001110011101
11010001110011111
11010001110100001
11010001110100011
11010001110100101
11010001110100111
11010001110101001
11010001110101011
11010001110101101
11010001110101111
11010001110110001
11010001110110011
11010001110110101
11010001110110111
11010001110111001
11010001110111011
11010001110111101
11010001110111111
11010001111000001
11010001111000011
11010001111000101
11010001111000111
11010001111001001
11010001111001011
11010001111001101
11010001111001111
11010001111100001
11010001111100011
11010001111100101
11010001111100111
11010001111101001
11010001111101011
11010001111101101
11010001111101111
11010011000101001
11010011000101011
11010011000111001
11010011000111011
11010011001101001
11010011001101011
11010011010000001
11010011010000011
11010011010000101
11010011010000111
11010011010001001
11010011010001011
11010011010001101
11010011010001111
11010011010010001
11010011010010011
11010011010010101
11010011010010111
11010011010011001
11010011010011011
11010011010011101
11010011010011111
11010011010100001
11010011010100011
11010011010100101
11010011010100111
11010011010101001
11010011010101011
11010011010101101
11010011010101111
11010011010110001
11010011010110011
11010011010110101
11010011010110111
11010011010111001
11010011010111011
11010011010111101
11010011010111111
11010011011101001
11010011011101011
11010011100101001
11010011100101011
11010011100111001
11010011100111011
11010011101101001
11010011101101011
11010011110101001
11010011110101011
11010011110111001
11010011110111011
11010011111101001
11010011111101011
11010101000000001
11010101000000011
11010101000000101
11010101000000111
11010101000001001
11010101000001011
11010101000001101
11010101000001111
11010101000010001
11010101000010011
11010101000010101
11010101000010111
11010101000011001
11010101000011011
11010101000011101
11010101000011111
11010101000100001
11010101000100011
11010101000100101
11010101000100111
11010101000101101
11010101000101111
11010101000110001
11010101000110011
11010101000110101
11010101000110111
11010101000111101
11010101000111111
11010101001000001
11010101001000011
11010101001000101
11010101001000111
11010101001001001
11010101001001011
11010101001001101
11010101001001111
11010101001100001
11010101001100011
11010101001100101
11010101001100111
11010101001101101
11010101001101111
11010101010000001
11010101010000011
11010101010000101
11010101010000111
11010101010001001
11010101010001011
11010101010001101
11010101010001111
11010101010010001
11010101010010011
11010101010010101
11010101010010111
11010101010011001
11010101010011011
11010101010011101
11010101010011111
11010101010100001
11010101010100011
11010101010100101
11010101010100111
11010101010101101
11010101010101111
11010101010110001
11010101010110011
11010101010110101
11010101010110111
11010101010111101
11010101010111111
11010101011000001
11010101011000011
11010101011000101
11010101011000111
11010101011001001
11010101011001011
11010101011001101
11010101011001111
11010101011100001
11010101011100011
11010101011100101
11010101011100111
11010101011101101
11010101011101111
11010101100000001
11010101100000011
11010101100000101
11010101100000111
11010101100001001
11010101100001011
11010101100001101
11010101100001111
11010101100010001
11010101100010011
11010101100010101
11010101100010111
11010101100011001
11010101100011011
11010101100011101
11010101100011111
11010101100100001
11010101100100011
11010101100100101
11010101100100111
11010101100101101
11010101100101111
11010101100110001
11010101100110011
11010101100110101
11010101100110111
11010101100111101
11010101100111111
11010101101000001
11010101101000011
11010101101000101
11010101101000111
11010101101001001
11010101101001011
11010101101001101
11010101101001111
11010101101100001
11010101101100011
11010101101100101
11010101101100111
11010101101101101
11010101101101111
11010101110000001
11010101110000011
11010101110000101
11010101110000111
11010101110001001
11010101110001011
11010101110001101
11010101110001111
11010101110010001
11010101110010011
11010101110010101
11010101110010111
11010101110011001
11010101110011011
11010101110011101
11010101110011111
11010101110100001
11010101110100011
11010101110100101
11010101110100111
11010101110101101
11010101110101111
11010101110110001
11010101110110011
11010101110110101
11010101110110111
11010101110111101
11010101110111111
11010101111000001
11010101111000011
11010101111000101
11010101111000111
11010101111001001
11010101111001011
11010101111001101
11010101111001111
11010101111100001
11010101111100011
11010101111100101
11010101111100111
11010101111101101
11010101111101111
11010111010000001
11010111010000011
11010111010000101
11010111010000111
11010111010001001
11010111010001011
11010111010001101
11010111010001111
11010111010010001
11010111010010011
11010111010010101
11010111010010111
11010111010011001
11010111010011011
11010111010011101
11010111010011111
11010111010100001
11010111010100011
11010111010100101
11010111010100111
11010111010101101
11010111010101111
11010111010110001
11010111010110011
11010111010110101
11010111010110111
11010111010111101
11010111010111111
11011001000001001
11011001000001011
11011001000011001
11011001000011011
11011001000101001
11011001000101011
11011001000111001
11011001000111011
11011001001001001
11011001001001011
11011001001101001
11011001001101011
11011001010001001
11011001010001011
11011001010011001
11011001010011011
11011001010101001
11011001010101011
11011001010111001
11011001010111011
11011001011001001
11011001011001011
11011001011101001
11011001011101011
11011001100001001
11011001100001011
11011001100011001
11011001100011011
11011001100101001
11011001100101011
11011001100111001
11011001100111011
11011001101001001
11011001101001011
11011001101101001
11011001101101011
11011001110001001
11011001110001011
11011001110011001
11011001110011011
11011001110101001
11011001110101011
11011001110111001
11011001110111011
11011001111001001
11011001111001011
11011001111101001
11011001111101011
11011011000101001
11011011000101011
11011011000111001
11011011000111011
11011011001101001
11011011001101011
11011011010001001
11011011010001011
11011011010011001
11011011010011011
11011011010101001
11011011010101011
11011011010111001
11011011010111011
11011011011101001
11011011011101011
11011011100101001
11011011100101011
11011011100111001
11011011100111011
11011011101101001
11011011101101011
11011011110101001
11011011110101011
11011011110111001
11011011110111011
11011011111101001
11011011111101011
11011101000001001
11011101000001011
11011101000011001
11011101000011011
11011101001001001
11011101001001011
11011101010001001
11011101010001011
11011101010011001
11011101010011011
11011101011001001
11011101011001011
11011101100001001
11011101100001011
11011101100011001
11011101100011011
11011101101001001
11011101101001011
11011101110001001
11011101110001011
11011101110011001
11011101110011011
11011101111001001
11011101111001011
11011111010001001
11011111010001011
11011111010011001
11011111010011011
11100001000000001
11100001000000011
11100001000000101
11100001000000111
11100001000001001
11100001000001011
11100001000001101
11100001000001111
11100001000100001
11100001000100011
11100001000100101
11100001000100111
11100001000101001
11100001000101011
11100001000101101
11100001000101111
11100001001000001
11100001001000011
11100001001000101
11100001001000111
11100001001001001
11100001001001011
11100001001001101
11100001001001111
11100001001100001
11100001001100011
11100001001100101
11100001001100111
11100001001101001
11100001001101011
11100001001101101
11100001001101111
11100001010000001
11100001010000011
11100001010000101
11100001010000111
11100001010001001
11100001010001011
11100001010001101
11100001010001111
11100001010010001
11100001010010011
11100001010010101
11100001010010111
11100001010011001
11100001010011011
11100001010011101
11100001010011111
11100001010100001
11100001010100011
11100001010100101
11100001010100111
11100001010101001
11100001010101011
11100001010101101
11100001010101111
11100001010110001
11100001010110011
11100001010110101
11100001010110111
11100001010111001
11100001010111011
11100001010111101
11100001010111111
11100001011000001
11100001011000011
11100001011000101
11100001011000111
11100001011001001
11100001011001011
11100001011001101
11100001011001111
11100001011100001
11100001011100011
11100001011100101
11100001011100111
11100001011101001
11100001011101011
11100001011101101
11100001011101111
11100001100000001
11100001100000011
11100001100000101
11100001100000111
11100001100001001
11100001100001011
11100001100001101
11100001100001111
11100001100100001
11100001100100011
11100001100100101
11100001100100111
11100001100101001
11100001100101011
11100001100101101
11100001100101111
11100001101000001
11100001101000011
11100001101000101
11100001101000111
11100001101001001
11100001101001011
11100001101001101
11100001101001111
11100001101100001
11100001101100011
11100001101100101
11100001101100111
11100001101101001
11100001101101011
11100001101101101
11100001101101111
11100001110000001
11100001110000011
11100001110000101
11100001110000111
11100001110001001
11100001110001011
11100001110001101
11100001110001111
11100001110100001
11100001110100011
11100001110100101
11100001110100111
11100001110101001
11100001110101011
11100001110101101
11100001110101111
11100001111000001
11100001111000011
11100001111000101
11100001111000111
11100001111001001
11100001111001011
11100001111001101
11100001111001111
11100001111100001
11100001111100011
11100001111100101
11100001111100111
11100001111101001
11100001111101011
11100001111101101
11100001111101111
11100011000101001
11100011000101011
11100011001101001
11100011001101011
11100011010000001
11100011010000011
11100011010000101
11100011010000111
11100011010001001
11100011010001011
11100011010001101
11100011010001111
11100011010010001
11100011010010011
11100011010010101
11100011010010111
11100011010011001
11100011010011011
11100011010011101
11100011010011111
11100011010100001
11100011010100011
11100011010100101
11100011010100111
11100011010101001
11100011010101011
11100011010101101
11100011010101111
11100011010110001
11100011010110011
11100011010110101
11100011010110111
11100011010111001
11100011010111011
11100011010111101
11100011010111111
11100011011101001
11100011011101011
11100011100101001
11100011100101011
11100011101101001
11100011101101011
11100011110101001
11100011110101011
11100011111101001
11100011111101011
11100101000000001
11100101000000011
11100101000000101
11100101000000111
11100101000001001
11100101000001011
11100101000001101
11100101000001111
11100101000100001
11100101000100011
11100101000100101
11100101000100111
11100101000101101
11100101000101111
11100101001000001
11100101001000011
11100101001000101
11100101001000111
11100101001001001
11100101001001011
11100101001001101
11100101001001111
11100101001100001
11100101001100011
11100101001100101
11100101001100111
11100101001101101
11100101001101111
11100101010000001
11100101010000011
11100101010000101
11100101010000111
11100101010001001
11100101010001011
11100101010001101
11100101010001111
11100101010010001
11100101010010011
11100101010010101
11100101010010111
11100101010011001
11100101010011011
11100101010011101
11100101010011111
11100101010100001
11100101010100011
11100101010100101
11100101010100111
11100101010101101
11100101010101111
11100101010110001
11100101010110011
11100101010110101
11100101010110111
11100101010111101
11100101010111111
11100101011000001
11100101011000011
11100101011000101
11100101011000111
11100101011001001
11100101011001011
11100101011001101
11100101011001111
11100101011100001
11100101011100011
11100101011100101
11100101011100111
11100101011101101
11100101011101111
11100101100000001
11100101100000011
11100101100000101
11100101100000111
11100101100001001
11100101100001011
11100101100001101
11100101100001111
11100101100100001
11100101100100011
11100101100100101
11100101100100111
11100101100101101
11100101100101111
11100101101000001
11100101101000011
11100101101000101
11100101101000111
11100101101001001
11100101101001011
11100101101001101
11100101101001111
11100101101100001
11100101101100011
11100101101100101
11100101101100111
11100101101101101
11100101101101111
11100101110000001
11100101110000011
11100101110000101
11100101110000111
11100101110001001
11100101110001011
11100101110001101
11100101110001111
11100101110100001
11100101110100011
11100101110100101
11100101110100111
11100101110101101
11100101110101111
11100101111000001
11100101111000011
11100101111000101
11100101111000111
11100101111001001
11100101111001011
11100101111001101
11100101111001111
11100101111100001
11100101111100011
11100101111100101
11100101111100111
11100101111101101
11100101111101111
11100111010000001
11100111010000011
11100111010000101
11100111010000111
11100111010001001
11100111010001011
11100111010001101
11100111010001111
11100111010010001
11100111010010011
11100111010010101
11100111010010111
11100111010011001
11100111010011011
11100111010011101
11100111010011111
11100111010100001
11100111010100011
11100111010100101
11100111010100111
11100111010101101
11100111010101111
11100111010110001
11100111010110011
11100111010110101
11100111010110111
11100111010111101
11100111010111111
11101001000001001
11101001000001011
11101001000101001
11101001000101011
11101001001001001
11101001001001011
11101001001101001
11101001001101011
11101001010001001
11101001010001011
11101001010011001
11101001010011011
11101001010101001
11101001010101011
11101001010111001
11101001010111011
11101001011001001
11101001011001011
11101001011101001
11101001011101011
11101001100001001
11101001100001011
11101001100101001
11101001100101011
11101001101001001
11101001101001011
11101001101101001
11101001101101011
11101001110001001
11101001110001011
11101001110101001
11101001110101011
11101001111001001
11101001111001011
11101001111101001
11101001111101011
11101011000101001
11101011000101011
11101011001101001
11101011001101011
11101011010001001
11101011010001011
11101011010011001
11101011010011011
11101011010101001
11101011010101011
11101011010111001
11101011010111011
11101011011101001
11101011011101011
11101011100101001
11101011100101011
11101011101101001
11101011101101011
11101011110101001
11101011110101011
11101011111101001
11101011111101011
11101101000001001
11101101000001011
11101101001001001
11101101001001011
11101101010001001
11101101010001011
11101101010011001
11101101010011011
11101101011001001
11101101011001011
11101101100001001
11101101100001011
11101101101001001
11101101101001011
11101101110001001
11101101110001011
11101101111001001
11101101111001011
11101111010001001
11101111010001011
11101111010011001
11101111010011011
11110001000000001
11110001000000011
11110001000000101
11110001000000111
11110001000001001
11110001000001011
11110001000001101
11110001000001111
11110001000100001
11110001000100011
11110001000100101
11110001000100111
11110001000101001
11110001000101011
11110001000101101
11110001000101111
11110001001000001
11110001001000011
11110001001000101
11110001001000111
11110001001001001
11110001001001011
11110001001001101
11110001001001111
11110001001100001
11110001001100011
11110001001100101
11110001001100111
11110001001101001
11110001001101011
11110001001101101
11110001001101111
11110001010000001
11110001010000011
11110001010000101
11110001010000111
11110001010001001
11110001010001011
11110001010001101
11110001010001111
11110001010010001
11110001010010011
11110001010010101
11110001010010111
11110001010011001
11110001010011011
11110001010011101
11110001010011111
11110001010100001
11110001010100011
11110001010100101
11110001010100111
11110001010101001
11110001010101011
11110001010101101
11110001010101111
11110001010110001
11110001010110011
11110001010110101
11110001010110111
11110001010111001
11110001010111011
11110001010111101
11110001010111111
11110001011000001
11110001011000011
11110001011000101
11110001011000111
11110001011001001
11110001011001011
11110001011001101
11110001011001111
11110001011100001
11110001011100011
11110001011100101
11110001011100111
11110001011101001
11110001011101011
11110001011101101
11110001011101111
11110001100000001
11110001100000011
11110001100000101
11110001100000111
11110001100001001
11110001100001011
11110001100001101
11110001100001111
11110001100100001
11110001100100011
11110001100100101
11110001100100111
11110001100101001
11110001100101011
11110001100101101
11110001100101111
11110001101000001
11110001101000011
11110001101000101
11110001101000111
11110001101001001
11110001101001011
11110001101001101
11110001101001111
11110001101100001
11110001101100011
11110001101100101
11110001101100111
11110001101101001
11110001101101011
11110001101101101
11110001101101111
11110001110000001
11110001110000011
11110001110000101
11110001110000111
11110001110001001
11110001110001011
11110001110001101
11110001110001111
11110001110100001
11110001110100011
11110001110100101
11110001110100111
11110001110101001
11110001110101011
11110001110101101
11110001110101111
11110001111000001
11110001111000011
11110001111000101
11110001111000111
11110001111001001
11110001111001011
11110001111001101
11110001111001111
11110001111100001
11110001111100011
11110001111100101
11110001111100111
11110001111101001
11110001111101011
11110001111101101
11110001111101111
11110011000101001
11110011000101011
11110011001101001
11110011001101011
11110011010000001
11110011010000011
11110011010000101
11110011010000111
11110011010001001
11110011010001011
11110011010001101
11110011010001111
11110011010010001
11110011010010011
11110011010010101
11110011010010111
11110011010011001
11110011010011011
11110011010011101
11110011010011111
11110011010100001
11110011010100011
11110011010100101
11110011010100111
11110011010101001
11110011010101011
11110011010101101
11110011010101111
11110011010110001
11110011010110011
11110011010110101
11110011010110111
11110011010111001
11110011010111011
11110011010111101
11110011010111111
11110011011101001
11110011011101011
11110011100101001
11110011100101011
11110011101101001
11110011101101011
11110011110101001
11110011110101011
11110011111101001
11110011111101011
11110101000000001
11110101000000011
11110101000000101
11110101000000111
11110101000001001
11110101000001011
11110101000001101
11110101000001111
11110101000100001
11110101000100011
11110101000100101
11110101000100111
11110101000101101
11110101000101111
11110101001000001
11110101001000011
11110101001000101
11110101001000111
11110101001001001
11110101001001011
11110101001001101
11110101001001111
11110101001100001
11110101001100011
11110101001100101
11110101001100111
11110101001101101
11110101001101111
11110101010000001
11110101010000011
11110101010000101
11110101010000111
11110101010001001
11110101010001011
11110101010001101
11110101010001111
11110101010010001
11110101010010011
11110101010010101
11110101010010111
11110101010011001
11110101010011011
11110101010011101
11110101010011111
11110101010100001
11110101010100011
11110101010100101
11110101010100111
11110101010101101
11110101010101111
11110101010110001
11110101010110011
11110101010110101
11110101010110111
11110101010111101
11110101010111111
11110101011000001
11110101011000011
11110101011000101
11110101011000111
11110101011001001
11110101011001011
11110101011001101
11110101011001111
11110101011100001
11110101011100011
11110101011100101
11110101011100111
11110101011101101
11110101011101111
11110101100000001
11110101100000011
11110101100000101
11110101100000111
11110101100001001
11110101100001011
11110101100001101
11110101100001111
11110101100100001
11110101100100011
11110101100100101
11110101100100111
11110101100101101
11110101100101111
11110101101000001
11110101101000011
11110101101000101
11110101101000111
11110101101001001
11110101101001011
11110101101001101
11110101101001111
11110101101100001
11110101101100011
11110101101100101
11110101101100111
11110101101101101
11110101101101111
11110101110000001
11110101110000011
11110101110000101
11110101110000111
11110101110001001
11110101110001011
11110101110001101
11110101110001111
11110101110100001
11110101110100011
11110101110100101
11110101110100111
11110101110101101
11110101110101111
11110101111000001
11110101111000011
11110101111000101
11110101111000111
11110101111001001
11110101111001011
11110101111001101
11110101111001111
11110101111100001
11110101111100011
11110101111100101
11110101111100111
11110101111101101
11110101111101111
11110111010000001
11110111010000011
11110111010000101
11110111010000111
11110111010001001
11110111010001011
11110111010001101
11110111010001111
11110111010010001
11110111010010011
11110111010010101
11110111010010111
11110111010011001
11110111010011011
11110111010011101
11110111010011111
11110111010100001
11110111010100011
11110111010100101
11110111010100111
11110111010101101
11110111010101111
11110111010110001
11110111010110011
11110111010110101
11110111010110111
11110111010111101
11110111010111111
11111001000001001
11111001000001011
11111001000101001
11111001000101011
11111001001001001
11111001001001011
11111001001101001
11111001001101011
11111001010001001
11111001010001011
11111001010011001
11111001010011011
11111001010101001
11111001010101011
11111001010111001
11111001010111011
11111001011001001
11111001011001011
11111001011101001
11111001011101011
11111001100001001
11111001100001011
11111001100101001
11111001100101011
11111001101001001
11111001101001011
11111001101101001
11111001101101011
11111001110001001
11111001110001011
11111001110101001
11111001110101011
11111001111001001
11111001111001011
11111001111101001
11111001111101011
11111011000101001
11111011000101011
11111011001101001
11111011001101011
11111011010001001
11111011010001011
11111011010011001
11111011010011011
11111011010101001
11111011010101011
11111011010111001
11111011010111011
11111011011101001
11111011011101011
11111011100101001
11111011100101011
11111011101101001
11111011101101011
11111011110101001
11111011110101011
11111011111101001
11111011111101011
11111101000001001
11111101000001011
11111101001001001
11111101001001011
11111101010001001
11111101010001011
11111101010011001
11111101010011011
11111101011001001
11111101011001011
11111101100001001
11111101100001011
11111101101001001
11111101101001011
11111101110001001
11111101110001011
11111101111001001
11111101111001011
11111111010001001
11111111010001011
11111111010011001
11111111010011011
