10000011001010001
10000011001010011
10000011001010101
10000011001010111
10000011001011001
10000011001011011
10000011001011101
10000011001011111
10000011001110101
10000011001110111
10000011001111101
10000011001111111
10000011011010001
10000011011010011
10000011011010101
10000011011010111
10000011011011001
10000011011011011
10000011011011101
10000011011011111
10000011011110101
10000011011110111
10000011011111101
10000011011111111
10000011101010001
10000011101010011
10000011101010101
10000011101010111
10000011101011001
10000011101011011
10000011101011101
10000011101011111
10000011101110101
10000011101110111
10000011101111101
10000011101111111
10000011111010001
10000011111010011
10000011111010101
10000011111010111
10000011111011001
10000011111011011
10000011111011101
10000011111011111
10000011111110101
10000011111110111
10000011111111101
10000011111111111
10000111001010001
10000111001010011
10000111001010101
10000111001010111
10000111001011001
10000111001011011
10000111001011101
10000111001011111
10000111001110101
10000111001110111
10000111001111101
10000111001111111
10000111011010001
10000111011010011
10000111011010101
10000111011010111
10000111011011001
10000111011011011
10000111011011101
10000111011011111
10000111011110101
10000111011110111
10000111011111101
10000111011111111
10000111101010001
10000111101010011
10000111101010101
10000111101010111
10000111101011001
10000111101011011
10000111101011101
10000111101011111
10000111101110101
10000111101110111
10000111101111101
10000111101111111
10000111111010001
10000111111010011
10000111111010101
10000111111010111
10000111111011001
10000111111011011
10000111111011101
10000111111011111
10000111111110101
10000111111110111
10000111111111101
10000111111111111
10001011001011001
10001011001011011
10001011011011001
10001011011011011
10001011101011001
10001011101011011
10001011111011001
10001011111011011
10001111001011001
10001111001011011
10001111011011001
10001111011011011
10001111101011001
10001111101011011
10001111111011001
10001111111011011
10010011001010001
10010011001010011
10010011001010101
10010011001010111
10010011001011001
10010011001011011
10010011001011101
10010011001011111
10010011001110101
10010011001110111
10010011001111101
10010011001111111
10010011011010001
10010011011010011
10010011011010101
10010011011010111
10010011011011001
10010011011011011
10010011011011101
10010011011011111
10010011011110101
10010011011110111
10010011011111101
10010011011111111
10010011101010001
10010011101010011
10010011101010101
10010011101010111
10010011101011001
10010011101011011
10010011101011101
10010011101011111
10010011101110101
10010011101110111
10010011101111101
10010011101111111
10010011111010001
10010011111010011
10010011111010101
10010011111010111
10010011111011001
10010011111011011
10010011111011101
10010011111011111
10010011111110101
10010011111110111
10010011111111101
10010011111111111
10010111001010001
10010111001010011
10010111001010101
10010111001010111
10010111001011001
10010111001011011
10010111001011101
10010111001011111
10010111001110101
10010111001110111
10010111001111101
10010111001111111
10010111011010001
10010111011010011
10010111011010101
10010111011010111
10010111011011001
10010111011011011
10010111011011101
10010111011011111
10010111011110101
10010111011110111
10010111011111101
10010111011111111
10010111101010001
10010111101010011
10010111101010101
10010111101010111
10010111101011001
10010111101011011
10010111101011101
10010111101011111
10010111101110101
10010111101110111
10010111101111101
10010111101111111
10010111111010001
10010111111010011
10010111111010101
10010111111010111
10010111111011001
10010111111011011
10010111111011101
10010111111011111
10010111111110101
10010111111110111
10010111111111101
10010111111111111
10011011001011001
10011011001011011
10011011011011001
10011011011011011
10011011101011001
10011011101011011
10011011111011001
10011011111011011
10011111001011001
10011111001011011
10011111011011001
10011111011011011
10011111101011001
10011111101011011
10011111111011001
10011111111011011
10100011000010001
10100011000010011
10100011000010101
10100011000010111
10100011000011001
10100011000011011
10100011000011101
10100011000011111
10100011000110101
10100011000110111
10100011000111101
10100011000111111
10100011001010001
10100011001010011
10100011001010101
10100011001010111
10100011001011001
10100011001011011
10100011001011101
10100011001011111
10100011001110101
10100011001110111
10100011001111101
10100011001111111
10100011011010001
10100011011010011
10100011011010101
10100011011010111
10100011011011001
10100011011011011
10100011011011101
10100011011011111
10100011011110101
10100011011110111
10100011011111101
10100011011111111
10100011100010001
10100011100010011
10100011100010101
10100011100010111
10100011100011001
10100011100011011
10100011100011101
10100011100011111
10100011100110101
10100011100110111
10100011100111101
10100011100111111
10100011101010001
10100011101010011
10100011101010101
10100011101010111
10100011101011001
10100011101011011
10100011101011101
10100011101011111
10100011101110101
10100011101110111
10100011101111101
10100011101111111
10100011110010001
10100011110010011
10100011110010101
10100011110010111
10100011110011001
10100011110011011
10100011110011101
10100011110011111
10100011110110101
10100011110110111
10100011110111101
10100011110111111
10100011111010001
10100011111010011
10100011111010101
10100011111010111
10100011111011001
10100011111011011
10100011111011101
10100011111011111
10100011111110101
10100011111110111
10100011111111101
10100011111111111
10100111000010001
10100111000010011
10100111000010101
10100111000010111
10100111000011001
10100111000011011
10100111000011101
10100111000011111
10100111000110101
10100111000110111
10100111000111101
10100111000111111
10100111001010001
10100111001010011
10100111001010101
10100111001010111
10100111001011001
10100111001011011
10100111001011101
10100111001011111
10100111001110101
10100111001110111
10100111001111101
10100111001111111
10100111011010001
10100111011010011
10100111011010101
10100111011010111
10100111011011001
10100111011011011
10100111011011101
10100111011011111
10100111011110101
10100111011110111
10100111011111101
10100111011111111
10100111100010001
10100111100010011
10100111100010101
10100111100010111
10100111100011001
10100111100011011
10100111100011101
10100111100011111
10100111100110101
10100111100110111
10100111100111101
10100111100111111
10100111101010001
10100111101010011
10100111101010101
10100111101010111
10100111101011001
10100111101011011
10100111101011101
10100111101011111
10100111101110101
10100111101110111
10100111101111101
10100111101111111
10100111110010001
10100111110010011
10100111110010101
10100111110010111
10100111110011001
10100111110011011
10100111110011101
10100111110011111
10100111110110101
10100111110110111
10100111110111101
10100111110111111
10100111111010001
10100111111010011
10100111111010101
10100111111010111
10100111111011001
10100111111011011
10100111111011101
10100111111011111
10100111111110101
10100111111110111
10100111111111101
10100111111111111
10101011000011001
10101011000011011
10101011001011001
10101011001011011
10101011011011001
10101011011011011
10101011100011001
10101011100011011
10101011101011001
10101011101011011
10101011110011001
10101011110011011
10101011111011001
10101011111011011
10101111000011001
10101111000011011
10101111001011001
10101111001011011
10101111011011001
10101111011011011
10101111100011001
10101111100011011
10101111101011001
10101111101011011
10101111110011001
10101111110011011
10101111111011001
10101111111011011
10110011000010001
10110011000010011
10110011000010101
10110011000010111
10110011000011001
10110011000011011
10110011000011101
10110011000011111
10110011000110101
10110011000110111
10110011000111101
10110011000111111
10110011001010001
10110011001010011
10110011001010101
10110011001010111
10110011001011001
10110011001011011
10110011001011101
10110011001011111
10110011001110101
10110011001110111
10110011001111101
10110011001111111
10110011011010001
10110011011010011
10110011011010101
10110011011010111
10110011011011001
10110011011011011
10110011011011101
10110011011011111
10110011011110101
10110011011110111
10110011011111101
10110011011111111
10110011100010001
10110011100010011
10110011100010101
10110011100010111
10110011100011001
10110011100011011
10110011100011101
10110011100011111
10110011100110101
10110011100110111
10110011100111101
10110011100111111
10110011101010001
10110011101010011
10110011101010101
10110011101010111
10110011101011001
10110011101011011
10110011101011101
10110011101011111
10110011101110101
10110011101110111
10110011101111101
10110011101111111
10110011110010001
10110011110010011
10110011110010101
10110011110010111
10110011110011001
10110011110011011
10110011110011101
10110011110011111
10110011110110101
10110011110110111
10110011110111101
10110011110111111
10110011111010001
10110011111010011
10110011111010101
10110011111010111
10110011111011001
10110011111011011
10110011111011101
10110011111011111
10110011111110101
10110011111110111
10110011111111101
10110011111111111
10110111000010001
10110111000010011
10110111000010101
10110111000010111
10110111000011001
10110111000011011
10110111000011101
10110111000011111
10110111000110101
10110111000110111
10110111000111101
10110111000111111
10110111001010001
10110111001010011
10110111001010101
10110111001010111
10110111001011001
10110111001011011
10110111001011101
10110111001011111
10110111001110101
10110111001110111
10110111001111101
10110111001111111
10110111011010001
10110111011010011
10110111011010101
10110111011010111
10110111011011001
10110111011011011
10110111011011101
10110111011011111
10110111011110101
10110111011110111
10110111011111101
10110111011111111
10110111100010001
10110111100010011
10110111100010101
10110111100010111
10110111100011001
10110111100011011
10110111100011101
10110111100011111
10110111100110101
10110111100110111
10110111100111101
10110111100111111
10110111101010001
10110111101010011
10110111101010101
10110111101010111
10110111101011001
10110111101011011
10110111101011101
10110111101011111
10110111101110101
10110111101110111
10110111101111101
10110111101111111
10110111110010001
10110111110010011
10110111110010101
10110111110010111
10110111110011001
10110111110011011
10110111110011101
10110111110011111
10110111110110101
10110111110110111
10110111110111101
10110111110111111
10110111111010001
10110111111010011
10110111111010101
10110111111010111
10110111111011001
10110111111011011
10110111111011101
10110111111011111
10110111111110101
10110111111110111
10110111111111101
10110111111111111
10111011000011001
10111011000011011
10111011001011001
10111011001011011
10111011011011001
10111011011011011
10111011100011001
10111011100011011
10111011101011001
10111011101011011
10111011110011001
10111011110011011
10111011111011001
10111011111011011
10111111000011001
10111111000011011
10111111001011001
10111111001011011
10111111011011001
10111111011011011
10111111100011001
10111111100011011
10111111101011001
10111111101011011
10111111110011001
10111111110011011
10111111111011001
10111111111011011
11000011001010001
11000011001010011
11000011001010101
11000011001010111
11000011001011001
11000011001011011
11000011001011101
11000011001011111
11000011001110001
11000011001110011
11000011001110101
11000011001110111
11000011001111101
11000011001111111
11000011011010001
11000011011010011
11000011011010101
11000011011010111
11000011011011001
11000011011011011
11000011011011101
11000011011011111
11000011011110001
11000011011110011
11000011011110101
11000011011110111
11000011011111101
11000011011111111
11000011101010001
11000011101010011
11000011101010101
11000011101010111
11000011101011001
11000011101011011
11000011101011101
11000011101011111
11000011101110001
11000011101110011
11000011101110101
11000011101110111
11000011101111101
11000011101111111
11000011111010001
11000011111010011
11000011111010101
11000011111010111
11000011111011001
11000011111011011
11000011111011101
11000011111011111
11000011111110001
11000011111110011
11000011111110101
11000011111110111
11000011111111101
11000011111111111
11000111001010001
11000111001010011
11000111001010101
11000111001010111
11000111001011001
11000111001011011
11000111001011101
11000111001011111
11000111001110001
11000111001110011
11000111001110101
11000111001110111
11000111001111101
11000111001111111
11000111011010001
11000111011010011
11000111011010101
11000111011010111
11000111011011001
11000111011011011
11000111011011101
11000111011011111
11000111011110001
11000111011110011
11000111011110101
11000111011110111
11000111011111101
11000111011111111
11000111101010001
11000111101010011
11000111101010101
11000111101010111
11000111101011001
11000111101011011
11000111101011101
11000111101011111
11000111101110001
11000111101110011
11000111101110101
11000111101110111
11000111101111101
11000111101111111
11000111111010001
11000111111010011
11000111111010101
11000111111010111
11000111111011001
11000111111011011
11000111111011101
11000111111011111
11000111111110001
11000111111110011
11000111111110101
11000111111110111
11000111111111101
11000111111111111
11001011001011001
11001011001011011
11001011011011001
11001011011011011
11001011101011001
11001011101011011
11001011111011001
11001011111011011
11001111001011001
11001111001011011
11001111011011001
11001111011011011
11001111101011001
11001111101011011
11001111111011001
11001111111011011
11010011001010001
11010011001010011
11010011001010101
11010011001010111
11010011001011001
11010011001011011
11010011001011101
11010011001011111
11010011001110001
11010011001110011
11010011001110101
11010011001110111
11010011001111101
11010011001111111
11010011011010001
11010011011010011
11010011011010101
11010011011010111
11010011011011001
11010011011011011
11010011011011101
11010011011011111
11010011011110001
11010011011110011
11010011011110101
11010011011110111
11010011011111101
11010011011111111
11010011101010001
11010011101010011
11010011101010101
11010011101010111
11010011101011001
11010011101011011
11010011101011101
11010011101011111
11010011101110001
11010011101110011
11010011101110101
11010011101110111
11010011101111101
11010011101111111
11010011111010001
11010011111010011
11010011111010101
11010011111010111
11010011111011001
11010011111011011
11010011111011101
11010011111011111
11010011111110001
11010011111110011
11010011111110101
11010011111110111
11010011111111101
11010011111111111
11010111001010001
11010111001010011
11010111001010101
11010111001010111
11010111001011001
11010111001011011
11010111001011101
11010111001011111
11010111001110001
11010111001110011
11010111001110101
11010111001110111
11010111001111101
11010111001111111
11010111011010001
11010111011010011
11010111011010101
11010111011010111
11010111011011001
11010111011011011
11010111011011101
11010111011011111
11010111011110001
11010111011110011
11010111011110101
11010111011110111
11010111011111101
11010111011111111
11010111101010001
11010111101010011
11010111101010101
11010111101010111
11010111101011001
11010111101011011
11010111101011101
11010111101011111
11010111101110001
11010111101110011
11010111101110101
11010111101110111
11010111101111101
11010111101111111
11010111111010001
11010111111010011
11010111111010101
11010111111010111
11010111111011001
11010111111011011
11010111111011101
11010111111011111
11010111111110001
11010111111110011
11010111111110101
11010111111110111
11010111111111101
11010111111111111
11011011001011001
11011011001011011
11011011011011001
11011011011011011
11011011101011001
11011011101011011
11011011111011001
11011011111011011
11011111001011001
11011111001011011
11011111011011001
11011111011011011
11011111101011001
11011111101011011
11011111111011001
11011111111011011
11100011000010001
11100011000010011
11100011000010101
11100011000010111
11100011000011001
11100011000011011
11100011000011101
11100011000011111
11100011000110001
11100011000110011
11100011000110101
11100011000110111
11100011000111101
11100011000111111
11100011001010001
11100011001010011
11100011001010101
11100011001010111
11100011001011001
11100011001011011
11100011001011101
11100011001011111
11100011001110001
11100011001110011
11100011001110101
11100011001110111
11100011001111101
11100011001111111
11100011011010001
11100011011010011
11100011011010101
11100011011010111
11100011011011001
11100011011011011
11100011011011101
11100011011011111
11100011011110001
11100011011110011
11100011011110101
11100011011110111
11100011011111101
11100011011111111
11100011100010001
11100011100010011
11100011100010101
11100011100010111
11100011100011001
11100011100011011
11100011100011101
11100011100011111
11100011100110001
11100011100110011
11100011100110101
11100011100110111
11100011100111101
11100011100111111
11100011101010001
11100011101010011
11100011101010101
11100011101010111
11100011101011001
11100011101011011
11100011101011101
11100011101011111
11100011101110001
11100011101110011
11100011101110101
11100011101110111
11100011101111101
11100011101111111
11100011110010001
11100011110010011
11100011110010101
11100011110010111
11100011110011001
11100011110011011
11100011110011101
11100011110011111
11100011110110001
11100011110110011
11100011110110101
11100011110110111
11100011110111101
11100011110111111
11100011111010001
11100011111010011
11100011111010101
11100011111010111
11100011111011001
11100011111011011
11100011111011101
11100011111011111
11100011111110001
11100011111110011
11100011111110101
11100011111110111
11100011111111101
11100011111111111
11100111000010001
11100111000010011
11100111000010101
11100111000010111
11100111000011001
11100111000011011
11100111000011101
11100111000011111
11100111000110001
11100111000110011
11100111000110101
11100111000110111
11100111000111101
11100111000111111
11100111001010001
11100111001010011
11100111001010101
11100111001010111
11100111001011001
11100111001011011
11100111001011101
11100111001011111
11100111001110001
11100111001110011
11100111001110101
11100111001110111
11100111001111101
11100111001111111
11100111011010001
11100111011010011
11100111011010101
11100111011010111
11100111011011001
11100111011011011
11100111011011101
11100111011011111
11100111011110001
11100111011110011
11100111011110101
11100111011110111
11100111011111101
11100111011111111
11100111100010001
11100111100010011
11100111100010101
11100111100010111
11100111100011001
11100111100011011
11100111100011101
11100111100011111
11100111100110001
11100111100110011
11100111100110101
11100111100110111
11100111100111101
11100111100111111
11100111101010001
11100111101010011
11100111101010101
11100111101010111
11100111101011001
11100111101011011
11100111101011101
11100111101011111
11100111101110001
11100111101110011
11100111101110101
11100111101110111
11100111101111101
11100111101111111
11100111110010001
11100111110010011
11100111110010101
11100111110010111
11100111110011001
11100111110011011
11100111110011101
11100111110011111
11100111110110001
11100111110110011
11100111110110101
11100111110110111
11100111110111101
11100111110111111
11100111111010001
11100111111010011
11100111111010101
11100111111010111
11100111111011001
11100111111011011
11100111111011101
11100111111011111
11100111111110001
11100111111110011
11100111111110101
11100111111110111
11100111111111101
11100111111111111
11101011000011001
11101011000011011
11101011001011001
11101011001011011
11101011011011001
11101011011011011
11101011100011001
11101011100011011
11101011101011001
11101011101011011
11101011110011001
11101011110011011
11101011111011001
11101011111011011
11101111000011001
11101111000011011
11101111001011001
11101111001011011
11101111011011001
11101111011011011
11101111100011001
11101111100011011
11101111101011001
11101111101011011
11101111110011001
11101111110011011
11101111111011001
11101111111011011
11110011000010001
11110011000010011
11110011000010101
11110011000010111
11110011000011001
11110011000011011
11110011000011101
11110011000011111
11110011000110001
11110011000110011
11110011000110101
11110011000110111
11110011000111101
11110011000111111
11110011001010001
11110011001010011
11110011001010101
11110011001010111
11110011001011001
11110011001011011
11110011001011101
11110011001011111
11110011001110001
11110011001110011
11110011001110101
11110011001110111
11110011001111101
11110011001111111
11110011011010001
11110011011010011
11110011011010101
11110011011010111
11110011011011001
11110011011011011
11110011011011101
11110011011011111
11110011011110001
11110011011110011
11110011011110101
11110011011110111
11110011011111101
11110011011111111
11110011100010001
11110011100010011
11110011100010101
11110011100010111
11110011100011001
11110011100011011
11110011100011101
11110011100011111
11110011100110001
11110011100110011
11110011100110101
11110011100110111
11110011100111101
11110011100111111
11110011101010001
11110011101010011
11110011101010101
11110011101010111
11110011101011001
11110011101011011
11110011101011101
11110011101011111
11110011101110001
11110011101110011
11110011101110101
11110011101110111
11110011101111101
11110011101111111
11110011110010001
11110011110010011
11110011110010101
11110011110010111
11110011110011001
11110011110011011
11110011110011101
11110011110011111
11110011110110001
11110011110110011
11110011110110101
11110011110110111
11110011110111101
11110011110111111
11110011111010001
11110011111010011
11110011111010101
11110011111010111
11110011111011001
11110011111011011
11110011111011101
11110011111011111
11110011111110001
11110011111110011
11110011111110101
11110011111110111
11110011111111101
11110011111111111
11110111000010001
11110111000010011
11110111000010101
11110111000010111
11110111000011001
11110111000011011
11110111000011101
11110111000011111
11110111000110001
11110111000110011
11110111000110101
11110111000110111
11110111000111101
11110111000111111
11110111001010001
11110111001010011
11110111001010101
11110111001010111
11110111001011001
11110111001011011
11110111001011101
11110111001011111
11110111001110001
11110111001110011
11110111001110101
11110111001110111
11110111001111101
11110111001111111
11110111011010001
11110111011010011
11110111011010101
11110111011010111
11110111011011001
11110111011011011
11110111011011101
11110111011011111
11110111011110001
11110111011110011
11110111011110101
11110111011110111
11110111011111101
11110111011111111
11110111100010001
11110111100010011
11110111100010101
11110111100010111
11110111100011001
11110111100011011
11110111100011101
11110111100011111
11110111100110001
11110111100110011
11110111100110101
11110111100110111
11110111100111101
11110111100111111
11110111101010001
11110111101010011
11110111101010101
11110111101010111
11110111101011001
11110111101011011
11110111101011101
11110111101011111
11110111101110001
11110111101110011
11110111101110101
11110111101110111
11110111101111101
11110111101111111
11110111110010001
11110111110010011
11110111110010101
11110111110010111
11110111110011001
11110111110011011
11110111110011101
11110111110011111
11110111110110001
11110111110110011
11110111110110101
11110111110110111
11110111110111101
11110111110111111
11110111111010001
11110111111010011
11110111111010101
11110111111010111
11110111111011001
11110111111011011
11110111111011101
11110111111011111
11110111111110001
11110111111110011
11110111111110101
11110111111110111
11110111111111101
11110111111111111
11111011000011001
11111011000011011
11111011001011001
11111011001011011
11111011011011001
11111011011011011
11111011100011001
11111011100011011
11111011101011001
11111011101011011
11111011110011001
11111011110011011
11111011111011001
11111011111011011
11111111000011001
11111111000011011
11111111001011001
11111111001011011
11111111011011001
11111111011011011
11111111100011001
11111111100011011
11111111101011001
11111111101011011
11111111110011001
11111111110011011
11111111111011001
11111111111011011
