100001001000000001
100001001000000011
100001001000000101
100001001000000111
100001001000001101
100001001000001111
100001001000010001
100001001000010011
100001001000010101
100001001000010111
100001001000011101
100001001000011111
100001001000100001
100001001000100011
100001001000100101
100001001000100111
100001001000101101
100001001000101111
100001001000110001
100001001000110011
100001001000110101
100001001000110111
100001001000111101
100001001000111111
100001001001000001
100001001001000011
100001001001000101
100001001001000111
100001001001001101
100001001001001111
100001001001100001
100001001001100011
100001001001100101
100001001001100111
100001001001101101
100001001001101111
100001001001110001
100001001001110011
100001001010000001
100001001010000011
100001001010000101
100001001010000111
100001001010001101
100001001010001111
100001001010010001
100001001010010011
100001001010010101
100001001010010111
100001001010011101
100001001010011111
100001001010100001
100001001010100011
100001001010100101
100001001010100111
100001001010101101
100001001010101111
100001001010110001
100001001010110011
100001001010110101
100001001010110111
100001001010111101
100001001010111111
100001001011000001
100001001011000011
100001001011000101
100001001011000111
100001001011001101
100001001011001111
100001001011100001
100001001011100011
100001001011100101
100001001011100111
100001001011101101
100001001011101111
100001001011110001
100001001011110011
100001001100000001
100001001100000011
100001001100000101
100001001100000111
100001001100001101
100001001100001111
100001001100010001
100001001100010011
100001001100010101
100001001100010111
100001001100011101
100001001100011111
100001001100100001
100001001100100011
100001001100100101
100001001100100111
100001001100101101
100001001100101111
100001001100110001
100001001100110011
100001001100110101
100001001100110111
100001001100111101
100001001100111111
100001001101000001
100001001101000011
100001001101000101
100001001101000111
100001001101001101
100001001101001111
100001001101100001
100001001101100011
100001001101100101
100001001101100111
100001001101101101
100001001101101111
100001001101110001
100001001101110011
100001001110000001
100001001110000011
100001001110000101
100001001110000111
100001001110001101
100001001110001111
100001001110010001
100001001110010011
100001001110010101
100001001110010111
100001001110011101
100001001110011111
100001001110100001
100001001110100011
100001001110100101
100001001110100111
100001001110101101
100001001110101111
100001001110110001
100001001110110011
100001001110110101
100001001110110111
100001001110111101
100001001110111111
100001001111000001
100001001111000011
100001001111000101
100001001111000111
100001001111001101
100001001111001111
100001001111100001
100001001111100011
100001001111100101
100001001111100111
100001001111101101
100001001111101111
100001001111110001
100001001111110011
100001011010000001
100001011010000011
100001011010000101
100001011010000111
100001011010001101
100001011010001111
100001011010010001
100001011010010011
100001011010010101
100001011010010111
100001011010011101
100001011010011111
100001011010100001
100001011010100011
100001011010100101
100001011010100111
100001011010101101
100001011010101111
100001011010110001
100001011010110011
100001011010110101
100001011010110111
100001011010111101
100001011010111111
100001101000000001
100001101000000011
100001101000000101
100001101000000111
100001101000001101
100001101000001111
100001101000010001
100001101000010011
100001101000010101
100001101000010111
100001101000011101
100001101000011111
100001101000100001
100001101000100011
100001101000100101
100001101000100111
100001101000101101
100001101000101111
100001101000110001
100001101000110011
100001101000110101
100001101000110111
100001101000111101
100001101000111111
100001101001000001
100001101001000011
100001101001000101
100001101001000111
100001101001001101
100001101001001111
100001101001100001
100001101001100011
100001101001100101
100001101001100111
100001101001101101
100001101001101111
100001101001110001
100001101001110011
100001101010000001
100001101010000011
100001101010000101
100001101010000111
100001101010001101
100001101010001111
100001101010010001
100001101010010011
100001101010010101
100001101010010111
100001101010011101
100001101010011111
100001101010100001
100001101010100011
100001101010100101
100001101010100111
100001101010101101
100001101010101111
100001101010110001
100001101010110011
100001101010110101
100001101010110111
100001101010111101
100001101010111111
100001101011000001
100001101011000011
100001101011000101
100001101011000111
100001101011001101
100001101011001111
100001101011100001
100001101011100011
100001101011100101
100001101011100111
100001101011101101
100001101011101111
100001101011110001
100001101011110011
100001101100000001
100001101100000011
100001101100000101
100001101100000111
100001101100001101
100001101100001111
100001101100010001
100001101100010011
100001101100010101
100001101100010111
100001101100011101
100001101100011111
100001101100100001
100001101100100011
100001101100100101
100001101100100111
100001101100101101
100001101100101111
100001101100110001
100001101100110011
100001101100110101
100001101100110111
100001101100111101
100001101100111111
100001101101000001
100001101101000011
100001101101000101
100001101101000111
100001101101001101
100001101101001111
100001101101100001
100001101101100011
100001101101100101
100001101101100111
100001101101101101
100001101101101111
100001101101110001
100001101101110011
100001101110000001
100001101110000011
100001101110000101
100001101110000111
100001101110001101
100001101110001111
100001101110010001
100001101110010011
100001101110010101
100001101110010111
100001101110011101
100001101110011111
100001101110100001
100001101110100011
100001101110100101
100001101110100111
100001101110101101
100001101110101111
100001101110110001
100001101110110011
100001101110110101
100001101110110111
100001101110111101
100001101110111111
100001101111000001
100001101111000011
100001101111000101
100001101111000111
100001101111001101
100001101111001111
100001101111100001
100001101111100011
100001101111100101
100001101111100111
100001101111101101
100001101111101111
100001101111110001
100001101111110011
100001111010000001
100001111010000011
100001111010000101
100001111010000111
100001111010001101
100001111010001111
100001111010010001
100001111010010011
100001111010010101
100001111010010111
100001111010011101
100001111010011111
100001111010100001
100001111010100011
100001111010100101
100001111010100111
100001111010101101
100001111010101111
100001111010110001
100001111010110011
100001111010110101
100001111010110111
100001111010111101
100001111010111111
100011001000000001
100011001000000011
100011001000000101
100011001000000111
100011001000001101
100011001000001111
100011001000010001
100011001000010011
100011001000010101
100011001000010111
100011001000011101
100011001000011111
100011001000100001
100011001000100011
100011001000100101
100011001000100111
100011001000101101
100011001000101111
100011001000110001
100011001000110011
100011001000110101
100011001000110111
100011001000111101
100011001000111111
100011001001000001
100011001001000011
100011001001000101
100011001001000111
100011001001001101
100011001001001111
100011001001100001
100011001001100011
100011001001100101
100011001001100111
100011001001101101
100011001001101111
100011001001110001
100011001001110011
100011001010000001
100011001010000011
100011001010000101
100011001010000111
100011001010001101
100011001010001111
100011001010010001
100011001010010011
100011001010010101
100011001010010111
100011001010011101
100011001010011111
100011001010100001
100011001010100011
100011001010100101
100011001010100111
100011001010101101
100011001010101111
100011001010110001
100011001010110011
100011001010110101
100011001010110111
100011001010111101
100011001010111111
100011001011000001
100011001011000011
100011001011000101
100011001011000111
100011001011001101
100011001011001111
100011001011100001
100011001011100011
100011001011100101
100011001011100111
100011001011101101
100011001011101111
100011001011110001
100011001011110011
100011001100000001
100011001100000011
100011001100000101
100011001100000111
100011001100001101
100011001100001111
100011001100010001
100011001100010011
100011001100010101
100011001100010111
100011001100011101
100011001100011111
100011001100100001
100011001100100011
100011001100100101
100011001100100111
100011001100101101
100011001100101111
100011001100110001
100011001100110011
100011001100110101
100011001100110111
100011001100111101
100011001100111111
100011001101000001
100011001101000011
100011001101000101
100011001101000111
100011001101001101
100011001101001111
100011001101100001
100011001101100011
100011001101100101
100011001101100111
100011001101101101
100011001101101111
100011001101110001
100011001101110011
100011001110000001
100011001110000011
100011001110000101
100011001110000111
100011001110001101
100011001110001111
100011001110010001
100011001110010011
100011001110010101
100011001110010111
100011001110011101
100011001110011111
100011001110100001
100011001110100011
100011001110100101
100011001110100111
100011001110101101
100011001110101111
100011001110110001
100011001110110011
100011001110110101
100011001110110111
100011001110111101
100011001110111111
100011001111000001
100011001111000011
100011001111000101
100011001111000111
100011001111001101
100011001111001111
100011001111100001
100011001111100011
100011001111100101
100011001111100111
100011001111101101
100011001111101111
100011001111110001
100011001111110011
100011011010000001
100011011010000011
100011011010000101
100011011010000111
100011011010001101
100011011010001111
100011011010010001
100011011010010011
100011011010010101
100011011010010111
100011011010011101
100011011010011111
100011011010100001
100011011010100011
100011011010100101
100011011010100111
100011011010101101
100011011010101111
100011011010110001
100011011010110011
100011011010110101
100011011010110111
100011011010111101
100011011010111111
100011101000000001
100011101000000011
100011101000000101
100011101000000111
100011101000001101
100011101000001111
100011101000010001
100011101000010011
100011101000010101
100011101000010111
100011101000011101
100011101000011111
100011101000100001
100011101000100011
100011101000100101
100011101000100111
100011101000101101
100011101000101111
100011101000110001
100011101000110011
100011101000110101
100011101000110111
100011101000111101
100011101000111111
100011101001000001
100011101001000011
100011101001000101
100011101001000111
100011101001001101
100011101001001111
100011101001100001
100011101001100011
100011101001100101
100011101001100111
100011101001101101
100011101001101111
100011101001110001
100011101001110011
100011101010000001
100011101010000011
100011101010000101
100011101010000111
100011101010001101
100011101010001111
100011101010010001
100011101010010011
100011101010010101
100011101010010111
100011101010011101
100011101010011111
100011101010100001
100011101010100011
100011101010100101
100011101010100111
100011101010101101
100011101010101111
100011101010110001
100011101010110011
100011101010110101
100011101010110111
100011101010111101
100011101010111111
100011101011000001
100011101011000011
100011101011000101
100011101011000111
100011101011001101
100011101011001111
100011101011100001
100011101011100011
100011101011100101
100011101011100111
100011101011101101
100011101011101111
100011101011110001
100011101011110011
100011101100000001
100011101100000011
100011101100000101
100011101100000111
100011101100001101
100011101100001111
100011101100010001
100011101100010011
100011101100010101
100011101100010111
100011101100011101
100011101100011111
100011101100100001
100011101100100011
100011101100100101
100011101100100111
100011101100101101
100011101100101111
100011101100110001
100011101100110011
100011101100110101
100011101100110111
100011101100111101
100011101100111111
100011101101000001
100011101101000011
100011101101000101
100011101101000111
100011101101001101
100011101101001111
100011101101100001
100011101101100011
100011101101100101
100011101101100111
100011101101101101
100011101101101111
100011101101110001
100011101101110011
100011101110000001
100011101110000011
100011101110000101
100011101110000111
100011101110001101
100011101110001111
100011101110010001
100011101110010011
100011101110010101
100011101110010111
100011101110011101
100011101110011111
100011101110100001
100011101110100011
100011101110100101
100011101110100111
100011101110101101
100011101110101111
100011101110110001
100011101110110011
100011101110110101
100011101110110111
100011101110111101
100011101110111111
100011101111000001
100011101111000011
100011101111000101
100011101111000111
100011101111001101
100011101111001111
100011101111100001
100011101111100011
100011101111100101
100011101111100111
100011101111101101
100011101111101111
100011101111110001
100011101111110011
100011111010000001
100011111010000011
100011111010000101
100011111010000111
100011111010001101
100011111010001111
100011111010010001
100011111010010011
100011111010010101
100011111010010111
100011111010011101
100011111010011111
100011111010100001
100011111010100011
100011111010100101
100011111010100111
100011111010101101
100011111010101111
100011111010110001
100011111010110011
100011111010110101
100011111010110111
100011111010111101
100011111010111111
100101001000000001
100101001000000011
100101001000000101
100101001000000111
100101001000001101
100101001000001111
100101001000100001
100101001000100011
100101001000100101
100101001000100111
100101001000101101
100101001000101111
100101001000110001
100101001000110011
100101001001000001
100101001001000011
100101001001000101
100101001001000111
100101001001001101
100101001001001111
100101001001100001
100101001001100011
100101001001100101
100101001001100111
100101001001101101
100101001001101111
100101001001110001
100101001001110011
100101001010000001
100101001010000011
100101001010000101
100101001010000111
100101001010001101
100101001010001111
100101001010010001
100101001010010011
100101001010010101
100101001010010111
100101001010011101
100101001010011111
100101001010100001
100101001010100011
100101001010100101
100101001010100111
100101001010101101
100101001010101111
100101001010110001
100101001010110011
100101001010110101
100101001010110111
100101001010111101
100101001010111111
100101001011000001
100101001011000010
100101001011000011
100101001011000100
100101001011000101
100101001011000110
100101001011000111
100101001011001000
100101001011001010
100101001011001101
100101001011001111
100101001011100001
100101001011100010
100101001011100011
100101001011100100
100101001011100101
100101001011100110
100101001011100111
100101001011101000
100101001011101010
100101001011101101
100101001011101111
100101001011110001
100101001011110011
100101001100000001
100101001100000011
100101001100000101
100101001100000111
100101001100001101
100101001100001111
100101001100100001
100101001100100011
100101001100100101
100101001100100111
100101001100101101
100101001100101111
100101001100110001
100101001100110011
100101001101000001
100101001101000011
100101001101000101
100101001101000111
100101001101001101
100101001101001111
100101001101100001
100101001101100011
100101001101100101
100101001101100111
100101001101101101
100101001101101111
100101001101110001
100101001101110011
100101001110000001
100101001110000011
100101001110000101
100101001110000111
100101001110001101
100101001110001111
100101001110100001
100101001110100011
100101001110100101
100101001110100111
100101001110101101
100101001110101111
100101001110110001
100101001110110011
100101001111000001
100101001111000011
100101001111000101
100101001111000111
100101001111001101
100101001111001111
100101001111100001
100101001111100011
100101001111100101
100101001111100111
100101001111101101
100101001111101111
100101001111110001
100101001111110011
100101011010000001
100101011010000011
100101011010000101
100101011010000111
100101011010001101
100101011010001111
100101011010010001
100101011010010011
100101011010010101
100101011010010111
100101011010011101
100101011010011111
100101011010100001
100101011010100011
100101011010100101
100101011010100111
100101011010101101
100101011010101111
100101011010110001
100101011010110011
100101011010110101
100101011010110111
100101011010111101
100101011010111111
100101011011100100
100101011011100110
100101101000000001
100101101000000011
100101101000000101
100101101000000111
100101101000001101
100101101000001111
100101101000100001
100101101000100011
100101101000100101
100101101000100111
100101101000101101
100101101000101111
100101101000110001
100101101000110011
100101101001000001
100101101001000011
100101101001000101
100101101001000111
100101101001001101
100101101001001111
100101101001100001
100101101001100011
100101101001100101
100101101001100111
100101101001101101
100101101001101111
100101101001110001
100101101001110011
100101101010000001
100101101010000011
100101101010000101
100101101010000111
100101101010001101
100101101010001111
100101101010010001
100101101010010011
100101101010010101
100101101010010111
100101101010011101
100101101010011111
100101101010100001
100101101010100011
100101101010100101
100101101010100111
100101101010101101
100101101010101111
100101101010110001
100101101010110011
100101101010110101
100101101010110111
100101101010111101
100101101010111111
100101101011000001
100101101011000010
100101101011000011
100101101011000100
100101101011000101
100101101011000110
100101101011000111
100101101011001000
100101101011001010
100101101011001101
100101101011001111
100101101011100001
100101101011100010
100101101011100011
100101101011100100
100101101011100101
100101101011100110
100101101011100111
100101101011101101
100101101011101111
100101101011110001
100101101011110011
100101101100000001
100101101100000011
100101101100000101
100101101100000111
100101101100001101
100101101100001111
100101101100100001
100101101100100011
100101101100100101
100101101100100111
100101101100101101
100101101100101111
100101101100110001
100101101100110011
100101101101000001
100101101101000011
100101101101000101
100101101101000111
100101101101001101
100101101101001111
100101101101100001
100101101101100011
100101101101100101
100101101101100111
100101101101101101
100101101101101111
100101101101110001
100101101101110011
100101101110000001
100101101110000011
100101101110000101
100101101110000111
100101101110001101
100101101110001111
100101101110100001
100101101110100011
100101101110100101
100101101110100111
100101101110101101
100101101110101111
100101101110110001
100101101110110011
100101101111000001
100101101111000011
100101101111000101
100101101111000111
100101101111001101
100101101111001111
100101101111100001
100101101111100011
100101101111100101
100101101111100111
100101101111101101
100101101111101111
100101101111110001
100101101111110011
100101111010000001
100101111010000011
100101111010000101
100101111010000111
100101111010001101
100101111010001111
100101111010010001
100101111010010011
100101111010010101
100101111010010111
100101111010011101
100101111010011111
100101111010100001
100101111010100011
100101111010100101
100101111010100111
100101111010101101
100101111010101111
100101111010110001
100101111010110011
100101111010110101
100101111010110111
100101111010111101
100101111010111111
100101111011100100
100101111011100110
100111001000000001
100111001000000011
100111001000000101
100111001000000111
100111001000001101
100111001000001111
100111001000100001
100111001000100011
100111001000100101
100111001000100111
100111001000101101
100111001000101111
100111001000110001
100111001000110011
100111001001000001
100111001001000011
100111001001000101
100111001001000111
100111001001001101
100111001001001111
100111001001100001
100111001001100011
100111001001100101
100111001001100111
100111001001101101
100111001001101111
100111001001110001
100111001001110011
100111001010000001
100111001010000011
100111001010000101
100111001010000111
100111001010001101
100111001010001111
100111001010010001
100111001010010011
100111001010010101
100111001010010111
100111001010011101
100111001010011111
100111001010100001
100111001010100011
100111001010100101
100111001010100111
100111001010101101
100111001010101111
100111001010110001
100111001010110011
100111001010110101
100111001010110111
100111001010111101
100111001010111111
100111001011000001
100111001011000010
100111001011000011
100111001011000100
100111001011000101
100111001011000110
100111001011000111
100111001011001000
100111001011001010
100111001011001101
100111001011001111
100111001011100001
100111001011100010
100111001011100011
100111001011100100
100111001011100101
100111001011100110
100111001011100111
100111001011101000
100111001011101010
100111001011101101
100111001011101111
100111001011110001
100111001011110011
100111001100000001
100111001100000011
100111001100000101
100111001100000111
100111001100001101
100111001100001111
100111001100100001
100111001100100011
100111001100100101
100111001100100111
100111001100101101
100111001100101111
100111001100110001
100111001100110011
100111001101000001
100111001101000011
100111001101000101
100111001101000111
100111001101001101
100111001101001111
100111001101100001
100111001101100011
100111001101100101
100111001101100111
100111001101101101
100111001101101111
100111001101110001
100111001101110011
100111001110000001
100111001110000011
100111001110000101
100111001110000111
100111001110001101
100111001110001111
100111001110100001
100111001110100011
100111001110100101
100111001110100111
100111001110101101
100111001110101111
100111001110110001
100111001110110011
100111001111000001
100111001111000011
100111001111000101
100111001111000111
100111001111001101
100111001111001111
100111001111100001
100111001111100011
100111001111100101
100111001111100111
100111001111101101
100111001111101111
100111001111110001
100111001111110011
100111011010000001
100111011010000011
100111011010000101
100111011010000111
100111011010001101
100111011010001111
100111011010010001
100111011010010011
100111011010010101
100111011010010111
100111011010011101
100111011010011111
100111011010100001
100111011010100011
100111011010100101
100111011010100111
100111011010101101
100111011010101111
100111011010110001
100111011010110011
100111011010110101
100111011010110111
100111011010111101
100111011010111111
100111011011100100
100111011011100110
100111101000000001
100111101000000011
100111101000000101
100111101000000111
100111101000001101
100111101000001111
100111101000100001
100111101000100011
100111101000100101
100111101000100111
100111101000101101
100111101000101111
100111101000110001
100111101000110011
100111101001000001
100111101001000011
100111101001000101
100111101001000111
100111101001001101
100111101001001111
100111101001100001
100111101001100011
100111101001100101
100111101001100111
100111101001101101
100111101001101111
100111101001110001
100111101001110011
100111101010000001
100111101010000011
100111101010000101
100111101010000111
100111101010001101
100111101010001111
100111101010010001
100111101010010011
100111101010010101
100111101010010111
100111101010011101
100111101010011111
100111101010100001
100111101010100011
100111101010100101
100111101010100111
100111101010101101
100111101010101111
100111101010110001
100111101010110011
100111101010110101
100111101010110111
100111101010111101
100111101010111111
100111101011000001
100111101011000010
100111101011000011
100111101011000100
100111101011000101
100111101011000110
100111101011000111
100111101011001000
100111101011001010
100111101011001101
100111101011001111
100111101011100001
100111101011100010
100111101011100011
100111101011100100
100111101011100101
100111101011100110
100111101011100111
100111101011101101
100111101011101111
100111101011110001
100111101011110011
100111101100000001
100111101100000011
100111101100000101
100111101100000111
100111101100001101
100111101100001111
100111101100100001
100111101100100011
100111101100100101
100111101100100111
100111101100101101
100111101100101111
100111101100110001
100111101100110011
100111101101000001
100111101101000011
100111101101000101
100111101101000111
100111101101001101
100111101101001111
100111101101100001
100111101101100011
100111101101100101
100111101101100111
100111101101101101
100111101101101111
100111101101110001
100111101101110011
100111101110000001
100111101110000011
100111101110000101
100111101110000111
100111101110001101
100111101110001111
100111101110100001
100111101110100011
100111101110100101
100111101110100111
100111101110101101
100111101110101111
100111101110110001
100111101110110011
100111101111000001
100111101111000011
100111101111000101
100111101111000111
100111101111001101
100111101111001111
100111101111100001
100111101111100011
100111101111100101
100111101111100111
100111101111101101
100111101111101111
100111101111110001
100111101111110011
100111111010000001
100111111010000011
100111111010000101
100111111010000111
100111111010001101
100111111010001111
100111111010010001
100111111010010011
100111111010010101
100111111010010111
100111111010011101
100111111010011111
100111111010100001
100111111010100011
100111111010100101
100111111010100111
100111111010101101
100111111010101111
100111111010110001
100111111010110011
100111111010110101
100111111010110111
100111111010111101
100111111010111111
100111111011100100
100111111011100110
101001001000000001
101001001000000011
101001001000000101
101001001000000111
101001001000001101
101001001000001111
101001001000010001
101001001000010011
101001001000010101
101001001000010111
101001001000011101
101001001000011111
101001001000100001
101001001000100011
101001001000100101
101001001000100111
101001001000101101
101001001000101111
101001001000110001
101001001000110011
101001001000110101
101001001000110111
101001001000111101
101001001000111111
101001001001000001
101001001001000011
101001001001000101
101001001001000111
101001001001001101
101001001001001111
101001001001100001
101001001001100011
101001001001100101
101001001001100111
101001001001101101
101001001001101111
101001001010000001
101001001010000011
101001001010000101
101001001010000111
101001001010001101
101001001010001111
101001001010010001
101001001010010011
101001001010010101
101001001010010111
101001001010011101
101001001010011111
101001001010100001
101001001010100011
101001001010100101
101001001010100111
101001001010101101
101001001010101111
101001001010110001
101001001010110011
101001001010110101
101001001010110111
101001001010111101
101001001010111111
101001001011000001
101001001011000011
101001001011000101
101001001011000111
101001001011001101
101001001011001111
101001001011100001
101001001011100011
101001001011100101
101001001011100111
101001001011101101
101001001011101111
101001001100000001
101001001100000011
101001001100000101
101001001100000111
101001001100001101
101001001100001111
101001001100010001
101001001100010011
101001001100010101
101001001100010111
101001001100011101
101001001100011111
101001001100100001
101001001100100011
101001001100100101
101001001100100111
101001001100101101
101001001100101111
101001001100110001
101001001100110011
101001001100110101
101001001100110111
101001001100111101
101001001100111111
101001001101000001
101001001101000011
101001001101000101
101001001101000111
101001001101001101
101001001101001111
101001001101100001
101001001101100011
101001001101100101
101001001101100111
101001001101101101
101001001101101111
101001001110000001
101001001110000011
101001001110000101
101001001110000111
101001001110001101
101001001110001111
101001001110010001
101001001110010011
101001001110010101
101001001110010111
101001001110011101
101001001110011111
101001001110100001
101001001110100011
101001001110100101
101001001110100111
101001001110101101
101001001110101111
101001001110110001
101001001110110011
101001001110110101
101001001110110111
101001001110111101
101001001110111111
101001001111000001
101001001111000011
101001001111000101
101001001111000111
101001001111001101
101001001111001111
101001001111100001
101001001111100011
101001001111100101
101001001111100111
101001001111101101
101001001111101111
101001011010000001
101001011010000011
101001011010000101
101001011010000111
101001011010001101
101001011010001111
101001011010010001
101001011010010011
101001011010010101
101001011010010111
101001011010011101
101001011010011111
101001011010100001
101001011010100011
101001011010100101
101001011010100111
101001011010101101
101001011010101111
101001011010110001
101001011010110011
101001011010110101
101001011010110111
101001011010111101
101001011010111111
101001101000000001
101001101000000011
101001101000000101
101001101000000111
101001101000001101
101001101000001111
101001101000010001
101001101000010011
101001101000010101
101001101000010111
101001101000011101
101001101000011111
101001101000100001
101001101000100011
101001101000100101
101001101000100111
101001101000101101
101001101000101111
101001101000110001
101001101000110011
101001101000110101
101001101000110111
101001101000111101
101001101000111111
101001101001000001
101001101001000011
101001101001000101
101001101001000111
101001101001001101
101001101001001111
101001101001100001
101001101001100011
101001101001100101
101001101001100111
101001101001101101
101001101001101111
101001101010000001
101001101010000011
101001101010000101
101001101010000111
101001101010001101
101001101010001111
101001101010010001
101001101010010011
101001101010010101
101001101010010111
101001101010011101
101001101010011111
101001101010100001
101001101010100011
101001101010100101
101001101010100111
101001101010101101
101001101010101111
101001101010110001
101001101010110011
101001101010110101
101001101010110111
101001101010111101
101001101010111111
101001101011000001
101001101011000011
101001101011000101
101001101011000111
101001101011001101
101001101011001111
101001101011100001
101001101011100011
101001101011100101
101001101011100111
101001101011101101
101001101011101111
101001101100000001
101001101100000011
101001101100000101
101001101100000111
101001101100001101
101001101100001111
101001101100010001
101001101100010011
101001101100010101
101001101100010111
101001101100011101
101001101100011111
101001101100100001
101001101100100011
101001101100100101
101001101100100111
101001101100101101
101001101100101111
101001101100110001
101001101100110011
101001101100110101
101001101100110111
101001101100111101
101001101100111111
101001101101000001
101001101101000011
101001101101000101
101001101101000111
101001101101001101
101001101101001111
101001101101100001
101001101101100011
101001101101100101
101001101101100111
101001101101101101
101001101101101111
101001101110000001
101001101110000011
101001101110000101
101001101110000111
101001101110001101
101001101110001111
101001101110010001
101001101110010011
101001101110010101
101001101110010111
101001101110011101
101001101110011111
101001101110100001
101001101110100011
101001101110100101
101001101110100111
101001101110101101
101001101110101111
101001101110110001
101001101110110011
101001101110110101
101001101110110111
101001101110111101
101001101110111111
101001101111000001
101001101111000011
101001101111000101
101001101111000111
101001101111001101
101001101111001111
101001101111100001
101001101111100011
101001101111100101
101001101111100111
101001101111101101
101001101111101111
101001111010000001
101001111010000011
101001111010000101
101001111010000111
101001111010001101
101001111010001111
101001111010010001
101001111010010011
101001111010010101
101001111010010111
101001111010011101
101001111010011111
101001111010100001
101001111010100011
101001111010100101
101001111010100111
101001111010101101
101001111010101111
101001111010110001
101001111010110011
101001111010110101
101001111010110111
101001111010111101
101001111010111111
101011001000000001
101011001000000011
101011001000000101
101011001000000111
101011001000001101
101011001000001111
101011001000010001
101011001000010011
101011001000010101
101011001000010111
101011001000011101
101011001000011111
101011001000100001
101011001000100011
101011001000100101
101011001000100111
101011001000101101
101011001000101111
101011001000110001
101011001000110011
101011001000110101
101011001000110111
101011001000111101
101011001000111111
101011001001000001
101011001001000011
101011001001000101
101011001001000111
101011001001001101
101011001001001111
101011001001100001
101011001001100011
101011001001100101
101011001001100111
101011001001101101
101011001001101111
101011001010000001
101011001010000011
101011001010000101
101011001010000111
101011001010001101
101011001010001111
101011001010010001
101011001010010011
101011001010010101
101011001010010111
101011001010011101
101011001010011111
101011001010100001
101011001010100011
101011001010100101
101011001010100111
101011001010101101
101011001010101111
101011001010110001
101011001010110011
101011001010110101
101011001010110111
101011001010111101
101011001010111111
101011001011000001
101011001011000011
101011001011000101
101011001011000111
101011001011001101
101011001011001111
101011001011100001
101011001011100011
101011001011100101
101011001011100111
101011001011101101
101011001011101111
101011001100000001
101011001100000011
101011001100000101
101011001100000111
101011001100001101
101011001100001111
101011001100010001
101011001100010011
101011001100010101
101011001100010111
101011001100011101
101011001100011111
101011001100100001
101011001100100011
101011001100100101
101011001100100111
101011001100101101
101011001100101111
101011001100110001
101011001100110011
101011001100110101
101011001100110111
101011001100111101
101011001100111111
101011001101000001
101011001101000011
101011001101000101
101011001101000111
101011001101001101
101011001101001111
101011001101100001
101011001101100011
101011001101100101
101011001101100111
101011001101101101
101011001101101111
101011001110000001
101011001110000011
101011001110000101
101011001110000111
101011001110001101
101011001110001111
101011001110010001
101011001110010011
101011001110010101
101011001110010111
101011001110011101
101011001110011111
101011001110100001
101011001110100011
101011001110100101
101011001110100111
101011001110101101
101011001110101111
101011001110110001
101011001110110011
101011001110110101
101011001110110111
101011001110111101
101011001110111111
101011001111000001
101011001111000011
101011001111000101
101011001111000111
101011001111001101
101011001111001111
101011001111100001
101011001111100011
101011001111100101
101011001111100111
101011001111101101
101011001111101111
101011011010000001
101011011010000011
101011011010000101
101011011010000111
101011011010001101
101011011010001111
101011011010010001
101011011010010011
101011011010010101
101011011010010111
101011011010011101
101011011010011111
101011011010100001
101011011010100011
101011011010100101
101011011010100111
101011011010101101
101011011010101111
101011011010110001
101011011010110011
101011011010110101
101011011010110111
101011011010111101
101011011010111111
101011101000000001
101011101000000011
101011101000000101
101011101000000111
101011101000001101
101011101000001111
101011101000010001
101011101000010011
101011101000010101
101011101000010111
101011101000011101
101011101000011111
101011101000100001
101011101000100011
101011101000100101
101011101000100111
101011101000101101
101011101000101111
101011101000110001
101011101000110011
101011101000110101
101011101000110111
101011101000111101
101011101000111111
101011101001000001
101011101001000011
101011101001000101
101011101001000111
101011101001001101
101011101001001111
101011101001100001
101011101001100011
101011101001100101
101011101001100111
101011101001101101
101011101001101111
101011101010000001
101011101010000011
101011101010000101
101011101010000111
101011101010001101
101011101010001111
101011101010010001
101011101010010011
101011101010010101
101011101010010111
101011101010011101
101011101010011111
101011101010100001
101011101010100011
101011101010100101
101011101010100111
101011101010101101
101011101010101111
101011101010110001
101011101010110011
101011101010110101
101011101010110111
101011101010111101
101011101010111111
101011101011000001
101011101011000011
101011101011000101
101011101011000111
101011101011001101
101011101011001111
101011101011100001
101011101011100011
101011101011100101
101011101011100111
101011101011101101
101011101011101111
101011101100000001
101011101100000011
101011101100000101
101011101100000111
101011101100001101
101011101100001111
101011101100010001
101011101100010011
101011101100010101
101011101100010111
101011101100011101
101011101100011111
101011101100100001
101011101100100011
101011101100100101
101011101100100111
101011101100101101
101011101100101111
101011101100110001
101011101100110011
101011101100110101
101011101100110111
101011101100111101
101011101100111111
101011101101000001
101011101101000011
101011101101000101
101011101101000111
101011101101001101
101011101101001111
101011101101100001
101011101101100011
101011101101100101
101011101101100111
101011101101101101
101011101101101111
101011101110000001
101011101110000011
101011101110000101
101011101110000111
101011101110001101
101011101110001111
101011101110010001
101011101110010011
101011101110010101
101011101110010111
101011101110011101
101011101110011111
101011101110100001
101011101110100011
101011101110100101
101011101110100111
101011101110101101
101011101110101111
101011101110110001
101011101110110011
101011101110110101
101011101110110111
101011101110111101
101011101110111111
101011101111000001
101011101111000011
101011101111000101
101011101111000111
101011101111001101
101011101111001111
101011101111100001
101011101111100011
101011101111100101
101011101111100111
101011101111101101
101011101111101111
101011111010000001
101011111010000011
101011111010000101
101011111010000111
101011111010001101
101011111010001111
101011111010010001
101011111010010011
101011111010010101
101011111010010111
101011111010011101
101011111010011111
101011111010100001
101011111010100011
101011111010100101
101011111010100111
101011111010101101
101011111010101111
101011111010110001
101011111010110011
101011111010110101
101011111010110111
101011111010111101
101011111010111111
101101001000000001
101101001000000011
101101001000000101
101101001000000111
101101001000001101
101101001000001111
101101001000100001
101101001000100011
101101001000100101
101101001000100111
101101001000101101
101101001000101111
101101001001000001
101101001001000011
101101001001000101
101101001001000111
101101001001001101
101101001001001111
101101001001100001
101101001001100011
101101001001100101
101101001001100111
101101001001101101
101101001001101111
101101001010000001
101101001010000011
101101001010000101
101101001010000111
101101001010001101
101101001010001111
101101001010010001
101101001010010011
101101001010010101
101101001010010111
101101001010011101
101101001010011111
101101001010100001
101101001010100011
101101001010100101
101101001010100111
101101001010101101
101101001010101111
101101001010110001
101101001010110011
101101001010110101
101101001010110111
101101001010111101
101101001010111111
101101001011000001
101101001011000010
101101001011000011
101101001011000100
101101001011000101
101101001011000110
101101001011000111
101101001011001000
101101001011001010
101101001011001101
101101001011001111
101101001011100001
101101001011100010
101101001011100011
101101001011100100
101101001011100101
101101001011100110
101101001011100111
101101001011101000
101101001011101010
101101001011101101
101101001011101111
101101001100000001
101101001100000011
101101001100000101
101101001100000111
101101001100001101
101101001100001111
101101001100100001
101101001100100011
101101001100100101
101101001100100111
101101001100101101
101101001100101111
101101001101000001
101101001101000011
101101001101000101
101101001101000111
101101001101001101
101101001101001111
101101001101100001
101101001101100011
101101001101100101
101101001101100111
101101001101101101
101101001101101111
101101001110000001
101101001110000011
101101001110000101
101101001110000111
101101001110001101
101101001110001111
101101001110100001
101101001110100011
101101001110100101
101101001110100111
101101001110101101
101101001110101111
101101001111000001
101101001111000011
101101001111000101
101101001111000111
101101001111001101
101101001111001111
101101001111100001
101101001111100011
101101001111100101
101101001111100111
101101001111101101
101101001111101111
101101011010000001
101101011010000011
101101011010000101
101101011010000111
101101011010001101
101101011010001111
101101011010010001
101101011010010011
101101011010010101
101101011010010111
101101011010011101
101101011010011111
101101011010100001
101101011010100011
101101011010100101
101101011010100111
101101011010101101
101101011010101111
101101011010110001
101101011010110011
101101011010110101
101101011010110111
101101011010111101
101101011010111111
101101011011100100
101101011011100110
101101101000000001
101101101000000011
101101101000000101
101101101000000111
101101101000001101
101101101000001111
101101101000100001
101101101000100011
101101101000100101
101101101000100111
101101101000101101
101101101000101111
101101101001000001
101101101001000011
101101101001000101
101101101001000111
101101101001001101
101101101001001111
101101101001100001
101101101001100011
101101101001100101
101101101001100111
101101101001101101
101101101001101111
101101101010000001
101101101010000011
101101101010000101
101101101010000111
101101101010001101
101101101010001111
101101101010010001
101101101010010011
101101101010010101
101101101010010111
101101101010011101
101101101010011111
101101101010100001
101101101010100011
101101101010100101
101101101010100111
101101101010101101
101101101010101111
101101101010110001
101101101010110011
101101101010110101
101101101010110111
101101101010111101
101101101010111111
101101101011000001
101101101011000010
101101101011000011
101101101011000100
101101101011000101
101101101011000110
101101101011000111
101101101011001000
101101101011001010
101101101011001101
101101101011001111
101101101011100001
101101101011100010
101101101011100011
101101101011100100
101101101011100101
101101101011100110
101101101011100111
101101101011101101
101101101011101111
101101101100000001
101101101100000011
101101101100000101
101101101100000111
101101101100001101
101101101100001111
101101101100100001
101101101100100011
101101101100100101
101101101100100111
101101101100101101
101101101100101111
101101101101000001
101101101101000011
101101101101000101
101101101101000111
101101101101001101
101101101101001111
101101101101100001
101101101101100011
101101101101100101
101101101101100111
101101101101101101
101101101101101111
101101101110000001
101101101110000011
101101101110000101
101101101110000111
101101101110001101
101101101110001111
101101101110100001
101101101110100011
101101101110100101
101101101110100111
101101101110101101
101101101110101111
101101101111000001
101101101111000011
101101101111000101
101101101111000111
101101101111001101
101101101111001111
101101101111100001
101101101111100011
101101101111100101
101101101111100111
101101101111101101
101101101111101111
101101111010000001
101101111010000011
101101111010000101
101101111010000111
101101111010001101
101101111010001111
101101111010010001
101101111010010011
101101111010010101
101101111010010111
101101111010011101
101101111010011111
101101111010100001
101101111010100011
101101111010100101
101101111010100111
101101111010101101
101101111010101111
101101111010110001
101101111010110011
101101111010110101
101101111010110111
101101111010111101
101101111010111111
101101111011100100
101101111011100110
101111001000000001
101111001000000011
101111001000000101
101111001000000111
101111001000001101
101111001000001111
101111001000100001
101111001000100011
101111001000100101
101111001000100111
101111001000101101
101111001000101111
101111001001000001
101111001001000011
101111001001000101
101111001001000111
101111001001001101
101111001001001111
101111001001100001
101111001001100011
101111001001100101
101111001001100111
101111001001101101
101111001001101111
101111001010000001
101111001010000011
101111001010000101
101111001010000111
101111001010001101
101111001010001111
101111001010010001
101111001010010011
101111001010010101
101111001010010111
101111001010011101
101111001010011111
101111001010100001
101111001010100011
101111001010100101
101111001010100111
101111001010101101
101111001010101111
101111001010110001
101111001010110011
101111001010110101
101111001010110111
101111001010111101
101111001010111111
101111001011000001
101111001011000010
101111001011000011
101111001011000100
101111001011000101
101111001011000110
101111001011000111
101111001011001000
101111001011001010
101111001011001101
101111001011001111
101111001011100001
101111001011100010
101111001011100011
101111001011100100
101111001011100101
101111001011100110
101111001011100111
101111001011101000
101111001011101010
101111001011101101
101111001011101111
101111001100000001
101111001100000011
101111001100000101
101111001100000111
101111001100001101
101111001100001111
101111001100100001
101111001100100011
101111001100100101
101111001100100111
101111001100101101
101111001100101111
101111001101000001
101111001101000011
101111001101000101
101111001101000111
101111001101001101
101111001101001111
101111001101100001
101111001101100011
101111001101100101
101111001101100111
101111001101101101
101111001101101111
101111001110000001
101111001110000011
101111001110000101
101111001110000111
101111001110001101
101111001110001111
101111001110100001
101111001110100011
101111001110100101
101111001110100111
101111001110101101
101111001110101111
101111001111000001
101111001111000011
101111001111000101
101111001111000111
101111001111001101
101111001111001111
101111001111100001
101111001111100011
101111001111100101
101111001111100111
101111001111101101
101111001111101111
101111011010000001
101111011010000011
101111011010000101
101111011010000111
101111011010001101
101111011010001111
101111011010010001
101111011010010011
101111011010010101
101111011010010111
101111011010011101
101111011010011111
101111011010100001
101111011010100011
101111011010100101
101111011010100111
101111011010101101
101111011010101111
101111011010110001
101111011010110011
101111011010110101
101111011010110111
101111011010111101
101111011010111111
101111011011100100
101111011011100110
101111101000000001
101111101000000011
101111101000000101
101111101000000111
101111101000001101
101111101000001111
101111101000100001
101111101000100011
101111101000100101
101111101000100111
101111101000101101
101111101000101111
101111101001000001
101111101001000011
101111101001000101
101111101001000111
101111101001001101
101111101001001111
101111101001100001
101111101001100011
101111101001100101
101111101001100111
101111101001101101
101111101001101111
101111101010000001
101111101010000011
101111101010000101
101111101010000111
101111101010001101
101111101010001111
101111101010010001
101111101010010011
101111101010010101
101111101010010111
101111101010011101
101111101010011111
101111101010100001
101111101010100011
101111101010100101
101111101010100111
101111101010101101
101111101010101111
101111101010110001
101111101010110011
101111101010110101
101111101010110111
101111101010111101
101111101010111111
101111101011000001
101111101011000010
101111101011000011
101111101011000100
101111101011000101
101111101011000110
101111101011000111
101111101011001000
101111101011001010
101111101011001101
101111101011001111
101111101011100001
101111101011100010
101111101011100011
101111101011100100
101111101011100101
101111101011100110
101111101011100111
101111101011101101
101111101011101111
101111101100000001
101111101100000011
101111101100000101
101111101100000111
101111101100001101
101111101100001111
101111101100100001
101111101100100011
101111101100100101
101111101100100111
101111101100101101
101111101100101111
101111101101000001
101111101101000011
101111101101000101
101111101101000111
101111101101001101
101111101101001111
101111101101100001
101111101101100011
101111101101100101
101111101101100111
101111101101101101
101111101101101111
101111101110000001
101111101110000011
101111101110000101
101111101110000111
101111101110001101
101111101110001111
101111101110100001
101111101110100011
101111101110100101
101111101110100111
101111101110101101
101111101110101111
101111101111000001
101111101111000011
101111101111000101
101111101111000111
101111101111001101
101111101111001111
101111101111100001
101111101111100011
101111101111100101
101111101111100111
101111101111101101
101111101111101111
101111111010000001
101111111010000011
101111111010000101
101111111010000111
101111111010001101
101111111010001111
101111111010010001
101111111010010011
101111111010010101
101111111010010111
101111111010011101
101111111010011111
101111111010100001
101111111010100011
101111111010100101
101111111010100111
101111111010101101
101111111010101111
101111111010110001
101111111010110011
101111111010110101
101111111010110111
101111111010111101
101111111010111111
101111111011100100
101111111011100110
