100001011001010001
100001011001010011
100001011001010101
100001011001010111
100001011001011101
100001011001011111
100001011001110101
100001011001110111
100001011001111101
100001011001111111
100001011011010001
100001011011010011
100001011011010101
100001011011010111
100001011011011101
100001011011011111
100001011011110101
100001011011110111
100001011011111101
100001011011111111
100001011101010001
100001011101010011
100001011101010101
100001011101010111
100001011101011101
100001011101011111
100001011101110101
100001011101110111
100001011101111101
100001011101111111
100001011111010001
100001011111010011
100001011111010101
100001011111010111
100001011111011101
100001011111011111
100001011111110101
100001011111110111
100001011111111101
100001011111111111
100001111001010001
100001111001010011
100001111001010101
100001111001010111
100001111001011101
100001111001011111
100001111001110101
100001111001110111
100001111001111101
100001111001111111
100001111011010001
100001111011010011
100001111011010101
100001111011010111
100001111011011101
100001111011011111
100001111011110101
100001111011110111
100001111011111101
100001111011111111
100001111101010001
100001111101010011
100001111101010101
100001111101010111
100001111101011101
100001111101011111
100001111101110101
100001111101110111
100001111101111101
100001111101111111
100001111111010001
100001111111010011
100001111111010101
100001111111010111
100001111111011101
100001111111011111
100001111111110101
100001111111110111
100001111111111101
100001111111111111
100011011001010001
100011011001010011
100011011001010101
100011011001010111
100011011001011101
100011011001011111
100011011001110101
100011011001110111
100011011001111101
100011011001111111
100011011011010001
100011011011010011
100011011011010101
100011011011010111
100011011011011101
100011011011011111
100011011011110101
100011011011110111
100011011011111101
100011011011111111
100011011101010001
100011011101010011
100011011101010101
100011011101010111
100011011101011101
100011011101011111
100011011101110101
100011011101110111
100011011101111101
100011011101111111
100011011111010001
100011011111010011
100011011111010101
100011011111010111
100011011111011101
100011011111011111
100011011111110101
100011011111110111
100011011111111101
100011011111111111
100011111001010001
100011111001010011
100011111001010101
100011111001010111
100011111001011101
100011111001011111
100011111001110101
100011111001110111
100011111001111101
100011111001111111
100011111011010001
100011111011010011
100011111011010101
100011111011010111
100011111011011101
100011111011011111
100011111011110101
100011111011110111
100011111011111101
100011111011111111
100011111101010001
100011111101010011
100011111101010101
100011111101010111
100011111101011101
100011111101011111
100011111101110101
100011111101110111
100011111101111101
100011111101111111
100011111111010001
100011111111010011
100011111111010101
100011111111010111
100011111111011101
100011111111011111
100011111111110101
100011111111110111
100011111111111101
100011111111111111
100101011000010001
100101011000010011
100101011000010101
100101011000010111
100101011000011101
100101011000011111
100101011000110101
100101011000110111
100101011000111101
100101011000111111
100101011001010001
100101011001010011
100101011001010101
100101011001010111
100101011001011101
100101011001011111
100101011001110101
100101011001110111
100101011001111101
100101011001111111
100101011011010001
100101011011010010
100101011011010011
100101011011010100
100101011011010101
100101011011010110
100101011011010111
100101011011011000
100101011011011010
100101011011011101
100101011011011111
100101011011110010
100101011011110101
100101011011110111
100101011011111000
100101011011111010
100101011011111101
100101011011111111
100101011100010001
100101011100010011
100101011100010101
100101011100010111
100101011100011101
100101011100011111
100101011100110101
100101011100110111
100101011100111101
100101011100111111
100101011101010001
100101011101010011
100101011101010101
100101011101010111
100101011101011101
100101011101011111
100101011101110101
100101011101110111
100101011101111101
100101011101111111
100101011110010001
100101011110010011
100101011110010101
100101011110010111
100101011110011101
100101011110011111
100101011110110101
100101011110110111
100101011110111101
100101011110111111
100101011111010001
100101011111010011
100101011111010101
100101011111010111
100101011111011101
100101011111011111
100101011111110101
100101011111110111
100101011111111101
100101011111111111
100101111000010001
100101111000010011
100101111000010101
100101111000010111
100101111000011101
100101111000011111
100101111000110101
100101111000110111
100101111000111101
100101111000111111
100101111001010001
100101111001010011
100101111001010101
100101111001010111
100101111001011101
100101111001011111
100101111001110101
100101111001110111
100101111001111101
100101111001111111
100101111011010001
100101111011010010
100101111011010011
100101111011010100
100101111011010101
100101111011010110
100101111011010111
100101111011011000
100101111011011010
100101111011011101
100101111011011111
100101111011110010
100101111011110101
100101111011110111
100101111011111101
100101111011111111
100101111100010001
100101111100010011
100101111100010101
100101111100010111
100101111100011101
100101111100011111
100101111100110101
100101111100110111
100101111100111101
100101111100111111
100101111101010001
100101111101010011
100101111101010101
100101111101010111
100101111101011101
100101111101011111
100101111101110101
100101111101110111
100101111101111101
100101111101111111
100101111110010001
100101111110010011
100101111110010101
100101111110010111
100101111110011101
100101111110011111
100101111110110101
100101111110110111
100101111110111101
100101111110111111
100101111111010001
100101111111010011
100101111111010101
100101111111010111
100101111111011101
100101111111011111
100101111111110101
100101111111110111
100101111111111101
100101111111111111
100111011000010001
100111011000010011
100111011000010101
100111011000010111
100111011000011101
100111011000011111
100111011000110101
100111011000110111
100111011000111101
100111011000111111
100111011001010001
100111011001010011
100111011001010101
100111011001010111
100111011001011101
100111011001011111
100111011001110101
100111011001110111
100111011001111101
100111011001111111
100111011011010001
100111011011010010
100111011011010011
100111011011010100
100111011011010101
100111011011010110
100111011011010111
100111011011011000
100111011011011010
100111011011011101
100111011011011111
100111011011110010
100111011011110101
100111011011110111
100111011011111000
100111011011111010
100111011011111101
100111011011111111
100111011100010001
100111011100010011
100111011100010101
100111011100010111
100111011100011101
100111011100011111
100111011100110101
100111011100110111
100111011100111101
100111011100111111
100111011101010001
100111011101010011
100111011101010101
100111011101010111
100111011101011101
100111011101011111
100111011101110101
100111011101110111
100111011101111101
100111011101111111
100111011110010001
100111011110010011
100111011110010101
100111011110010111
100111011110011101
100111011110011111
100111011110110101
100111011110110111
100111011110111101
100111011110111111
100111011111010001
100111011111010011
100111011111010101
100111011111010111
100111011111011101
100111011111011111
100111011111110101
100111011111110111
100111011111111101
100111011111111111
100111111000010001
100111111000010011
100111111000010101
100111111000010111
100111111000011101
100111111000011111
100111111000110101
100111111000110111
100111111000111101
100111111000111111
100111111001010001
100111111001010011
100111111001010101
100111111001010111
100111111001011101
100111111001011111
100111111001110101
100111111001110111
100111111001111101
100111111001111111
100111111011010001
100111111011010010
100111111011010011
100111111011010100
100111111011010101
100111111011010110
100111111011010111
100111111011011000
100111111011011010
100111111011011101
100111111011011111
100111111011110010
100111111011110101
100111111011110111
100111111011111101
100111111011111111
100111111100010001
100111111100010011
100111111100010101
100111111100010111
100111111100011101
100111111100011111
100111111100110101
100111111100110111
100111111100111101
100111111100111111
100111111101010001
100111111101010011
100111111101010101
100111111101010111
100111111101011101
100111111101011111
100111111101110101
100111111101110111
100111111101111101
100111111101111111
100111111110010001
100111111110010011
100111111110010101
100111111110010111
100111111110011101
100111111110011111
100111111110110101
100111111110110111
100111111110111101
100111111110111111
100111111111010001
100111111111010011
100111111111010101
100111111111010111
100111111111011101
100111111111011111
100111111111110101
100111111111110111
100111111111111101
100111111111111111
101001011001010001
101001011001010011
101001011001010101
101001011001010111
101001011001011101
101001011001011111
101001011001110001
101001011001110011
101001011001110101
101001011001110111
101001011001111101
101001011001111111
101001011011010001
101001011011010011
101001011011010101
101001011011010111
101001011011011101
101001011011011111
101001011011110001
101001011011110011
101001011011110101
101001011011110111
101001011011111101
101001011011111111
101001011101010001
101001011101010011
101001011101010101
101001011101010111
101001011101011101
101001011101011111
101001011101110001
101001011101110011
101001011101110101
101001011101110111
101001011101111101
101001011101111111
101001011111010001
101001011111010011
101001011111010101
101001011111010111
101001011111011101
101001011111011111
101001011111110001
101001011111110011
101001011111110101
101001011111110111
101001011111111101
101001011111111111
101001111001010001
101001111001010011
101001111001010101
101001111001010111
101001111001011101
101001111001011111
101001111001110001
101001111001110011
101001111001110101
101001111001110111
101001111001111101
101001111001111111
101001111011010001
101001111011010011
101001111011010101
101001111011010111
101001111011011101
101001111011011111
101001111011110001
101001111011110011
101001111011110101
101001111011110111
101001111011111101
101001111011111111
101001111101010001
101001111101010011
101001111101010101
101001111101010111
101001111101011101
101001111101011111
101001111101110001
101001111101110011
101001111101110101
101001111101110111
101001111101111101
101001111101111111
101001111111010001
101001111111010011
101001111111010101
101001111111010111
101001111111011101
101001111111011111
101001111111110001
101001111111110011
101001111111110101
101001111111110111
101001111111111101
101001111111111111
101011011001010001
101011011001010011
101011011001010101
101011011001010111
101011011001011101
101011011001011111
101011011001110001
101011011001110011
101011011001110101
101011011001110111
101011011001111101
101011011001111111
101011011011010001
101011011011010011
101011011011010101
101011011011010111
101011011011011101
101011011011011111
101011011011110001
101011011011110011
101011011011110101
101011011011110111
101011011011111101
101011011011111111
101011011101010001
101011011101010011
101011011101010101
101011011101010111
101011011101011101
101011011101011111
101011011101110001
101011011101110011
101011011101110101
101011011101110111
101011011101111101
101011011101111111
101011011111010001
101011011111010011
101011011111010101
101011011111010111
101011011111011101
101011011111011111
101011011111110001
101011011111110011
101011011111110101
101011011111110111
101011011111111101
101011011111111111
101011111001010001
101011111001010011
101011111001010101
101011111001010111
101011111001011101
101011111001011111
101011111001110001
101011111001110011
101011111001110101
101011111001110111
101011111001111101
101011111001111111
101011111011010001
101011111011010011
101011111011010101
101011111011010111
101011111011011101
101011111011011111
101011111011110001
101011111011110011
101011111011110101
101011111011110111
101011111011111101
101011111011111111
101011111101010001
101011111101010011
101011111101010101
101011111101010111
101011111101011101
101011111101011111
101011111101110001
101011111101110011
101011111101110101
101011111101110111
101011111101111101
101011111101111111
101011111111010001
101011111111010011
101011111111010101
101011111111010111
101011111111011101
101011111111011111
101011111111110001
101011111111110011
101011111111110101
101011111111110111
101011111111111101
101011111111111111
101101011000010001
101101011000010011
101101011000010101
101101011000010111
101101011000011101
101101011000011111
101101011000110001
101101011000110011
101101011000110101
101101011000110111
101101011000111101
101101011000111111
101101011001010001
101101011001010011
101101011001010101
101101011001010111
101101011001011101
101101011001011111
101101011001110001
101101011001110011
101101011001110101
101101011001110111
101101011001111101
101101011001111111
101101011011010001
101101011011010010
101101011011010011
101101011011010100
101101011011010101
101101011011010110
101101011011010111
101101011011011000
101101011011011010
101101011011011101
101101011011011111
101101011011110001
101101011011110010
101101011011110011
101101011011110101
101101011011110111
101101011011111000
101101011011111010
101101011011111101
101101011011111111
101101011100010001
101101011100010011
101101011100010101
101101011100010111
101101011100011101
101101011100011111
101101011100110001
101101011100110011
101101011100110101
101101011100110111
101101011100111101
101101011100111111
101101011101010001
101101011101010011
101101011101010101
101101011101010111
101101011101011101
101101011101011111
101101011101110001
101101011101110011
101101011101110101
101101011101110111
101101011101111101
101101011101111111
101101011110010001
101101011110010011
101101011110010101
101101011110010111
101101011110011101
101101011110011111
101101011110110001
101101011110110011
101101011110110101
101101011110110111
101101011110111101
101101011110111111
101101011111010001
101101011111010011
101101011111010101
101101011111010111
101101011111011101
101101011111011111
101101011111110001
101101011111110011
101101011111110101
101101011111110111
101101011111111101
101101011111111111
101101111000010001
101101111000010011
101101111000010101
101101111000010111
101101111000011101
101101111000011111
101101111000110001
101101111000110011
101101111000110101
101101111000110111
101101111000111101
101101111000111111
101101111001010001
101101111001010011
101101111001010101
101101111001010111
101101111001011101
101101111001011111
101101111001110001
101101111001110011
101101111001110101
101101111001110111
101101111001111101
101101111001111111
101101111011010001
101101111011010010
101101111011010011
101101111011010100
101101111011010101
101101111011010110
101101111011010111
101101111011011000
101101111011011010
101101111011011101
101101111011011111
101101111011110001
101101111011110010
101101111011110011
101101111011110101
101101111011110111
101101111011111101
101101111011111111
101101111100010001
101101111100010011
101101111100010101
101101111100010111
101101111100011101
101101111100011111
101101111100110001
101101111100110011
101101111100110101
101101111100110111
101101111100111101
101101111100111111
101101111101010001
101101111101010011
101101111101010101
101101111101010111
101101111101011101
101101111101011111
101101111101110001
101101111101110011
101101111101110101
101101111101110111
101101111101111101
101101111101111111
101101111110010001
101101111110010011
101101111110010101
101101111110010111
101101111110011101
101101111110011111
101101111110110001
101101111110110011
101101111110110101
101101111110110111
101101111110111101
101101111110111111
101101111111010001
101101111111010011
101101111111010101
101101111111010111
101101111111011101
101101111111011111
101101111111110001
101101111111110011
101101111111110101
101101111111110111
101101111111111101
101101111111111111
101111011000010001
101111011000010011
101111011000010101
101111011000010111
101111011000011101
101111011000011111
101111011000110001
101111011000110011
101111011000110101
101111011000110111
101111011000111101
101111011000111111
101111011001010001
101111011001010011
101111011001010101
101111011001010111
101111011001011101
101111011001011111
101111011001110001
101111011001110011
101111011001110101
101111011001110111
101111011001111101
101111011001111111
101111011011010001
101111011011010010
101111011011010011
101111011011010100
101111011011010101
101111011011010110
101111011011010111
101111011011011000
101111011011011010
101111011011011101
101111011011011111
101111011011110001
101111011011110010
101111011011110011
101111011011110101
101111011011110111
101111011011111000
101111011011111010
101111011011111101
101111011011111111
101111011100010001
101111011100010011
101111011100010101
101111011100010111
101111011100011101
101111011100011111
101111011100110001
101111011100110011
101111011100110101
101111011100110111
101111011100111101
101111011100111111
101111011101010001
101111011101010011
101111011101010101
101111011101010111
101111011101011101
101111011101011111
101111011101110001
101111011101110011
101111011101110101
101111011101110111
101111011101111101
101111011101111111
101111011110010001
101111011110010011
101111011110010101
101111011110010111
101111011110011101
101111011110011111
101111011110110001
101111011110110011
101111011110110101
101111011110110111
101111011110111101
101111011110111111
101111011111010001
101111011111010011
101111011111010101
101111011111010111
101111011111011101
101111011111011111
101111011111110001
101111011111110011
101111011111110101
101111011111110111
101111011111111101
101111011111111111
101111111000010001
101111111000010011
101111111000010101
101111111000010111
101111111000011101
101111111000011111
101111111000110001
101111111000110011
101111111000110101
101111111000110111
101111111000111101
101111111000111111
101111111001010001
101111111001010011
101111111001010101
101111111001010111
101111111001011101
101111111001011111
101111111001110001
101111111001110011
101111111001110101
101111111001110111
101111111001111101
101111111001111111
101111111011010001
101111111011010010
101111111011010011
101111111011010100
101111111011010101
101111111011010110
101111111011010111
101111111011011000
101111111011011010
101111111011011101
101111111011011111
101111111011110001
101111111011110010
101111111011110011
101111111011110101
101111111011110111
101111111011111101
101111111011111111
101111111100010001
101111111100010011
101111111100010101
101111111100010111
101111111100011101
101111111100011111
101111111100110001
101111111100110011
101111111100110101
101111111100110111
101111111100111101
101111111100111111
101111111101010001
101111111101010011
101111111101010101
101111111101010111
101111111101011101
101111111101011111
101111111101110001
101111111101110011
101111111101110101
101111111101110111
101111111101111101
101111111101111111
101111111110010001
101111111110010011
101111111110010101
101111111110010111
101111111110011101
101111111110011111
101111111110110001
101111111110110011
101111111110110101
101111111110110111
101111111110111101
101111111110111111
101111111111010001
101111111111010011
101111111111010101
101111111111010111
101111111111011101
101111111111011111
101111111111110001
101111111111110011
101111111111110101
101111111111110111
101111111111111101
101111111111111111
