100001011000000001
100001011000000011
100001011000000101
100001011000000111
100001011000001101
100001011000001111
100001011000010001
100001011000010011
100001011000010101
100001011000010111
100001011000011101
100001011000011111
100001011000100001
100001011000100011
100001011000100101
100001011000100111
100001011000101101
100001011000101111
100001011000110001
100001011000110011
100001011000110101
100001011000110111
100001011000111101
100001011000111111
100001011001000001
100001011001000011
100001011001000101
100001011001000111
100001011001001101
100001011001001111
100001011001100001
100001011001100011
100001011001100101
100001011001100111
100001011001101101
100001011001101111
100001011001110001
100001011001110011
100001011011000001
100001011011000011
100001011011000101
100001011011000111
100001011011001101
100001011011001111
100001011011100001
100001011011100011
100001011011100101
100001011011100111
100001011011101101
100001011011101111
100001011011110001
100001011011110011
100001011100000001
100001011100000011
100001011100000101
100001011100000111
100001011100001101
100001011100001111
100001011100010001
100001011100010011
100001011100010101
100001011100010111
100001011100011101
100001011100011111
100001011100100001
100001011100100011
100001011100100101
100001011100100111
100001011100101101
100001011100101111
100001011100110001
100001011100110011
100001011100110101
100001011100110111
100001011100111101
100001011100111111
100001011101000001
100001011101000011
100001011101000101
100001011101000111
100001011101001101
100001011101001111
100001011101100001
100001011101100011
100001011101100101
100001011101100111
100001011101101101
100001011101101111
100001011101110001
100001011101110011
100001011110000001
100001011110000011
100001011110000101
100001011110000111
100001011110001101
100001011110001111
100001011110010001
100001011110010011
100001011110010101
100001011110010111
100001011110011101
100001011110011111
100001011110100001
100001011110100011
100001011110100101
100001011110100111
100001011110101101
100001011110101111
100001011110110001
100001011110110011
100001011110110101
100001011110110111
100001011110111101
100001011110111111
100001011111000001
100001011111000011
100001011111000101
100001011111000111
100001011111001101
100001011111001111
100001011111100001
100001011111100011
100001011111100101
100001011111100111
100001011111101101
100001011111101111
100001011111110001
100001011111110011
100001111000000001
100001111000000011
100001111000000101
100001111000000111
100001111000001101
100001111000001111
100001111000010001
100001111000010011
100001111000010101
100001111000010111
100001111000011101
100001111000011111
100001111000100001
100001111000100011
100001111000100101
100001111000100111
100001111000101101
100001111000101111
100001111000110001
100001111000110011
100001111000110101
100001111000110111
100001111000111101
100001111000111111
100001111001000001
100001111001000011
100001111001000101
100001111001000111
100001111001001101
100001111001001111
100001111001100001
100001111001100011
100001111001100101
100001111001100111
100001111001101101
100001111001101111
100001111001110001
100001111001110011
100001111011000001
100001111011000011
100001111011000101
100001111011000111
100001111011001101
100001111011001111
100001111011100001
100001111011100011
100001111011100101
100001111011100111
100001111011101101
100001111011101111
100001111011110001
100001111011110011
100001111100000001
100001111100000011
100001111100000101
100001111100000111
100001111100001101
100001111100001111
100001111100010001
100001111100010011
100001111100010101
100001111100010111
100001111100011101
100001111100011111
100001111100100001
100001111100100011
100001111100100101
100001111100100111
100001111100101101
100001111100101111
100001111100110001
100001111100110011
100001111100110101
100001111100110111
100001111100111101
100001111100111111
100001111101000001
100001111101000011
100001111101000101
100001111101000111
100001111101001101
100001111101001111
100001111101100001
100001111101100011
100001111101100101
100001111101100111
100001111101101101
100001111101101111
100001111101110001
100001111101110011
100001111110000001
100001111110000011
100001111110000101
100001111110000111
100001111110001101
100001111110001111
100001111110010001
100001111110010011
100001111110010101
100001111110010111
100001111110011101
100001111110011111
100001111110100001
100001111110100011
100001111110100101
100001111110100111
100001111110101101
100001111110101111
100001111110110001
100001111110110011
100001111110110101
100001111110110111
100001111110111101
100001111110111111
100001111111000001
100001111111000011
100001111111000101
100001111111000111
100001111111001101
100001111111001111
100001111111100001
100001111111100011
100001111111100101
100001111111100111
100001111111101101
100001111111101111
100001111111110001
100001111111110011
100011011000000001
100011011000000011
100011011000000101
100011011000000111
100011011000001101
100011011000001111
100011011000010001
100011011000010011
100011011000010101
100011011000010111
100011011000011101
100011011000011111
100011011000100001
100011011000100011
100011011000100101
100011011000100111
100011011000101101
100011011000101111
100011011000110001
100011011000110011
100011011000110101
100011011000110111
100011011000111101
100011011000111111
100011011001000001
100011011001000011
100011011001000101
100011011001000111
100011011001001101
100011011001001111
100011011001100001
100011011001100011
100011011001100101
100011011001100111
100011011001101101
100011011001101111
100011011001110001
100011011001110011
100011011011000001
100011011011000011
100011011011000101
100011011011000111
100011011011001101
100011011011001111
100011011011100001
100011011011100011
100011011011100101
100011011011100111
100011011011101101
100011011011101111
100011011011110001
100011011011110011
100011011100000001
100011011100000011
100011011100000101
100011011100000111
100011011100001101
100011011100001111
100011011100010001
100011011100010011
100011011100010101
100011011100010111
100011011100011101
100011011100011111
100011011100100001
100011011100100011
100011011100100101
100011011100100111
100011011100101101
100011011100101111
100011011100110001
100011011100110011
100011011100110101
100011011100110111
100011011100111101
100011011100111111
100011011101000001
100011011101000011
100011011101000101
100011011101000111
100011011101001101
100011011101001111
100011011101100001
100011011101100011
100011011101100101
100011011101100111
100011011101101101
100011011101101111
100011011101110001
100011011101110011
100011011110000001
100011011110000011
100011011110000101
100011011110000111
100011011110001101
100011011110001111
100011011110010001
100011011110010011
100011011110010101
100011011110010111
100011011110011101
100011011110011111
100011011110100001
100011011110100011
100011011110100101
100011011110100111
100011011110101101
100011011110101111
100011011110110001
100011011110110011
100011011110110101
100011011110110111
100011011110111101
100011011110111111
100011011111000001
100011011111000011
100011011111000101
100011011111000111
100011011111001101
100011011111001111
100011011111100001
100011011111100011
100011011111100101
100011011111100111
100011011111101101
100011011111101111
100011011111110001
100011011111110011
100011111000000001
100011111000000011
100011111000000101
100011111000000111
100011111000001101
100011111000001111
100011111000010001
100011111000010011
100011111000010101
100011111000010111
100011111000011101
100011111000011111
100011111000100001
100011111000100011
100011111000100101
100011111000100111
100011111000101101
100011111000101111
100011111000110001
100011111000110011
100011111000110101
100011111000110111
100011111000111101
100011111000111111
100011111001000001
100011111001000011
100011111001000101
100011111001000111
100011111001001101
100011111001001111
100011111001100001
100011111001100011
100011111001100101
100011111001100111
100011111001101101
100011111001101111
100011111001110001
100011111001110011
100011111011000001
100011111011000011
100011111011000101
100011111011000111
100011111011001101
100011111011001111
100011111011100001
100011111011100011
100011111011100101
100011111011100111
100011111011101101
100011111011101111
100011111011110001
100011111011110011
100011111100000001
100011111100000011
100011111100000101
100011111100000111
100011111100001101
100011111100001111
100011111100010001
100011111100010011
100011111100010101
100011111100010111
100011111100011101
100011111100011111
100011111100100001
100011111100100011
100011111100100101
100011111100100111
100011111100101101
100011111100101111
100011111100110001
100011111100110011
100011111100110101
100011111100110111
100011111100111101
100011111100111111
100011111101000001
100011111101000011
100011111101000101
100011111101000111
100011111101001101
100011111101001111
100011111101100001
100011111101100011
100011111101100101
100011111101100111
100011111101101101
100011111101101111
100011111101110001
100011111101110011
100011111110000001
100011111110000011
100011111110000101
100011111110000111
100011111110001101
100011111110001111
100011111110010001
100011111110010011
100011111110010101
100011111110010111
100011111110011101
100011111110011111
100011111110100001
100011111110100011
100011111110100101
100011111110100111
100011111110101101
100011111110101111
100011111110110001
100011111110110011
100011111110110101
100011111110110111
100011111110111101
100011111110111111
100011111111000001
100011111111000011
100011111111000101
100011111111000111
100011111111001101
100011111111001111
100011111111100001
100011111111100011
100011111111100101
100011111111100111
100011111111101101
100011111111101111
100011111111110001
100011111111110011
100101011000000001
100101011000000011
100101011000000101
100101011000000111
100101011000001101
100101011000001111
100101011000100001
100101011000100011
100101011000100101
100101011000100111
100101011000101101
100101011000101111
100101011000110001
100101011000110011
100101011001000001
100101011001000011
100101011001000101
100101011001000111
100101011001001101
100101011001001111
100101011001100001
100101011001100011
100101011001100101
100101011001100111
100101011001101101
100101011001101111
100101011001110001
100101011001110011
100101011011000001
100101011011000010
100101011011000011
100101011011000100
100101011011000101
100101011011000110
100101011011000111
100101011011001000
100101011011001010
100101011011001101
100101011011001111
100101011011100001
100101011011100010
100101011011100011
100101011011100101
100101011011100111
100101011011101000
100101011011101010
100101011011101101
100101011011101111
100101011011110001
100101011011110011
100101011100000001
100101011100000011
100101011100000101
100101011100000111
100101011100001101
100101011100001111
100101011100100001
100101011100100011
100101011100100101
100101011100100111
100101011100101101
100101011100101111
100101011100110001
100101011100110011
100101011101000001
100101011101000011
100101011101000101
100101011101000111
100101011101001101
100101011101001111
100101011101100001
100101011101100011
100101011101100101
100101011101100111
100101011101101101
100101011101101111
100101011101110001
100101011101110011
100101011110000001
100101011110000011
100101011110000101
100101011110000111
100101011110001101
100101011110001111
100101011110100001
100101011110100011
100101011110100101
100101011110100111
100101011110101101
100101011110101111
100101011110110001
100101011110110011
100101011111000001
100101011111000011
100101011111000101
100101011111000111
100101011111001101
100101011111001111
100101011111100001
100101011111100011
100101011111100101
100101011111100111
100101011111101101
100101011111101111
100101011111110001
100101011111110011
100101111000000001
100101111000000011
100101111000000101
100101111000000111
100101111000001101
100101111000001111
100101111000100001
100101111000100011
100101111000100101
100101111000100111
100101111000101101
100101111000101111
100101111000110001
100101111000110011
100101111001000001
100101111001000011
100101111001000101
100101111001000111
100101111001001101
100101111001001111
100101111001100001
100101111001100011
100101111001100101
100101111001100111
100101111001101101
100101111001101111
100101111001110001
100101111001110011
100101111011000001
100101111011000010
100101111011000011
100101111011000100
100101111011000101
100101111011000110
100101111011000111
100101111011001000
100101111011001010
100101111011001101
100101111011001111
100101111011100001
100101111011100010
100101111011100011
100101111011100101
100101111011100111
100101111011101101
100101111011101111
100101111011110001
100101111011110011
100101111100000001
100101111100000011
100101111100000101
100101111100000111
100101111100001101
100101111100001111
100101111100100001
100101111100100011
100101111100100101
100101111100100111
100101111100101101
100101111100101111
100101111100110001
100101111100110011
100101111101000001
100101111101000011
100101111101000101
100101111101000111
100101111101001101
100101111101001111
100101111101100001
100101111101100011
100101111101100101
100101111101100111
100101111101101101
100101111101101111
100101111101110001
100101111101110011
100101111110000001
100101111110000011
100101111110000101
100101111110000111
100101111110001101
100101111110001111
100101111110100001
100101111110100011
100101111110100101
100101111110100111
100101111110101101
100101111110101111
100101111110110001
100101111110110011
100101111111000001
100101111111000011
100101111111000101
100101111111000111
100101111111001101
100101111111001111
100101111111100001
100101111111100011
100101111111100101
100101111111100111
100101111111101101
100101111111101111
100101111111110001
100101111111110011
100111011000000001
100111011000000011
100111011000000101
100111011000000111
100111011000001101
100111011000001111
100111011000100001
100111011000100011
100111011000100101
100111011000100111
100111011000101101
100111011000101111
100111011000110001
100111011000110011
100111011001000001
100111011001000011
100111011001000101
100111011001000111
100111011001001101
100111011001001111
100111011001100001
100111011001100011
100111011001100101
100111011001100111
100111011001101101
100111011001101111
100111011001110001
100111011001110011
100111011011000001
100111011011000010
100111011011000011
100111011011000100
100111011011000101
100111011011000110
100111011011000111
100111011011001000
100111011011001010
100111011011001101
100111011011001111
100111011011100001
100111011011100010
100111011011100011
100111011011100101
100111011011100111
100111011011101000
100111011011101010
100111011011101101
100111011011101111
100111011011110001
100111011011110011
100111011100000001
100111011100000011
100111011100000101
100111011100000111
100111011100001101
100111011100001111
100111011100100001
100111011100100011
100111011100100101
100111011100100111
100111011100101101
100111011100101111
100111011100110001
100111011100110011
100111011101000001
100111011101000011
100111011101000101
100111011101000111
100111011101001101
100111011101001111
100111011101100001
100111011101100011
100111011101100101
100111011101100111
100111011101101101
100111011101101111
100111011101110001
100111011101110011
100111011110000001
100111011110000011
100111011110000101
100111011110000111
100111011110001101
100111011110001111
100111011110100001
100111011110100011
100111011110100101
100111011110100111
100111011110101101
100111011110101111
100111011110110001
100111011110110011
100111011111000001
100111011111000011
100111011111000101
100111011111000111
100111011111001101
100111011111001111
100111011111100001
100111011111100011
100111011111100101
100111011111100111
100111011111101101
100111011111101111
100111011111110001
100111011111110011
100111111000000001
100111111000000011
100111111000000101
100111111000000111
100111111000001101
100111111000001111
100111111000100001
100111111000100011
100111111000100101
100111111000100111
100111111000101101
100111111000101111
100111111000110001
100111111000110011
100111111001000001
100111111001000011
100111111001000101
100111111001000111
100111111001001101
100111111001001111
100111111001100001
100111111001100011
100111111001100101
100111111001100111
100111111001101101
100111111001101111
100111111001110001
100111111001110011
100111111011000001
100111111011000010
100111111011000011
100111111011000100
100111111011000101
100111111011000110
100111111011000111
100111111011001000
100111111011001010
100111111011001101
100111111011001111
100111111011100001
100111111011100010
100111111011100011
100111111011100101
100111111011100111
100111111011101101
100111111011101111
100111111011110001
100111111011110011
100111111100000001
100111111100000011
100111111100000101
100111111100000111
100111111100001101
100111111100001111
100111111100100001
100111111100100011
100111111100100101
100111111100100111
100111111100101101
100111111100101111
100111111100110001
100111111100110011
100111111101000001
100111111101000011
100111111101000101
100111111101000111
100111111101001101
100111111101001111
100111111101100001
100111111101100011
100111111101100101
100111111101100111
100111111101101101
100111111101101111
100111111101110001
100111111101110011
100111111110000001
100111111110000011
100111111110000101
100111111110000111
100111111110001101
100111111110001111
100111111110100001
100111111110100011
100111111110100101
100111111110100111
100111111110101101
100111111110101111
100111111110110001
100111111110110011
100111111111000001
100111111111000011
100111111111000101
100111111111000111
100111111111001101
100111111111001111
100111111111100001
100111111111100011
100111111111100101
100111111111100111
100111111111101101
100111111111101111
100111111111110001
100111111111110011
101001011000000001
101001011000000011
101001011000000101
101001011000000111
101001011000001101
101001011000001111
101001011000010001
101001011000010011
101001011000010101
101001011000010111
101001011000011101
101001011000011111
101001011000100001
101001011000100011
101001011000100101
101001011000100111
101001011000101101
101001011000101111
101001011000110001
101001011000110011
101001011000110101
101001011000110111
101001011000111101
101001011000111111
101001011001000001
101001011001000011
101001011001000101
101001011001000111
101001011001001101
101001011001001111
101001011001100001
101001011001100011
101001011001100101
101001011001100111
101001011001101101
101001011001101111
101001011011000001
101001011011000011
101001011011000101
101001011011000111
101001011011001101
101001011011001111
101001011011100001
101001011011100011
101001011011100101
101001011011100111
101001011011101101
101001011011101111
101001011100000001
101001011100000011
101001011100000101
101001011100000111
101001011100001101
101001011100001111
101001011100010001
101001011100010011
101001011100010101
101001011100010111
101001011100011101
101001011100011111
101001011100100001
101001011100100011
101001011100100101
101001011100100111
101001011100101101
101001011100101111
101001011100110001
101001011100110011
101001011100110101
101001011100110111
101001011100111101
101001011100111111
101001011101000001
101001011101000011
101001011101000101
101001011101000111
101001011101001101
101001011101001111
101001011101100001
101001011101100011
101001011101100101
101001011101100111
101001011101101101
101001011101101111
101001011110000001
101001011110000011
101001011110000101
101001011110000111
101001011110001101
101001011110001111
101001011110010001
101001011110010011
101001011110010101
101001011110010111
101001011110011101
101001011110011111
101001011110100001
101001011110100011
101001011110100101
101001011110100111
101001011110101101
101001011110101111
101001011110110001
101001011110110011
101001011110110101
101001011110110111
101001011110111101
101001011110111111
101001011111000001
101001011111000011
101001011111000101
101001011111000111
101001011111001101
101001011111001111
101001011111100001
101001011111100011
101001011111100101
101001011111100111
101001011111101101
101001011111101111
101001111000000001
101001111000000011
101001111000000101
101001111000000111
101001111000001101
101001111000001111
101001111000010001
101001111000010011
101001111000010101
101001111000010111
101001111000011101
101001111000011111
101001111000100001
101001111000100011
101001111000100101
101001111000100111
101001111000101101
101001111000101111
101001111000110001
101001111000110011
101001111000110101
101001111000110111
101001111000111101
101001111000111111
101001111001000001
101001111001000011
101001111001000101
101001111001000111
101001111001001101
101001111001001111
101001111001100001
101001111001100011
101001111001100101
101001111001100111
101001111001101101
101001111001101111
101001111011000001
101001111011000011
101001111011000101
101001111011000111
101001111011001101
101001111011001111
101001111011100001
101001111011100011
101001111011100101
101001111011100111
101001111011101101
101001111011101111
101001111100000001
101001111100000011
101001111100000101
101001111100000111
101001111100001101
101001111100001111
101001111100010001
101001111100010011
101001111100010101
101001111100010111
101001111100011101
101001111100011111
101001111100100001
101001111100100011
101001111100100101
101001111100100111
101001111100101101
101001111100101111
101001111100110001
101001111100110011
101001111100110101
101001111100110111
101001111100111101
101001111100111111
101001111101000001
101001111101000011
101001111101000101
101001111101000111
101001111101001101
101001111101001111
101001111101100001
101001111101100011
101001111101100101
101001111101100111
101001111101101101
101001111101101111
101001111110000001
101001111110000011
101001111110000101
101001111110000111
101001111110001101
101001111110001111
101001111110010001
101001111110010011
101001111110010101
101001111110010111
101001111110011101
101001111110011111
101001111110100001
101001111110100011
101001111110100101
101001111110100111
101001111110101101
101001111110101111
101001111110110001
101001111110110011
101001111110110101
101001111110110111
101001111110111101
101001111110111111
101001111111000001
101001111111000011
101001111111000101
101001111111000111
101001111111001101
101001111111001111
101001111111100001
101001111111100011
101001111111100101
101001111111100111
101001111111101101
101001111111101111
101011011000000001
101011011000000011
101011011000000101
101011011000000111
101011011000001101
101011011000001111
101011011000010001
101011011000010011
101011011000010101
101011011000010111
101011011000011101
101011011000011111
101011011000100001
101011011000100011
101011011000100101
101011011000100111
101011011000101101
101011011000101111
101011011000110001
101011011000110011
101011011000110101
101011011000110111
101011011000111101
101011011000111111
101011011001000001
101011011001000011
101011011001000101
101011011001000111
101011011001001101
101011011001001111
101011011001100001
101011011001100011
101011011001100101
101011011001100111
101011011001101101
101011011001101111
101011011011000001
101011011011000011
101011011011000101
101011011011000111
101011011011001101
101011011011001111
101011011011100001
101011011011100011
101011011011100101
101011011011100111
101011011011101101
101011011011101111
101011011100000001
101011011100000011
101011011100000101
101011011100000111
101011011100001101
101011011100001111
101011011100010001
101011011100010011
101011011100010101
101011011100010111
101011011100011101
101011011100011111
101011011100100001
101011011100100011
101011011100100101
101011011100100111
101011011100101101
101011011100101111
101011011100110001
101011011100110011
101011011100110101
101011011100110111
101011011100111101
101011011100111111
101011011101000001
101011011101000011
101011011101000101
101011011101000111
101011011101001101
101011011101001111
101011011101100001
101011011101100011
101011011101100101
101011011101100111
101011011101101101
101011011101101111
101011011110000001
101011011110000011
101011011110000101
101011011110000111
101011011110001101
101011011110001111
101011011110010001
101011011110010011
101011011110010101
101011011110010111
101011011110011101
101011011110011111
101011011110100001
101011011110100011
101011011110100101
101011011110100111
101011011110101101
101011011110101111
101011011110110001
101011011110110011
101011011110110101
101011011110110111
101011011110111101
101011011110111111
101011011111000001
101011011111000011
101011011111000101
101011011111000111
101011011111001101
101011011111001111
101011011111100001
101011011111100011
101011011111100101
101011011111100111
101011011111101101
101011011111101111
101011111000000001
101011111000000011
101011111000000101
101011111000000111
101011111000001101
101011111000001111
101011111000010001
101011111000010011
101011111000010101
101011111000010111
101011111000011101
101011111000011111
101011111000100001
101011111000100011
101011111000100101
101011111000100111
101011111000101101
101011111000101111
101011111000110001
101011111000110011
101011111000110101
101011111000110111
101011111000111101
101011111000111111
101011111001000001
101011111001000011
101011111001000101
101011111001000111
101011111001001101
101011111001001111
101011111001100001
101011111001100011
101011111001100101
101011111001100111
101011111001101101
101011111001101111
101011111011000001
101011111011000011
101011111011000101
101011111011000111
101011111011001101
101011111011001111
101011111011100001
101011111011100011
101011111011100101
101011111011100111
101011111011101101
101011111011101111
101011111100000001
101011111100000011
101011111100000101
101011111100000111
101011111100001101
101011111100001111
101011111100010001
101011111100010011
101011111100010101
101011111100010111
101011111100011101
101011111100011111
101011111100100001
101011111100100011
101011111100100101
101011111100100111
101011111100101101
101011111100101111
101011111100110001
101011111100110011
101011111100110101
101011111100110111
101011111100111101
101011111100111111
101011111101000001
101011111101000011
101011111101000101
101011111101000111
101011111101001101
101011111101001111
101011111101100001
101011111101100011
101011111101100101
101011111101100111
101011111101101101
101011111101101111
101011111110000001
101011111110000011
101011111110000101
101011111110000111
101011111110001101
101011111110001111
101011111110010001
101011111110010011
101011111110010101
101011111110010111
101011111110011101
101011111110011111
101011111110100001
101011111110100011
101011111110100101
101011111110100111
101011111110101101
101011111110101111
101011111110110001
101011111110110011
101011111110110101
101011111110110111
101011111110111101
101011111110111111
101011111111000001
101011111111000011
101011111111000101
101011111111000111
101011111111001101
101011111111001111
101011111111100001
101011111111100011
101011111111100101
101011111111100111
101011111111101101
101011111111101111
101101011000000001
101101011000000011
101101011000000101
101101011000000111
101101011000001101
101101011000001111
101101011000100001
101101011000100011
101101011000100101
101101011000100111
101101011000101101
101101011000101111
101101011001000001
101101011001000011
101101011001000101
101101011001000111
101101011001001101
101101011001001111
101101011001100001
101101011001100011
101101011001100101
101101011001100111
101101011001101101
101101011001101111
101101011011000001
101101011011000010
101101011011000011
101101011011000100
101101011011000101
101101011011000110
101101011011000111
101101011011001000
101101011011001010
101101011011001101
101101011011001111
101101011011100001
101101011011100010
101101011011100011
101101011011100101
101101011011100111
101101011011101000
101101011011101010
101101011011101101
101101011011101111
101101011100000001
101101011100000011
101101011100000101
101101011100000111
101101011100001101
101101011100001111
101101011100100001
101101011100100011
101101011100100101
101101011100100111
101101011100101101
101101011100101111
101101011101000001
101101011101000011
101101011101000101
101101011101000111
101101011101001101
101101011101001111
101101011101100001
101101011101100011
101101011101100101
101101011101100111
101101011101101101
101101011101101111
101101011110000001
101101011110000011
101101011110000101
101101011110000111
101101011110001101
101101011110001111
101101011110100001
101101011110100011
101101011110100101
101101011110100111
101101011110101101
101101011110101111
101101011111000001
101101011111000011
101101011111000101
101101011111000111
101101011111001101
101101011111001111
101101011111100001
101101011111100011
101101011111100101
101101011111100111
101101011111101101
101101011111101111
101101111000000001
101101111000000011
101101111000000101
101101111000000111
101101111000001101
101101111000001111
101101111000100001
101101111000100011
101101111000100101
101101111000100111
101101111000101101
101101111000101111
101101111001000001
101101111001000011
101101111001000101
101101111001000111
101101111001001101
101101111001001111
101101111001100001
101101111001100011
101101111001100101
101101111001100111
101101111001101101
101101111001101111
101101111011000001
101101111011000010
101101111011000011
101101111011000100
101101111011000101
101101111011000110
101101111011000111
101101111011001000
101101111011001010
101101111011001101
101101111011001111
101101111011100001
101101111011100010
101101111011100011
101101111011100101
101101111011100111
101101111011101101
101101111011101111
101101111100000001
101101111100000011
101101111100000101
101101111100000111
101101111100001101
101101111100001111
101101111100100001
101101111100100011
101101111100100101
101101111100100111
101101111100101101
101101111100101111
101101111101000001
101101111101000011
101101111101000101
101101111101000111
101101111101001101
101101111101001111
101101111101100001
101101111101100011
101101111101100101
101101111101100111
101101111101101101
101101111101101111
101101111110000001
101101111110000011
101101111110000101
101101111110000111
101101111110001101
101101111110001111
101101111110100001
101101111110100011
101101111110100101
101101111110100111
101101111110101101
101101111110101111
101101111111000001
101101111111000011
101101111111000101
101101111111000111
101101111111001101
101101111111001111
101101111111100001
101101111111100011
101101111111100101
101101111111100111
101101111111101101
101101111111101111
101111011000000001
101111011000000011
101111011000000101
101111011000000111
101111011000001101
101111011000001111
101111011000100001
101111011000100011
101111011000100101
101111011000100111
101111011000101101
101111011000101111
101111011001000001
101111011001000011
101111011001000101
101111011001000111
101111011001001101
101111011001001111
101111011001100001
101111011001100011
101111011001100101
101111011001100111
101111011001101101
101111011001101111
101111011011000001
101111011011000010
101111011011000011
101111011011000100
101111011011000101
101111011011000110
101111011011000111
101111011011001000
101111011011001010
101111011011001101
101111011011001111
101111011011100001
101111011011100010
101111011011100011
101111011011100101
101111011011100111
101111011011101000
101111011011101010
101111011011101101
101111011011101111
101111011100000001
101111011100000011
101111011100000101
101111011100000111
101111011100001101
101111011100001111
101111011100100001
101111011100100011
101111011100100101
101111011100100111
101111011100101101
101111011100101111
101111011101000001
101111011101000011
101111011101000101
101111011101000111
101111011101001101
101111011101001111
101111011101100001
101111011101100011
101111011101100101
101111011101100111
101111011101101101
101111011101101111
101111011110000001
101111011110000011
101111011110000101
101111011110000111
101111011110001101
101111011110001111
101111011110100001
101111011110100011
101111011110100101
101111011110100111
101111011110101101
101111011110101111
101111011111000001
101111011111000011
101111011111000101
101111011111000111
101111011111001101
101111011111001111
101111011111100001
101111011111100011
101111011111100101
101111011111100111
101111011111101101
101111011111101111
101111111000000001
101111111000000011
101111111000000101
101111111000000111
101111111000001101
101111111000001111
101111111000100001
101111111000100011
101111111000100101
101111111000100111
101111111000101101
101111111000101111
101111111001000001
101111111001000011
101111111001000101
101111111001000111
101111111001001101
101111111001001111
101111111001100001
101111111001100011
101111111001100101
101111111001100111
101111111001101101
101111111001101111
101111111011000001
101111111011000010
101111111011000011
101111111011000100
101111111011000101
101111111011000110
101111111011000111
101111111011001000
101111111011001010
101111111011001101
101111111011001111
101111111011100001
101111111011100010
101111111011100011
101111111011100101
101111111011100111
101111111011101101
101111111011101111
101111111100000001
101111111100000011
101111111100000101
101111111100000111
101111111100001101
101111111100001111
101111111100100001
101111111100100011
101111111100100101
101111111100100111
101111111100101101
101111111100101111
101111111101000001
101111111101000011
101111111101000101
101111111101000111
101111111101001101
101111111101001111
101111111101100001
101111111101100011
101111111101100101
101111111101100111
101111111101101101
101111111101101111
101111111110000001
101111111110000011
101111111110000101
101111111110000111
101111111110001101
101111111110001111
101111111110100001
101111111110100011
101111111110100101
101111111110100111
101111111110101101
101111111110101111
101111111111000001
101111111111000011
101111111111000101
101111111111000111
101111111111001101
101111111111001111
101111111111100001
101111111111100011
101111111111100101
101111111111100111
101111111111101101
101111111111101111
