100001001001010001
100001001001010011
100001001001010101
100001001001010111
100001001001011101
100001001001011111
100001001001110101
100001001001110111
100001001001111101
100001001001111111
100001001011010001
100001001011010011
100001001011010101
100001001011010111
100001001011011101
100001001011011111
100001001011110101
100001001011110111
100001001011111101
100001001011111111
100001001101010001
100001001101010011
100001001101010101
100001001101010111
100001001101011101
100001001101011111
100001001101110101
100001001101110111
100001001101111101
100001001101111111
100001001111010001
100001001111010011
100001001111010101
100001001111010111
100001001111011101
100001001111011111
100001001111110101
100001001111110111
100001001111111101
100001001111111111
100001101001010001
100001101001010011
100001101001010101
100001101001010111
100001101001011101
100001101001011111
100001101001110101
100001101001110111
100001101001111101
100001101001111111
100001101011010001
100001101011010011
100001101011010101
100001101011010111
100001101011011101
100001101011011111
100001101011110101
100001101011110111
100001101011111101
100001101011111111
100001101101010001
100001101101010011
100001101101010101
100001101101010111
100001101101011101
100001101101011111
100001101101110101
100001101101110111
100001101101111101
100001101101111111
100001101111010001
100001101111010011
100001101111010101
100001101111010111
100001101111011101
100001101111011111
100001101111110101
100001101111110111
100001101111111101
100001101111111111
100011001001010001
100011001001010011
100011001001010101
100011001001010111
100011001001011101
100011001001011111
100011001001110101
100011001001110111
100011001001111101
100011001001111111
100011001011010001
100011001011010011
100011001011010101
100011001011010111
100011001011011101
100011001011011111
100011001011110101
100011001011110111
100011001011111101
100011001011111111
100011001101010001
100011001101010011
100011001101010101
100011001101010111
100011001101011101
100011001101011111
100011001101110101
100011001101110111
100011001101111101
100011001101111111
100011001111010001
100011001111010011
100011001111010101
100011001111010111
100011001111011101
100011001111011111
100011001111110101
100011001111110111
100011001111111101
100011001111111111
100011101001010001
100011101001010011
100011101001010101
100011101001010111
100011101001011101
100011101001011111
100011101001110101
100011101001110111
100011101001111101
100011101001111111
100011101011010001
100011101011010011
100011101011010101
100011101011010111
100011101011011101
100011101011011111
100011101011110101
100011101011110111
100011101011111101
100011101011111111
100011101101010001
100011101101010011
100011101101010101
100011101101010111
100011101101011101
100011101101011111
100011101101110101
100011101101110111
100011101101111101
100011101101111111
100011101111010001
100011101111010011
100011101111010101
100011101111010111
100011101111011101
100011101111011111
100011101111110101
100011101111110111
100011101111111101
100011101111111111
100101001000010001
100101001000010011
100101001000010101
100101001000010111
100101001000011101
100101001000011111
100101001000110101
100101001000110111
100101001000111101
100101001000111111
100101001001010001
100101001001010011
100101001001010101
100101001001010111
100101001001011101
100101001001011111
100101001001110101
100101001001110111
100101001001111101
100101001001111111
100101001011010001
100101001011010010
100101001011010011
100101001011010100
100101001011010101
100101001011010110
100101001011010111
100101001011011000
100101001011011010
100101001011011101
100101001011011111
100101001011110010
100101001011110100
100101001011110101
100101001011110110
100101001011110111
100101001011111000
100101001011111010
100101001011111101
100101001011111111
100101001100010001
100101001100010011
100101001100010101
100101001100010111
100101001100011101
100101001100011111
100101001100110101
100101001100110111
100101001100111101
100101001100111111
100101001101010001
100101001101010011
100101001101010101
100101001101010111
100101001101011101
100101001101011111
100101001101110101
100101001101110111
100101001101111101
100101001101111111
100101001110010001
100101001110010011
100101001110010101
100101001110010111
100101001110011101
100101001110011111
100101001110110101
100101001110110111
100101001110111101
100101001110111111
100101001111010001
100101001111010011
100101001111010101
100101001111010111
100101001111011101
100101001111011111
100101001111110101
100101001111110111
100101001111111101
100101001111111111
100101011011110100
100101011011110110
100101101000010001
100101101000010011
100101101000010101
100101101000010111
100101101000011101
100101101000011111
100101101000110101
100101101000110111
100101101000111101
100101101000111111
100101101001010001
100101101001010011
100101101001010101
100101101001010111
100101101001011101
100101101001011111
100101101001110101
100101101001110111
100101101001111101
100101101001111111
100101101011010001
100101101011010010
100101101011010011
100101101011010100
100101101011010101
100101101011010110
100101101011010111
100101101011011000
100101101011011010
100101101011011101
100101101011011111
100101101011110010
100101101011110100
100101101011110101
100101101011110110
100101101011110111
100101101011111101
100101101011111111
100101101100010001
100101101100010011
100101101100010101
100101101100010111
100101101100011101
100101101100011111
100101101100110101
100101101100110111
100101101100111101
100101101100111111
100101101101010001
100101101101010011
100101101101010101
100101101101010111
100101101101011101
100101101101011111
100101101101110101
100101101101110111
100101101101111101
100101101101111111
100101101110010001
100101101110010011
100101101110010101
100101101110010111
100101101110011101
100101101110011111
100101101110110101
100101101110110111
100101101110111101
100101101110111111
100101101111010001
100101101111010011
100101101111010101
100101101111010111
100101101111011101
100101101111011111
100101101111110101
100101101111110111
100101101111111101
100101101111111111
100101111011110100
100101111011110110
100111001000010001
100111001000010011
100111001000010101
100111001000010111
100111001000011101
100111001000011111
100111001000110101
100111001000110111
100111001000111101
100111001000111111
100111001001010001
100111001001010011
100111001001010101
100111001001010111
100111001001011101
100111001001011111
100111001001110101
100111001001110111
100111001001111101
100111001001111111
100111001011010001
100111001011010010
100111001011010011
100111001011010100
100111001011010101
100111001011010110
100111001011010111
100111001011011000
100111001011011010
100111001011011101
100111001011011111
100111001011110010
100111001011110100
100111001011110101
100111001011110110
100111001011110111
100111001011111000
100111001011111010
100111001011111101
100111001011111111
100111001100010001
100111001100010011
100111001100010101
100111001100010111
100111001100011101
100111001100011111
100111001100110101
100111001100110111
100111001100111101
100111001100111111
100111001101010001
100111001101010011
100111001101010101
100111001101010111
100111001101011101
100111001101011111
100111001101110101
100111001101110111
100111001101111101
100111001101111111
100111001110010001
100111001110010011
100111001110010101
100111001110010111
100111001110011101
100111001110011111
100111001110110101
100111001110110111
100111001110111101
100111001110111111
100111001111010001
100111001111010011
100111001111010101
100111001111010111
100111001111011101
100111001111011111
100111001111110101
100111001111110111
100111001111111101
100111001111111111
100111011011110100
100111011011110110
100111101000010001
100111101000010011
100111101000010101
100111101000010111
100111101000011101
100111101000011111
100111101000110101
100111101000110111
100111101000111101
100111101000111111
100111101001010001
100111101001010011
100111101001010101
100111101001010111
100111101001011101
100111101001011111
100111101001110101
100111101001110111
100111101001111101
100111101001111111
100111101011010001
100111101011010010
100111101011010011
100111101011010100
100111101011010101
100111101011010110
100111101011010111
100111101011011000
100111101011011010
100111101011011101
100111101011011111
100111101011110010
100111101011110100
100111101011110101
100111101011110110
100111101011110111
100111101011111101
100111101011111111
100111101100010001
100111101100010011
100111101100010101
100111101100010111
100111101100011101
100111101100011111
100111101100110101
100111101100110111
100111101100111101
100111101100111111
100111101101010001
100111101101010011
100111101101010101
100111101101010111
100111101101011101
100111101101011111
100111101101110101
100111101101110111
100111101101111101
100111101101111111
100111101110010001
100111101110010011
100111101110010101
100111101110010111
100111101110011101
100111101110011111
100111101110110101
100111101110110111
100111101110111101
100111101110111111
100111101111010001
100111101111010011
100111101111010101
100111101111010111
100111101111011101
100111101111011111
100111101111110101
100111101111110111
100111101111111101
100111101111111111
100111111011110100
100111111011110110
101001001001010001
101001001001010011
101001001001010101
101001001001010111
101001001001011101
101001001001011111
101001001001110001
101001001001110011
101001001001110101
101001001001110111
101001001001111101
101001001001111111
101001001011010001
101001001011010011
101001001011010101
101001001011010111
101001001011011101
101001001011011111
101001001011110001
101001001011110011
101001001011110101
101001001011110111
101001001011111101
101001001011111111
101001001101010001
101001001101010011
101001001101010101
101001001101010111
101001001101011101
101001001101011111
101001001101110001
101001001101110011
101001001101110101
101001001101110111
101001001101111101
101001001101111111
101001001111010001
101001001111010011
101001001111010101
101001001111010111
101001001111011101
101001001111011111
101001001111110001
101001001111110011
101001001111110101
101001001111110111
101001001111111101
101001001111111111
101001101001010001
101001101001010011
101001101001010101
101001101001010111
101001101001011101
101001101001011111
101001101001110001
101001101001110011
101001101001110101
101001101001110111
101001101001111101
101001101001111111
101001101011010001
101001101011010011
101001101011010101
101001101011010111
101001101011011101
101001101011011111
101001101011110001
101001101011110011
101001101011110101
101001101011110111
101001101011111101
101001101011111111
101001101101010001
101001101101010011
101001101101010101
101001101101010111
101001101101011101
101001101101011111
101001101101110001
101001101101110011
101001101101110101
101001101101110111
101001101101111101
101001101101111111
101001101111010001
101001101111010011
101001101111010101
101001101111010111
101001101111011101
101001101111011111
101001101111110001
101001101111110011
101001101111110101
101001101111110111
101001101111111101
101001101111111111
101011001001010001
101011001001010011
101011001001010101
101011001001010111
101011001001011101
101011001001011111
101011001001110001
101011001001110011
101011001001110101
101011001001110111
101011001001111101
101011001001111111
101011001011010001
101011001011010011
101011001011010101
101011001011010111
101011001011011101
101011001011011111
101011001011110001
101011001011110011
101011001011110101
101011001011110111
101011001011111101
101011001011111111
101011001101010001
101011001101010011
101011001101010101
101011001101010111
101011001101011101
101011001101011111
101011001101110001
101011001101110011
101011001101110101
101011001101110111
101011001101111101
101011001101111111
101011001111010001
101011001111010011
101011001111010101
101011001111010111
101011001111011101
101011001111011111
101011001111110001
101011001111110011
101011001111110101
101011001111110111
101011001111111101
101011001111111111
101011101001010001
101011101001010011
101011101001010101
101011101001010111
101011101001011101
101011101001011111
101011101001110001
101011101001110011
101011101001110101
101011101001110111
101011101001111101
101011101001111111
101011101011010001
101011101011010011
101011101011010101
101011101011010111
101011101011011101
101011101011011111
101011101011110001
101011101011110011
101011101011110101
101011101011110111
101011101011111101
101011101011111111
101011101101010001
101011101101010011
101011101101010101
101011101101010111
101011101101011101
101011101101011111
101011101101110001
101011101101110011
101011101101110101
101011101101110111
101011101101111101
101011101101111111
101011101111010001
101011101111010011
101011101111010101
101011101111010111
101011101111011101
101011101111011111
101011101111110001
101011101111110011
101011101111110101
101011101111110111
101011101111111101
101011101111111111
101101001000010001
101101001000010011
101101001000010101
101101001000010111
101101001000011101
101101001000011111
101101001000110001
101101001000110011
101101001000110101
101101001000110111
101101001000111101
101101001000111111
101101001001010001
101101001001010011
101101001001010101
101101001001010111
101101001001011101
101101001001011111
101101001001110001
101101001001110011
101101001001110101
101101001001110111
101101001001111101
101101001001111111
101101001011010001
101101001011010010
101101001011010011
101101001011010100
101101001011010101
101101001011010110
101101001011010111
101101001011011000
101101001011011010
101101001011011101
101101001011011111
101101001011110001
101101001011110010
101101001011110011
101101001011110100
101101001011110101
101101001011110110
101101001011110111
101101001011111000
101101001011111010
101101001011111101
101101001011111111
101101001100010001
101101001100010011
101101001100010101
101101001100010111
101101001100011101
101101001100011111
101101001100110001
101101001100110011
101101001100110101
101101001100110111
101101001100111101
101101001100111111
101101001101010001
101101001101010011
101101001101010101
101101001101010111
101101001101011101
101101001101011111
101101001101110001
101101001101110011
101101001101110101
101101001101110111
101101001101111101
101101001101111111
101101001110010001
101101001110010011
101101001110010101
101101001110010111
101101001110011101
101101001110011111
101101001110110001
101101001110110011
101101001110110101
101101001110110111
101101001110111101
101101001110111111
101101001111010001
101101001111010011
101101001111010101
101101001111010111
101101001111011101
101101001111011111
101101001111110001
101101001111110011
101101001111110101
101101001111110111
101101001111111101
101101001111111111
101101011011110100
101101011011110110
101101101000010001
101101101000010011
101101101000010101
101101101000010111
101101101000011101
101101101000011111
101101101000110001
101101101000110011
101101101000110101
101101101000110111
101101101000111101
101101101000111111
101101101001010001
101101101001010011
101101101001010101
101101101001010111
101101101001011101
101101101001011111
101101101001110001
101101101001110011
101101101001110101
101101101001110111
101101101001111101
101101101001111111
101101101011010001
101101101011010010
101101101011010011
101101101011010100
101101101011010101
101101101011010110
101101101011010111
101101101011011000
101101101011011010
101101101011011101
101101101011011111
101101101011110001
101101101011110010
101101101011110011
101101101011110100
101101101011110101
101101101011110110
101101101011110111
101101101011111101
101101101011111111
101101101100010001
101101101100010011
101101101100010101
101101101100010111
101101101100011101
101101101100011111
101101101100110001
101101101100110011
101101101100110101
101101101100110111
101101101100111101
101101101100111111
101101101101010001
101101101101010011
101101101101010101
101101101101010111
101101101101011101
101101101101011111
101101101101110001
101101101101110011
101101101101110101
101101101101110111
101101101101111101
101101101101111111
101101101110010001
101101101110010011
101101101110010101
101101101110010111
101101101110011101
101101101110011111
101101101110110001
101101101110110011
101101101110110101
101101101110110111
101101101110111101
101101101110111111
101101101111010001
101101101111010011
101101101111010101
101101101111010111
101101101111011101
101101101111011111
101101101111110001
101101101111110011
101101101111110101
101101101111110111
101101101111111101
101101101111111111
101101111011110100
101101111011110110
101111001000010001
101111001000010011
101111001000010101
101111001000010111
101111001000011101
101111001000011111
101111001000110001
101111001000110011
101111001000110101
101111001000110111
101111001000111101
101111001000111111
101111001001010001
101111001001010011
101111001001010101
101111001001010111
101111001001011101
101111001001011111
101111001001110001
101111001001110011
101111001001110101
101111001001110111
101111001001111101
101111001001111111
101111001011010001
101111001011010010
101111001011010011
101111001011010100
101111001011010101
101111001011010110
101111001011010111
101111001011011000
101111001011011010
101111001011011101
101111001011011111
101111001011110001
101111001011110010
101111001011110011
101111001011110100
101111001011110101
101111001011110110
101111001011110111
101111001011111000
101111001011111010
101111001011111101
101111001011111111
101111001100010001
101111001100010011
101111001100010101
101111001100010111
101111001100011101
101111001100011111
101111001100110001
101111001100110011
101111001100110101
101111001100110111
101111001100111101
101111001100111111
101111001101010001
101111001101010011
101111001101010101
101111001101010111
101111001101011101
101111001101011111
101111001101110001
101111001101110011
101111001101110101
101111001101110111
101111001101111101
101111001101111111
101111001110010001
101111001110010011
101111001110010101
101111001110010111
101111001110011101
101111001110011111
101111001110110001
101111001110110011
101111001110110101
101111001110110111
101111001110111101
101111001110111111
101111001111010001
101111001111010011
101111001111010101
101111001111010111
101111001111011101
101111001111011111
101111001111110001
101111001111110011
101111001111110101
101111001111110111
101111001111111101
101111001111111111
101111011011110100
101111011011110110
101111101000010001
101111101000010011
101111101000010101
101111101000010111
101111101000011101
101111101000011111
101111101000110001
101111101000110011
101111101000110101
101111101000110111
101111101000111101
101111101000111111
101111101001010001
101111101001010011
101111101001010101
101111101001010111
101111101001011101
101111101001011111
101111101001110001
101111101001110011
101111101001110101
101111101001110111
101111101001111101
101111101001111111
101111101011010001
101111101011010010
101111101011010011
101111101011010100
101111101011010101
101111101011010110
101111101011010111
101111101011011000
101111101011011010
101111101011011101
101111101011011111
101111101011110001
101111101011110010
101111101011110011
101111101011110100
101111101011110101
101111101011110110
101111101011110111
101111101011111101
101111101011111111
101111101100010001
101111101100010011
101111101100010101
101111101100010111
101111101100011101
101111101100011111
101111101100110001
101111101100110011
101111101100110101
101111101100110111
101111101100111101
101111101100111111
101111101101010001
101111101101010011
101111101101010101
101111101101010111
101111101101011101
101111101101011111
101111101101110001
101111101101110011
101111101101110101
101111101101110111
101111101101111101
101111101101111111
101111101110010001
101111101110010011
101111101110010101
101111101110010111
101111101110011101
101111101110011111
101111101110110001
101111101110110011
101111101110110101
101111101110110111
101111101110111101
101111101110111111
101111101111010001
101111101111010011
101111101111010101
101111101111010111
101111101111011101
101111101111011111
101111101111110001
101111101111110011
101111101111110101
101111101111110111
101111101111111101
101111101111111111
101111111011110100
101111111011110110
