100000101001111001
100000101001111011
100000101011111001
100000101011111011
100000101101111001
100000101101111011
100000101111111001
100000101111111011
100000111001111001
100000111001111011
100000111011111001
100000111011111011
100000111101111001
100000111101111011
100000111111111001
100000111111111011
100001101001111001
100001101001111011
100001101011111001
100001101011111011
100001101101111001
100001101101111011
100001101111111001
100001101111111011
100001111001111001
100001111001111011
100001111011111001
100001111011111011
100001111101111001
100001111101111011
100001111111111001
100001111111111011
100010101001111001
100010101001111011
100010101011111001
100010101011111011
100010101101111001
100010101101111011
100010101111111001
100010101111111011
100010111001111001
100010111001111011
100010111011111001
100010111011111011
100010111101111001
100010111101111011
100010111111111001
100010111111111011
100011101001111001
100011101001111011
100011101011111001
100011101011111011
100011101101111001
100011101101111011
100011101111111001
100011101111111011
100011111001111001
100011111001111011
100011111011111001
100011111011111011
100011111101111001
100011111101111011
100011111111111001
100011111111111011
100100101000111001
100100101000111011
100100101001111001
100100101001111011
100100101011111001
100100101011111011
100100101100111001
100100101100111011
100100101101111001
100100101101111011
100100101110111001
100100101110111011
100100101111111001
100100101111111011
100100111000111001
100100111000111011
100100111001111001
100100111001111011
100100111011111001
100100111011111011
100100111100111001
100100111100111011
100100111101111001
100100111101111011
100100111110111001
100100111110111011
100100111111111001
100100111111111011
100101101000111001
100101101000111011
100101101001111001
100101101001111011
100101101011111001
100101101011111011
100101101100111001
100101101100111011
100101101101111001
100101101101111011
100101101110111001
100101101110111011
100101101111111001
100101101111111011
100101111000111001
100101111000111011
100101111001111001
100101111001111011
100101111011111001
100101111011111011
100101111100111001
100101111100111011
100101111101111001
100101111101111011
100101111110111001
100101111110111011
100101111111111001
100101111111111011
100110101000111001
100110101000111011
100110101001111001
100110101001111011
100110101011111001
100110101011111011
100110101100111001
100110101100111011
100110101101111001
100110101101111011
100110101110111001
100110101110111011
100110101111111001
100110101111111011
100110111000111001
100110111000111011
100110111001111001
100110111001111011
100110111011111001
100110111011111011
100110111100111001
100110111100111011
100110111101111001
100110111101111011
100110111110111001
100110111110111011
100110111111111001
100110111111111011
100111101000111001
100111101000111011
100111101001111001
100111101001111011
100111101011111001
100111101011111011
100111101100111001
100111101100111011
100111101101111001
100111101101111011
100111101110111001
100111101110111011
100111101111111001
100111101111111011
100111111000111001
100111111000111011
100111111001111001
100111111001111011
100111111011111001
100111111011111011
100111111100111001
100111111100111011
100111111101111001
100111111101111011
100111111110111001
100111111110111011
100111111111111001
100111111111111011
101000101001111001
101000101001111011
101000101011111001
101000101011111011
101000101101111001
101000101101111011
101000101111111001
101000101111111011
101000111001111001
101000111001111011
101000111011111001
101000111011111011
101000111101111001
101000111101111011
101000111111111001
101000111111111011
101001101001111001
101001101001111011
101001101011111001
101001101011111011
101001101101111001
101001101101111011
101001101111111001
101001101111111011
101001111001111001
101001111001111011
101001111011111001
101001111011111011
101001111101111001
101001111101111011
101001111111111001
101001111111111011
101010101001111001
101010101001111011
101010101011111001
101010101011111011
101010101101111001
101010101101111011
101010101111111001
101010101111111011
101010111001111001
101010111001111011
101010111011111001
101010111011111011
101010111101111001
101010111101111011
101010111111111001
101010111111111011
101011101001111001
101011101001111011
101011101011111001
101011101011111011
101011101101111001
101011101101111011
101011101111111001
101011101111111011
101011111001111001
101011111001111011
101011111011111001
101011111011111011
101011111101111001
101011111101111011
101011111111111001
101011111111111011
101100101000111001
101100101000111011
101100101001111001
101100101001111011
101100101011111001
101100101011111011
101100101100111001
101100101100111011
101100101101111001
101100101101111011
101100101110111001
101100101110111011
101100101111111001
101100101111111011
101100111000111001
101100111000111011
101100111001111001
101100111001111011
101100111011111001
101100111011111011
101100111100111001
101100111100111011
101100111101111001
101100111101111011
101100111110111001
101100111110111011
101100111111111001
101100111111111011
101101101000111001
101101101000111011
101101101001111001
101101101001111011
101101101011111001
101101101011111011
101101101100111001
101101101100111011
101101101101111001
101101101101111011
101101101110111001
101101101110111011
101101101111111001
101101101111111011
101101111000111001
101101111000111011
101101111001111001
101101111001111011
101101111011111001
101101111011111011
101101111100111001
101101111100111011
101101111101111001
101101111101111011
101101111110111001
101101111110111011
101101111111111001
101101111111111011
101110101000111001
101110101000111011
101110101001111001
101110101001111011
101110101011111001
101110101011111011
101110101100111001
101110101100111011
101110101101111001
101110101101111011
101110101110111001
101110101110111011
101110101111111001
101110101111111011
101110111000111001
101110111000111011
101110111001111001
101110111001111011
101110111011111001
101110111011111011
101110111100111001
101110111100111011
101110111101111001
101110111101111011
101110111110111001
101110111110111011
101110111111111001
101110111111111011
101111101000111001
101111101000111011
101111101001111001
101111101001111011
101111101011111001
101111101011111011
101111101100111001
101111101100111011
101111101101111001
101111101101111011
101111101110111001
101111101110111011
101111101111111001
101111101111111011
101111111000111001
101111111000111011
101111111001111001
101111111001111011
101111111011111001
101111111011111011
101111111100111001
101111111100111011
101111111101111001
101111111101111011
101111111110111001
101111111110111011
101111111111111001
101111111111111011
