100000001000000001
100000001000000011
100000001000000101
100000001000000111
100000001000001001
100000001000001011
100000001000001101
100000001000001111
100000001000010001
100000001000010011
100000001000010101
100000001000010111
100000001000011001
100000001000011011
100000001000011101
100000001000011111
100000001000100001
100000001000100011
100000001000100101
100000001000100111
100000001000101001
100000001000101011
100000001000101101
100000001000101111
100000001000110001
100000001000110011
100000001000110101
100000001000110111
100000001000111001
100000001000111011
100000001000111101
100000001000111111
100000001001000001
100000001001000011
100000001001000101
100000001001000111
100000001001001001
100000001001001011
100000001001001101
100000001001001111
100000001001100001
100000001001100011
100000001001100101
100000001001100111
100000001001101001
100000001001101011
100000001001101101
100000001001101111
100000001001110001
100000001001110011
100000001010000001
100000001010000011
100000001010000101
100000001010000111
100000001010001001
100000001010001011
100000001010001101
100000001010001111
100000001010010001
100000001010010011
100000001010010101
100000001010010111
100000001010011001
100000001010011011
100000001010011101
100000001010011111
100000001010100001
100000001010100011
100000001010100101
100000001010100111
100000001010101001
100000001010101011
100000001010101101
100000001010101111
100000001010110001
100000001010110011
100000001010110101
100000001010110111
100000001010111001
100000001010111011
100000001010111101
100000001010111111
100000001011000001
100000001011000011
100000001011000101
100000001011000111
100000001011001001
100000001011001011
100000001011001101
100000001011001111
100000001011100001
100000001011100011
100000001011100101
100000001011100111
100000001011101001
100000001011101011
100000001011101101
100000001011101111
100000001011110001
100000001011110011
100000001100000001
100000001100000011
100000001100000101
100000001100000111
100000001100001001
100000001100001011
100000001100001101
100000001100001111
100000001100010001
100000001100010011
100000001100010101
100000001100010111
100000001100011001
100000001100011011
100000001100011101
100000001100011111
100000001100100001
100000001100100011
100000001100100101
100000001100100111
100000001100101001
100000001100101011
100000001100101101
100000001100101111
100000001100110001
100000001100110011
100000001100110101
100000001100110111
100000001100111001
100000001100111011
100000001100111101
100000001100111111
100000001101000001
100000001101000011
100000001101000101
100000001101000111
100000001101001001
100000001101001011
100000001101001101
100000001101001111
100000001101100001
100000001101100011
100000001101100101
100000001101100111
100000001101101001
100000001101101011
100000001101101101
100000001101101111
100000001101110001
100000001101110011
100000001110000001
100000001110000011
100000001110000101
100000001110000111
100000001110001001
100000001110001011
100000001110001101
100000001110001111
100000001110010001
100000001110010011
100000001110010101
100000001110010111
100000001110011001
100000001110011011
100000001110011101
100000001110011111
100000001110100001
100000001110100011
100000001110100101
100000001110100111
100000001110101001
100000001110101011
100000001110101101
100000001110101111
100000001110110001
100000001110110011
100000001110110101
100000001110110111
100000001110111001
100000001110111011
100000001110111101
100000001110111111
100000001111000001
100000001111000011
100000001111000101
100000001111000111
100000001111001001
100000001111001011
100000001111001101
100000001111001111
100000001111100001
100000001111100011
100000001111100101
100000001111100111
100000001111101001
100000001111101011
100000001111101101
100000001111101111
100000001111110001
100000001111110011
100000011000101001
100000011000101011
100000011000111001
100000011000111011
100000011001101001
100000011001101011
100000011010000001
100000011010000011
100000011010000101
100000011010000111
100000011010001001
100000011010001011
100000011010001101
100000011010001111
100000011010010001
100000011010010011
100000011010010101
100000011010010111
100000011010011001
100000011010011011
100000011010011101
100000011010011111
100000011010100001
100000011010100011
100000011010100101
100000011010100111
100000011010101001
100000011010101011
100000011010101101
100000011010101111
100000011010110001
100000011010110011
100000011010110101
100000011010110111
100000011010111001
100000011010111011
100000011010111101
100000011010111111
100000011011101001
100000011011101011
100000011100101001
100000011100101011
100000011100111001
100000011100111011
100000011101101001
100000011101101011
100000011110101001
100000011110101011
100000011110111001
100000011110111011
100000011111101001
100000011111101011
100000101000000001
100000101000000011
100000101000000101
100000101000000111
100000101000001001
100000101000001011
100000101000001101
100000101000001111
100000101000010001
100000101000010011
100000101000010101
100000101000010111
100000101000011001
100000101000011011
100000101000011101
100000101000011111
100000101000100001
100000101000100011
100000101000100101
100000101000100111
100000101000101101
100000101000101111
100000101000110001
100000101000110011
100000101000110101
100000101000110111
100000101000111101
100000101000111111
100000101001000001
100000101001000011
100000101001000101
100000101001000111
100000101001001001
100000101001001011
100000101001001101
100000101001001111
100000101001100001
100000101001100011
100000101001100101
100000101001100111
100000101001101101
100000101001101111
100000101001110001
100000101001110011
100000101010000001
100000101010000011
100000101010000101
100000101010000111
100000101010001001
100000101010001011
100000101010001101
100000101010001111
100000101010010001
100000101010010011
100000101010010101
100000101010010111
100000101010011001
100000101010011011
100000101010011101
100000101010011111
100000101010100001
100000101010100011
100000101010100101
100000101010100111
100000101010101101
100000101010101111
100000101010110001
100000101010110011
100000101010110101
100000101010110111
100000101010111101
100000101010111111
100000101011000001
100000101011000011
100000101011000101
100000101011000111
100000101011001001
100000101011001011
100000101011001101
100000101011001111
100000101011100001
100000101011100011
100000101011100101
100000101011100111
100000101011101101
100000101011101111
100000101011110001
100000101011110011
100000101100000001
100000101100000011
100000101100000101
100000101100000111
100000101100001001
100000101100001011
100000101100001101
100000101100001111
100000101100010001
100000101100010011
100000101100010101
100000101100010111
100000101100011001
100000101100011011
100000101100011101
100000101100011111
100000101100100001
100000101100100011
100000101100100101
100000101100100111
100000101100101101
100000101100101111
100000101100110001
100000101100110011
100000101100110101
100000101100110111
100000101100111101
100000101100111111
100000101101000001
100000101101000011
100000101101000101
100000101101000111
100000101101001001
100000101101001011
100000101101001101
100000101101001111
100000101101100001
100000101101100011
100000101101100101
100000101101100111
100000101101101101
100000101101101111
100000101101110001
100000101101110011
100000101110000001
100000101110000011
100000101110000101
100000101110000111
100000101110001001
100000101110001011
100000101110001101
100000101110001111
100000101110010001
100000101110010011
100000101110010101
100000101110010111
100000101110011001
100000101110011011
100000101110011101
100000101110011111
100000101110100001
100000101110100011
100000101110100101
100000101110100111
100000101110101101
100000101110101111
100000101110110001
100000101110110011
100000101110110101
100000101110110111
100000101110111101
100000101110111111
100000101111000001
100000101111000011
100000101111000101
100000101111000111
100000101111001001
100000101111001011
100000101111001101
100000101111001111
100000101111100001
100000101111100011
100000101111100101
100000101111100111
100000101111101101
100000101111101111
100000101111110001
100000101111110011
100000111010000001
100000111010000011
100000111010000101
100000111010000111
100000111010001001
100000111010001011
100000111010001101
100000111010001111
100000111010010001
100000111010010011
100000111010010101
100000111010010111
100000111010011001
100000111010011011
100000111010011101
100000111010011111
100000111010100001
100000111010100011
100000111010100101
100000111010100111
100000111010101101
100000111010101111
100000111010110001
100000111010110011
100000111010110101
100000111010110111
100000111010111101
100000111010111111
100001001000001001
100001001000001011
100001001000011001
100001001000011011
100001001000101001
100001001000101011
100001001000111001
100001001000111011
100001001001001001
100001001001001011
100001001001101001
100001001001101011
100001001010001001
100001001010001011
100001001010011001
100001001010011011
100001001010101001
100001001010101011
100001001010111001
100001001010111011
100001001011001001
100001001011001011
100001001011101001
100001001011101011
100001001100001001
100001001100001011
100001001100011001
100001001100011011
100001001100101001
100001001100101011
100001001100111001
100001001100111011
100001001101001001
100001001101001011
100001001101101001
100001001101101011
100001001110001001
100001001110001011
100001001110011001
100001001110011011
100001001110101001
100001001110101011
100001001110111001
100001001110111011
100001001111001001
100001001111001011
100001001111101001
100001001111101011
100001011000101001
100001011000101011
100001011000111001
100001011000111011
100001011001101001
100001011001101011
100001011010001001
100001011010001011
100001011010011001
100001011010011011
100001011010101001
100001011010101011
100001011010111001
100001011010111011
100001011011101001
100001011011101011
100001011100101001
100001011100101011
100001011100111001
100001011100111011
100001011101101001
100001011101101011
100001011110101001
100001011110101011
100001011110111001
100001011110111011
100001011111101001
100001011111101011
100001101000001001
100001101000001011
100001101000011001
100001101000011011
100001101001001001
100001101001001011
100001101010001001
100001101010001011
100001101010011001
100001101010011011
100001101011001001
100001101011001011
100001101100001001
100001101100001011
100001101100011001
100001101100011011
100001101101001001
100001101101001011
100001101110001001
100001101110001011
100001101110011001
100001101110011011
100001101111001001
100001101111001011
100001111010001001
100001111010001011
100001111010011001
100001111010011011
100010001000000001
100010001000000011
100010001000000101
100010001000000111
100010001000001001
100010001000001011
100010001000001101
100010001000001111
100010001000010001
100010001000010011
100010001000010101
100010001000010111
100010001000011001
100010001000011011
100010001000011101
100010001000011111
100010001000100001
100010001000100011
100010001000100101
100010001000100111
100010001000101001
100010001000101011
100010001000101101
100010001000101111
100010001000110001
100010001000110011
100010001000110101
100010001000110111
100010001000111001
100010001000111011
100010001000111101
100010001000111111
100010001001000001
100010001001000011
100010001001000101
100010001001000111
100010001001001001
100010001001001011
100010001001001101
100010001001001111
100010001001100001
100010001001100011
100010001001100101
100010001001100111
100010001001101001
100010001001101011
100010001001101101
100010001001101111
100010001001110001
100010001001110011
100010001010000001
100010001010000011
100010001010000101
100010001010000111
100010001010001001
100010001010001011
100010001010001101
100010001010001111
100010001010010001
100010001010010011
100010001010010101
100010001010010111
100010001010011001
100010001010011011
100010001010011101
100010001010011111
100010001010100001
100010001010100011
100010001010100101
100010001010100111
100010001010101001
100010001010101011
100010001010101101
100010001010101111
100010001010110001
100010001010110011
100010001010110101
100010001010110111
100010001010111001
100010001010111011
100010001010111101
100010001010111111
100010001011000001
100010001011000011
100010001011000101
100010001011000111
100010001011001001
100010001011001011
100010001011001101
100010001011001111
100010001011100001
100010001011100011
100010001011100101
100010001011100111
100010001011101001
100010001011101011
100010001011101101
100010001011101111
100010001011110001
100010001011110011
100010001100000001
100010001100000011
100010001100000101
100010001100000111
100010001100001001
100010001100001011
100010001100001101
100010001100001111
100010001100010001
100010001100010011
100010001100010101
100010001100010111
100010001100011001
100010001100011011
100010001100011101
100010001100011111
100010001100100001
100010001100100011
100010001100100101
100010001100100111
100010001100101001
100010001100101011
100010001100101101
100010001100101111
100010001100110001
100010001100110011
100010001100110101
100010001100110111
100010001100111001
100010001100111011
100010001100111101
100010001100111111
100010001101000001
100010001101000011
100010001101000101
100010001101000111
100010001101001001
100010001101001011
100010001101001101
100010001101001111
100010001101100001
100010001101100011
100010001101100101
100010001101100111
100010001101101001
100010001101101011
100010001101101101
100010001101101111
100010001101110001
100010001101110011
100010001110000001
100010001110000011
100010001110000101
100010001110000111
100010001110001001
100010001110001011
100010001110001101
100010001110001111
100010001110010001
100010001110010011
100010001110010101
100010001110010111
100010001110011001
100010001110011011
100010001110011101
100010001110011111
100010001110100001
100010001110100011
100010001110100101
100010001110100111
100010001110101001
100010001110101011
100010001110101101
100010001110101111
100010001110110001
100010001110110011
100010001110110101
100010001110110111
100010001110111001
100010001110111011
100010001110111101
100010001110111111
100010001111000001
100010001111000011
100010001111000101
100010001111000111
100010001111001001
100010001111001011
100010001111001101
100010001111001111
100010001111100001
100010001111100011
100010001111100101
100010001111100111
100010001111101001
100010001111101011
100010001111101101
100010001111101111
100010001111110001
100010001111110011
100010011000101001
100010011000101011
100010011000111001
100010011000111011
100010011001101001
100010011001101011
100010011010000001
100010011010000011
100010011010000101
100010011010000111
100010011010001001
100010011010001011
100010011010001101
100010011010001111
100010011010010001
100010011010010011
100010011010010101
100010011010010111
100010011010011001
100010011010011011
100010011010011101
100010011010011111
100010011010100001
100010011010100011
100010011010100101
100010011010100111
100010011010101001
100010011010101011
100010011010101101
100010011010101111
100010011010110001
100010011010110011
100010011010110101
100010011010110111
100010011010111001
100010011010111011
100010011010111101
100010011010111111
100010011011101001
100010011011101011
100010011100101001
100010011100101011
100010011100111001
100010011100111011
100010011101101001
100010011101101011
100010011110101001
100010011110101011
100010011110111001
100010011110111011
100010011111101001
100010011111101011
100010101000000001
100010101000000011
100010101000000101
100010101000000111
100010101000001001
100010101000001011
100010101000001101
100010101000001111
100010101000010001
100010101000010011
100010101000010101
100010101000010111
100010101000011001
100010101000011011
100010101000011101
100010101000011111
100010101000100001
100010101000100011
100010101000100101
100010101000100111
100010101000101101
100010101000101111
100010101000110001
100010101000110011
100010101000110101
100010101000110111
100010101000111101
100010101000111111
100010101001000001
100010101001000011
100010101001000101
100010101001000111
100010101001001001
100010101001001011
100010101001001101
100010101001001111
100010101001100001
100010101001100011
100010101001100101
100010101001100111
100010101001101101
100010101001101111
100010101001110001
100010101001110011
100010101010000001
100010101010000011
100010101010000101
100010101010000111
100010101010001001
100010101010001011
100010101010001101
100010101010001111
100010101010010001
100010101010010011
100010101010010101
100010101010010111
100010101010011001
100010101010011011
100010101010011101
100010101010011111
100010101010100001
100010101010100011
100010101010100101
100010101010100111
100010101010101101
100010101010101111
100010101010110001
100010101010110011
100010101010110101
100010101010110111
100010101010111101
100010101010111111
100010101011000001
100010101011000011
100010101011000101
100010101011000111
100010101011001001
100010101011001011
100010101011001101
100010101011001111
100010101011100001
100010101011100011
100010101011100101
100010101011100111
100010101011101101
100010101011101111
100010101011110001
100010101011110011
100010101100000001
100010101100000011
100010101100000101
100010101100000111
100010101100001001
100010101100001011
100010101100001101
100010101100001111
100010101100010001
100010101100010011
100010101100010101
100010101100010111
100010101100011001
100010101100011011
100010101100011101
100010101100011111
100010101100100001
100010101100100011
100010101100100101
100010101100100111
100010101100101101
100010101100101111
100010101100110001
100010101100110011
100010101100110101
100010101100110111
100010101100111101
100010101100111111
100010101101000001
100010101101000011
100010101101000101
100010101101000111
100010101101001001
100010101101001011
100010101101001101
100010101101001111
100010101101100001
100010101101100011
100010101101100101
100010101101100111
100010101101101101
100010101101101111
100010101101110001
100010101101110011
100010101110000001
100010101110000011
100010101110000101
100010101110000111
100010101110001001
100010101110001011
100010101110001101
100010101110001111
100010101110010001
100010101110010011
100010101110010101
100010101110010111
100010101110011001
100010101110011011
100010101110011101
100010101110011111
100010101110100001
100010101110100011
100010101110100101
100010101110100111
100010101110101101
100010101110101111
100010101110110001
100010101110110011
100010101110110101
100010101110110111
100010101110111101
100010101110111111
100010101111000001
100010101111000011
100010101111000101
100010101111000111
100010101111001001
100010101111001011
100010101111001101
100010101111001111
100010101111100001
100010101111100011
100010101111100101
100010101111100111
100010101111101101
100010101111101111
100010101111110001
100010101111110011
100010111010000001
100010111010000011
100010111010000101
100010111010000111
100010111010001001
100010111010001011
100010111010001101
100010111010001111
100010111010010001
100010111010010011
100010111010010101
100010111010010111
100010111010011001
100010111010011011
100010111010011101
100010111010011111
100010111010100001
100010111010100011
100010111010100101
100010111010100111
100010111010101101
100010111010101111
100010111010110001
100010111010110011
100010111010110101
100010111010110111
100010111010111101
100010111010111111
100011001000001001
100011001000001011
100011001000011001
100011001000011011
100011001000101001
100011001000101011
100011001000111001
100011001000111011
100011001001001001
100011001001001011
100011001001101001
100011001001101011
100011001010001001
100011001010001011
100011001010011001
100011001010011011
100011001010101001
100011001010101011
100011001010111001
100011001010111011
100011001011001001
100011001011001011
100011001011101001
100011001011101011
100011001100001001
100011001100001011
100011001100011001
100011001100011011
100011001100101001
100011001100101011
100011001100111001
100011001100111011
100011001101001001
100011001101001011
100011001101101001
100011001101101011
100011001110001001
100011001110001011
100011001110011001
100011001110011011
100011001110101001
100011001110101011
100011001110111001
100011001110111011
100011001111001001
100011001111001011
100011001111101001
100011001111101011
100011011000101001
100011011000101011
100011011000111001
100011011000111011
100011011001101001
100011011001101011
100011011010001001
100011011010001011
100011011010011001
100011011010011011
100011011010101001
100011011010101011
100011011010111001
100011011010111011
100011011011101001
100011011011101011
100011011100101001
100011011100101011
100011011100111001
100011011100111011
100011011101101001
100011011101101011
100011011110101001
100011011110101011
100011011110111001
100011011110111011
100011011111101001
100011011111101011
100011101000001001
100011101000001011
100011101000011001
100011101000011011
100011101001001001
100011101001001011
100011101010001001
100011101010001011
100011101010011001
100011101010011011
100011101011001001
100011101011001011
100011101100001001
100011101100001011
100011101100011001
100011101100011011
100011101101001001
100011101101001011
100011101110001001
100011101110001011
100011101110011001
100011101110011011
100011101111001001
100011101111001011
100011111010001001
100011111010001011
100011111010011001
100011111010011011
100100001000000001
100100001000000011
100100001000000101
100100001000000111
100100001000001001
100100001000001011
100100001000001101
100100001000001111
100100001000100001
100100001000100011
100100001000100101
100100001000100111
100100001000101001
100100001000101011
100100001000101101
100100001000101111
100100001000110001
100100001000110011
100100001001000001
100100001001000011
100100001001000101
100100001001000111
100100001001001001
100100001001001011
100100001001001101
100100001001001111
100100001001100001
100100001001100011
100100001001100101
100100001001100111
100100001001101001
100100001001101011
100100001001101101
100100001001101111
100100001001110001
100100001001110011
100100001010000001
100100001010000011
100100001010000101
100100001010000111
100100001010001001
100100001010001011
100100001010001101
100100001010001111
100100001010010001
100100001010010011
100100001010010101
100100001010010111
100100001010011001
100100001010011011
100100001010011101
100100001010011111
100100001010100001
100100001010100011
100100001010100101
100100001010100111
100100001010101001
100100001010101011
100100001010101101
100100001010101111
100100001010110001
100100001010110011
100100001010110101
100100001010110111
100100001010111001
100100001010111011
100100001010111101
100100001010111111
100100001011000001
100100001011000011
100100001011000101
100100001011000111
100100001011001001
100100001011001011
100100001011001101
100100001011001111
100100001011100001
100100001011100011
100100001011100101
100100001011100111
100100001011101001
100100001011101011
100100001011101101
100100001011101111
100100001011110001
100100001011110011
100100001100000001
100100001100000011
100100001100000101
100100001100000111
100100001100001001
100100001100001011
100100001100001101
100100001100001111
100100001100100001
100100001100100011
100100001100100101
100100001100100111
100100001100101001
100100001100101011
100100001100101101
100100001100101111
100100001100110001
100100001100110011
100100001101000001
100100001101000011
100100001101000101
100100001101000111
100100001101001001
100100001101001011
100100001101001101
100100001101001111
100100001101100001
100100001101100011
100100001101100101
100100001101100111
100100001101101001
100100001101101011
100100001101101101
100100001101101111
100100001101110001
100100001101110011
100100001110000001
100100001110000011
100100001110000101
100100001110000111
100100001110001001
100100001110001011
100100001110001101
100100001110001111
100100001110100001
100100001110100011
100100001110100101
100100001110100111
100100001110101001
100100001110101011
100100001110101101
100100001110101111
100100001110110001
100100001110110011
100100001111000001
100100001111000011
100100001111000101
100100001111000111
100100001111001001
100100001111001011
100100001111001101
100100001111001111
100100001111100001
100100001111100011
100100001111100101
100100001111100111
100100001111101001
100100001111101011
100100001111101101
100100001111101111
100100001111110001
100100001111110011
100100011000101001
100100011000101011
100100011001101001
100100011001101011
100100011010000001
100100011010000011
100100011010000101
100100011010000111
100100011010001001
100100011010001011
100100011010001101
100100011010001111
100100011010010001
100100011010010011
100100011010010101
100100011010010111
100100011010011001
100100011010011011
100100011010011101
100100011010011111
100100011010100001
100100011010100011
100100011010100101
100100011010100111
100100011010101001
100100011010101011
100100011010101101
100100011010101111
100100011010110001
100100011010110011
100100011010110101
100100011010110111
100100011010111001
100100011010111011
100100011010111101
100100011010111111
100100011011101001
100100011011101011
100100011100101001
100100011100101011
100100011101101001
100100011101101011
100100011110101001
100100011110101011
100100011111101001
100100011111101011
100100101000000001
100100101000000011
100100101000000101
100100101000000111
100100101000001001
100100101000001011
100100101000001101
100100101000001111
100100101000100001
100100101000100011
100100101000100101
100100101000100111
100100101000101101
100100101000101111
100100101000110001
100100101000110011
100100101001000001
100100101001000011
100100101001000101
100100101001000111
100100101001001001
100100101001001011
100100101001001101
100100101001001111
100100101001100001
100100101001100011
100100101001100101
100100101001100111
100100101001101101
100100101001101111
100100101001110001
100100101001110011
100100101010000001
100100101010000011
100100101010000101
100100101010000111
100100101010001001
100100101010001011
100100101010001101
100100101010001111
100100101010010001
100100101010010011
100100101010010101
100100101010010111
100100101010011001
100100101010011011
100100101010011101
100100101010011111
100100101010100001
100100101010100011
100100101010100101
100100101010100111
100100101010101101
100100101010101111
100100101010110001
100100101010110011
100100101010110101
100100101010110111
100100101010111101
100100101010111111
100100101011000001
100100101011000011
100100101011000101
100100101011000111
100100101011001001
100100101011001011
100100101011001101
100100101011001111
100100101011100001
100100101011100011
100100101011100101
100100101011100111
100100101011101101
100100101011101111
100100101011110001
100100101011110011
100100101100000001
100100101100000011
100100101100000101
100100101100000111
100100101100001001
100100101100001011
100100101100001101
100100101100001111
100100101100100001
100100101100100011
100100101100100101
100100101100100111
100100101100101101
100100101100101111
100100101100110001
100100101100110011
100100101101000001
100100101101000011
100100101101000101
100100101101000111
100100101101001001
100100101101001011
100100101101001101
100100101101001111
100100101101100001
100100101101100011
100100101101100101
100100101101100111
100100101101101101
100100101101101111
100100101101110001
100100101101110011
100100101110000001
100100101110000011
100100101110000101
100100101110000111
100100101110001001
100100101110001011
100100101110001101
100100101110001111
100100101110100001
100100101110100011
100100101110100101
100100101110100111
100100101110101101
100100101110101111
100100101110110001
100100101110110011
100100101111000001
100100101111000011
100100101111000101
100100101111000111
100100101111001001
100100101111001011
100100101111001101
100100101111001111
100100101111100001
100100101111100011
100100101111100101
100100101111100111
100100101111101101
100100101111101111
100100101111110001
100100101111110011
100100111010000001
100100111010000011
100100111010000101
100100111010000111
100100111010001001
100100111010001011
100100111010001101
100100111010001111
100100111010010001
100100111010010011
100100111010010101
100100111010010111
100100111010011001
100100111010011011
100100111010011101
100100111010011111
100100111010100001
100100111010100011
100100111010100101
100100111010100111
100100111010101101
100100111010101111
100100111010110001
100100111010110011
100100111010110101
100100111010110111
100100111010111101
100100111010111111
100101001000001001
100101001000001011
100101001000101001
100101001000101011
100101001001001001
100101001001001011
100101001001101001
100101001001101011
100101001010001001
100101001010001011
100101001010011001
100101001010011011
100101001010101001
100101001010101011
100101001010111001
100101001010111011
100101001011001001
100101001011001011
100101001011101001
100101001011101011
100101001100001001
100101001100001011
100101001100101001
100101001100101011
100101001101001001
100101001101001011
100101001101101001
100101001101101011
100101001110001001
100101001110001011
100101001110101001
100101001110101011
100101001111001001
100101001111001011
100101001111101001
100101001111101011
100101011000101001
100101011000101011
100101011001101001
100101011001101011
100101011010001001
100101011010001011
100101011010011001
100101011010011011
100101011010101001
100101011010101011
100101011010111001
100101011010111011
100101011011101001
100101011011101011
100101011100101001
100101011100101011
100101011101101001
100101011101101011
100101011110101001
100101011110101011
100101011111101001
100101011111101011
100101101000001001
100101101000001011
100101101001001001
100101101001001011
100101101010001001
100101101010001011
100101101010011001
100101101010011011
100101101011001001
100101101011001011
100101101100001001
100101101100001011
100101101101001001
100101101101001011
100101101110001001
100101101110001011
100101101111001001
100101101111001011
100101111010001001
100101111010001011
100101111010011001
100101111010011011
100110001000000001
100110001000000011
100110001000000101
100110001000000111
100110001000001001
100110001000001011
100110001000001101
100110001000001111
100110001000100001
100110001000100011
100110001000100101
100110001000100111
100110001000101001
100110001000101011
100110001000101101
100110001000101111
100110001000110001
100110001000110011
100110001001000001
100110001001000011
100110001001000101
100110001001000111
100110001001001001
100110001001001011
100110001001001101
100110001001001111
100110001001100001
100110001001100011
100110001001100101
100110001001100111
100110001001101001
100110001001101011
100110001001101101
100110001001101111
100110001001110001
100110001001110011
100110001010000001
100110001010000011
100110001010000101
100110001010000111
100110001010001001
100110001010001011
100110001010001101
100110001010001111
100110001010010001
100110001010010011
100110001010010101
100110001010010111
100110001010011001
100110001010011011
100110001010011101
100110001010011111
100110001010100001
100110001010100011
100110001010100101
100110001010100111
100110001010101001
100110001010101011
100110001010101101
100110001010101111
100110001010110001
100110001010110011
100110001010110101
100110001010110111
100110001010111001
100110001010111011
100110001010111101
100110001010111111
100110001011000001
100110001011000011
100110001011000101
100110001011000111
100110001011001001
100110001011001011
100110001011001101
100110001011001111
100110001011100001
100110001011100011
100110001011100101
100110001011100111
100110001011101001
100110001011101011
100110001011101101
100110001011101111
100110001011110001
100110001011110011
100110001100000001
100110001100000011
100110001100000101
100110001100000111
100110001100001001
100110001100001011
100110001100001101
100110001100001111
100110001100100001
100110001100100011
100110001100100101
100110001100100111
100110001100101001
100110001100101011
100110001100101101
100110001100101111
100110001100110001
100110001100110011
100110001101000001
100110001101000011
100110001101000101
100110001101000111
100110001101001001
100110001101001011
100110001101001101
100110001101001111
100110001101100001
100110001101100011
100110001101100101
100110001101100111
100110001101101001
100110001101101011
100110001101101101
100110001101101111
100110001101110001
100110001101110011
100110001110000001
100110001110000011
100110001110000101
100110001110000111
100110001110001001
100110001110001011
100110001110001101
100110001110001111
100110001110100001
100110001110100011
100110001110100101
100110001110100111
100110001110101001
100110001110101011
100110001110101101
100110001110101111
100110001110110001
100110001110110011
100110001111000001
100110001111000011
100110001111000101
100110001111000111
100110001111001001
100110001111001011
100110001111001101
100110001111001111
100110001111100001
100110001111100011
100110001111100101
100110001111100111
100110001111101001
100110001111101011
100110001111101101
100110001111101111
100110001111110001
100110001111110011
100110011000101001
100110011000101011
100110011001101001
100110011001101011
100110011010000001
100110011010000011
100110011010000101
100110011010000111
100110011010001001
100110011010001011
100110011010001101
100110011010001111
100110011010010001
100110011010010011
100110011010010101
100110011010010111
100110011010011001
100110011010011011
100110011010011101
100110011010011111
100110011010100001
100110011010100011
100110011010100101
100110011010100111
100110011010101001
100110011010101011
100110011010101101
100110011010101111
100110011010110001
100110011010110011
100110011010110101
100110011010110111
100110011010111001
100110011010111011
100110011010111101
100110011010111111
100110011011101001
100110011011101011
100110011100101001
100110011100101011
100110011101101001
100110011101101011
100110011110101001
100110011110101011
100110011111101001
100110011111101011
100110101000000001
100110101000000011
100110101000000101
100110101000000111
100110101000001001
100110101000001011
100110101000001101
100110101000001111
100110101000100001
100110101000100011
100110101000100101
100110101000100111
100110101000101101
100110101000101111
100110101000110001
100110101000110011
100110101001000001
100110101001000011
100110101001000101
100110101001000111
100110101001001001
100110101001001011
100110101001001101
100110101001001111
100110101001100001
100110101001100011
100110101001100101
100110101001100111
100110101001101101
100110101001101111
100110101001110001
100110101001110011
100110101010000001
100110101010000011
100110101010000101
100110101010000111
100110101010001001
100110101010001011
100110101010001101
100110101010001111
100110101010010001
100110101010010011
100110101010010101
100110101010010111
100110101010011001
100110101010011011
100110101010011101
100110101010011111
100110101010100001
100110101010100011
100110101010100101
100110101010100111
100110101010101101
100110101010101111
100110101010110001
100110101010110011
100110101010110101
100110101010110111
100110101010111101
100110101010111111
100110101011000001
100110101011000011
100110101011000101
100110101011000111
100110101011001001
100110101011001011
100110101011001101
100110101011001111
100110101011100001
100110101011100011
100110101011100101
100110101011100111
100110101011101101
100110101011101111
100110101011110001
100110101011110011
100110101100000001
100110101100000011
100110101100000101
100110101100000111
100110101100001001
100110101100001011
100110101100001101
100110101100001111
100110101100100001
100110101100100011
100110101100100101
100110101100100111
100110101100101101
100110101100101111
100110101100110001
100110101100110011
100110101101000001
100110101101000011
100110101101000101
100110101101000111
100110101101001001
100110101101001011
100110101101001101
100110101101001111
100110101101100001
100110101101100011
100110101101100101
100110101101100111
100110101101101101
100110101101101111
100110101101110001
100110101101110011
100110101110000001
100110101110000011
100110101110000101
100110101110000111
100110101110001001
100110101110001011
100110101110001101
100110101110001111
100110101110100001
100110101110100011
100110101110100101
100110101110100111
100110101110101101
100110101110101111
100110101110110001
100110101110110011
100110101111000001
100110101111000011
100110101111000101
100110101111000111
100110101111001001
100110101111001011
100110101111001101
100110101111001111
100110101111100001
100110101111100011
100110101111100101
100110101111100111
100110101111101101
100110101111101111
100110101111110001
100110101111110011
100110111010000001
100110111010000011
100110111010000101
100110111010000111
100110111010001001
100110111010001011
100110111010001101
100110111010001111
100110111010010001
100110111010010011
100110111010010101
100110111010010111
100110111010011001
100110111010011011
100110111010011101
100110111010011111
100110111010100001
100110111010100011
100110111010100101
100110111010100111
100110111010101101
100110111010101111
100110111010110001
100110111010110011
100110111010110101
100110111010110111
100110111010111101
100110111010111111
100111001000001001
100111001000001011
100111001000101001
100111001000101011
100111001001001001
100111001001001011
100111001001101001
100111001001101011
100111001010001001
100111001010001011
100111001010011001
100111001010011011
100111001010101001
100111001010101011
100111001010111001
100111001010111011
100111001011001001
100111001011001011
100111001011101001
100111001011101011
100111001100001001
100111001100001011
100111001100101001
100111001100101011
100111001101001001
100111001101001011
100111001101101001
100111001101101011
100111001110001001
100111001110001011
100111001110101001
100111001110101011
100111001111001001
100111001111001011
100111001111101001
100111001111101011
100111011000101001
100111011000101011
100111011001101001
100111011001101011
100111011010001001
100111011010001011
100111011010011001
100111011010011011
100111011010101001
100111011010101011
100111011010111001
100111011010111011
100111011011101001
100111011011101011
100111011100101001
100111011100101011
100111011101101001
100111011101101011
100111011110101001
100111011110101011
100111011111101001
100111011111101011
100111101000001001
100111101000001011
100111101001001001
100111101001001011
100111101010001001
100111101010001011
100111101010011001
100111101010011011
100111101011001001
100111101011001011
100111101100001001
100111101100001011
100111101101001001
100111101101001011
100111101110001001
100111101110001011
100111101111001001
100111101111001011
100111111010001001
100111111010001011
100111111010011001
100111111010011011
101000001000000001
101000001000000011
101000001000000101
101000001000000111
101000001000001001
101000001000001011
101000001000001101
101000001000001111
101000001000010001
101000001000010011
101000001000010101
101000001000010111
101000001000011001
101000001000011011
101000001000011101
101000001000011111
101000001000100001
101000001000100011
101000001000100101
101000001000100111
101000001000101001
101000001000101011
101000001000101101
101000001000101111
101000001000110001
101000001000110011
101000001000110101
101000001000110111
101000001000111001
101000001000111011
101000001000111101
101000001000111111
101000001001000001
101000001001000011
101000001001000101
101000001001000111
101000001001001001
101000001001001011
101000001001001101
101000001001001111
101000001001100001
101000001001100011
101000001001100101
101000001001100111
101000001001101001
101000001001101011
101000001001101101
101000001001101111
101000001010000001
101000001010000011
101000001010000101
101000001010000111
101000001010001001
101000001010001011
101000001010001101
101000001010001111
101000001010010001
101000001010010011
101000001010010101
101000001010010111
101000001010011001
101000001010011011
101000001010011101
101000001010011111
101000001010100001
101000001010100011
101000001010100101
101000001010100111
101000001010101001
101000001010101011
101000001010101101
101000001010101111
101000001010110001
101000001010110011
101000001010110101
101000001010110111
101000001010111001
101000001010111011
101000001010111101
101000001010111111
101000001011000001
101000001011000011
101000001011000101
101000001011000111
101000001011001001
101000001011001011
101000001011001101
101000001011001111
101000001011100001
101000001011100011
101000001011100101
101000001011100111
101000001011101001
101000001011101011
101000001011101101
101000001011101111
101000001100000001
101000001100000011
101000001100000101
101000001100000111
101000001100001001
101000001100001011
101000001100001101
101000001100001111
101000001100010001
101000001100010011
101000001100010101
101000001100010111
101000001100011001
101000001100011011
101000001100011101
101000001100011111
101000001100100001
101000001100100011
101000001100100101
101000001100100111
101000001100101001
101000001100101011
101000001100101101
101000001100101111
101000001100110001
101000001100110011
101000001100110101
101000001100110111
101000001100111001
101000001100111011
101000001100111101
101000001100111111
101000001101000001
101000001101000011
101000001101000101
101000001101000111
101000001101001001
101000001101001011
101000001101001101
101000001101001111
101000001101100001
101000001101100011
101000001101100101
101000001101100111
101000001101101001
101000001101101011
101000001101101101
101000001101101111
101000001110000001
101000001110000011
101000001110000101
101000001110000111
101000001110001001
101000001110001011
101000001110001101
101000001110001111
101000001110010001
101000001110010011
101000001110010101
101000001110010111
101000001110011001
101000001110011011
101000001110011101
101000001110011111
101000001110100001
101000001110100011
101000001110100101
101000001110100111
101000001110101001
101000001110101011
101000001110101101
101000001110101111
101000001110110001
101000001110110011
101000001110110101
101000001110110111
101000001110111001
101000001110111011
101000001110111101
101000001110111111
101000001111000001
101000001111000011
101000001111000101
101000001111000111
101000001111001001
101000001111001011
101000001111001101
101000001111001111
101000001111100001
101000001111100011
101000001111100101
101000001111100111
101000001111101001
101000001111101011
101000001111101101
101000001111101111
101000011000101001
101000011000101011
101000011000111001
101000011000111011
101000011001101001
101000011001101011
101000011010000001
101000011010000011
101000011010000101
101000011010000111
101000011010001001
101000011010001011
101000011010001101
101000011010001111
101000011010010001
101000011010010011
101000011010010101
101000011010010111
101000011010011001
101000011010011011
101000011010011101
101000011010011111
101000011010100001
101000011010100011
101000011010100101
101000011010100111
101000011010101001
101000011010101011
101000011010101101
101000011010101111
101000011010110001
101000011010110011
101000011010110101
101000011010110111
101000011010111001
101000011010111011
101000011010111101
101000011010111111
101000011011101001
101000011011101011
101000011100101001
101000011100101011
101000011100111001
101000011100111011
101000011101101001
101000011101101011
101000011110101001
101000011110101011
101000011110111001
101000011110111011
101000011111101001
101000011111101011
101000101000000001
101000101000000011
101000101000000101
101000101000000111
101000101000001001
101000101000001011
101000101000001101
101000101000001111
101000101000010001
101000101000010011
101000101000010101
101000101000010111
101000101000011001
101000101000011011
101000101000011101
101000101000011111
101000101000100001
101000101000100011
101000101000100101
101000101000100111
101000101000101101
101000101000101111
101000101000110001
101000101000110011
101000101000110101
101000101000110111
101000101000111101
101000101000111111
101000101001000001
101000101001000011
101000101001000101
101000101001000111
101000101001001001
101000101001001011
101000101001001101
101000101001001111
101000101001100001
101000101001100011
101000101001100101
101000101001100111
101000101001101101
101000101001101111
101000101010000001
101000101010000011
101000101010000101
101000101010000111
101000101010001001
101000101010001011
101000101010001101
101000101010001111
101000101010010001
101000101010010011
101000101010010101
101000101010010111
101000101010011001
101000101010011011
101000101010011101
101000101010011111
101000101010100001
101000101010100011
101000101010100101
101000101010100111
101000101010101101
101000101010101111
101000101010110001
101000101010110011
101000101010110101
101000101010110111
101000101010111101
101000101010111111
101000101011000001
101000101011000011
101000101011000101
101000101011000111
101000101011001001
101000101011001011
101000101011001101
101000101011001111
101000101011100001
101000101011100011
101000101011100101
101000101011100111
101000101011101101
101000101011101111
101000101100000001
101000101100000011
101000101100000101
101000101100000111
101000101100001001
101000101100001011
101000101100001101
101000101100001111
101000101100010001
101000101100010011
101000101100010101
101000101100010111
101000101100011001
101000101100011011
101000101100011101
101000101100011111
101000101100100001
101000101100100011
101000101100100101
101000101100100111
101000101100101101
101000101100101111
101000101100110001
101000101100110011
101000101100110101
101000101100110111
101000101100111101
101000101100111111
101000101101000001
101000101101000011
101000101101000101
101000101101000111
101000101101001001
101000101101001011
101000101101001101
101000101101001111
101000101101100001
101000101101100011
101000101101100101
101000101101100111
101000101101101101
101000101101101111
101000101110000001
101000101110000011
101000101110000101
101000101110000111
101000101110001001
101000101110001011
101000101110001101
101000101110001111
101000101110010001
101000101110010011
101000101110010101
101000101110010111
101000101110011001
101000101110011011
101000101110011101
101000101110011111
101000101110100001
101000101110100011
101000101110100101
101000101110100111
101000101110101101
101000101110101111
101000101110110001
101000101110110011
101000101110110101
101000101110110111
101000101110111101
101000101110111111
101000101111000001
101000101111000011
101000101111000101
101000101111000111
101000101111001001
101000101111001011
101000101111001101
101000101111001111
101000101111100001
101000101111100011
101000101111100101
101000101111100111
101000101111101101
101000101111101111
101000111010000001
101000111010000011
101000111010000101
101000111010000111
101000111010001001
101000111010001011
101000111010001101
101000111010001111
101000111010010001
101000111010010011
101000111010010101
101000111010010111
101000111010011001
101000111010011011
101000111010011101
101000111010011111
101000111010100001
101000111010100011
101000111010100101
101000111010100111
101000111010101101
101000111010101111
101000111010110001
101000111010110011
101000111010110101
101000111010110111
101000111010111101
101000111010111111
101001001000001001
101001001000001011
101001001000011001
101001001000011011
101001001000101001
101001001000101011
101001001000111001
101001001000111011
101001001001001001
101001001001001011
101001001001101001
101001001001101011
101001001010001001
101001001010001011
101001001010011001
101001001010011011
101001001010101001
101001001010101011
101001001010111001
101001001010111011
101001001011001001
101001001011001011
101001001011101001
101001001011101011
101001001100001001
101001001100001011
101001001100011001
101001001100011011
101001001100101001
101001001100101011
101001001100111001
101001001100111011
101001001101001001
101001001101001011
101001001101101001
101001001101101011
101001001110001001
101001001110001011
101001001110011001
101001001110011011
101001001110101001
101001001110101011
101001001110111001
101001001110111011
101001001111001001
101001001111001011
101001001111101001
101001001111101011
101001011000101001
101001011000101011
101001011000111001
101001011000111011
101001011001101001
101001011001101011
101001011010001001
101001011010001011
101001011010011001
101001011010011011
101001011010101001
101001011010101011
101001011010111001
101001011010111011
101001011011101001
101001011011101011
101001011100101001
101001011100101011
101001011100111001
101001011100111011
101001011101101001
101001011101101011
101001011110101001
101001011110101011
101001011110111001
101001011110111011
101001011111101001
101001011111101011
101001101000001001
101001101000001011
101001101000011001
101001101000011011
101001101001001001
101001101001001011
101001101010001001
101001101010001011
101001101010011001
101001101010011011
101001101011001001
101001101011001011
101001101100001001
101001101100001011
101001101100011001
101001101100011011
101001101101001001
101001101101001011
101001101110001001
101001101110001011
101001101110011001
101001101110011011
101001101111001001
101001101111001011
101001111010001001
101001111010001011
101001111010011001
101001111010011011
101010001000000001
101010001000000011
101010001000000101
101010001000000111
101010001000001001
101010001000001011
101010001000001101
101010001000001111
101010001000010001
101010001000010011
101010001000010101
101010001000010111
101010001000011001
101010001000011011
101010001000011101
101010001000011111
101010001000100001
101010001000100011
101010001000100101
101010001000100111
101010001000101001
101010001000101011
101010001000101101
101010001000101111
101010001000110001
101010001000110011
101010001000110101
101010001000110111
101010001000111001
101010001000111011
101010001000111101
101010001000111111
101010001001000001
101010001001000011
101010001001000101
101010001001000111
101010001001001001
101010001001001011
101010001001001101
101010001001001111
101010001001100001
101010001001100011
101010001001100101
101010001001100111
101010001001101001
101010001001101011
101010001001101101
101010001001101111
101010001010000001
101010001010000011
101010001010000101
101010001010000111
101010001010001001
101010001010001011
101010001010001101
101010001010001111
101010001010010001
101010001010010011
101010001010010101
101010001010010111
101010001010011001
101010001010011011
101010001010011101
101010001010011111
101010001010100001
101010001010100011
101010001010100101
101010001010100111
101010001010101001
101010001010101011
101010001010101101
101010001010101111
101010001010110001
101010001010110011
101010001010110101
101010001010110111
101010001010111001
101010001010111011
101010001010111101
101010001010111111
101010001011000001
101010001011000011
101010001011000101
101010001011000111
101010001011001001
101010001011001011
101010001011001101
101010001011001111
101010001011100001
101010001011100011
101010001011100101
101010001011100111
101010001011101001
101010001011101011
101010001011101101
101010001011101111
101010001100000001
101010001100000011
101010001100000101
101010001100000111
101010001100001001
101010001100001011
101010001100001101
101010001100001111
101010001100010001
101010001100010011
101010001100010101
101010001100010111
101010001100011001
101010001100011011
101010001100011101
101010001100011111
101010001100100001
101010001100100011
101010001100100101
101010001100100111
101010001100101001
101010001100101011
101010001100101101
101010001100101111
101010001100110001
101010001100110011
101010001100110101
101010001100110111
101010001100111001
101010001100111011
101010001100111101
101010001100111111
101010001101000001
101010001101000011
101010001101000101
101010001101000111
101010001101001001
101010001101001011
101010001101001101
101010001101001111
101010001101100001
101010001101100011
101010001101100101
101010001101100111
101010001101101001
101010001101101011
101010001101101101
101010001101101111
101010001110000001
101010001110000011
101010001110000101
101010001110000111
101010001110001001
101010001110001011
101010001110001101
101010001110001111
101010001110010001
101010001110010011
101010001110010101
101010001110010111
101010001110011001
101010001110011011
101010001110011101
101010001110011111
101010001110100001
101010001110100011
101010001110100101
101010001110100111
101010001110101001
101010001110101011
101010001110101101
101010001110101111
101010001110110001
101010001110110011
101010001110110101
101010001110110111
101010001110111001
101010001110111011
101010001110111101
101010001110111111
101010001111000001
101010001111000011
101010001111000101
101010001111000111
101010001111001001
101010001111001011
101010001111001101
101010001111001111
101010001111100001
101010001111100011
101010001111100101
101010001111100111
101010001111101001
101010001111101011
101010001111101101
101010001111101111
101010011000101001
101010011000101011
101010011000111001
101010011000111011
101010011001101001
101010011001101011
101010011010000001
101010011010000011
101010011010000101
101010011010000111
101010011010001001
101010011010001011
101010011010001101
101010011010001111
101010011010010001
101010011010010011
101010011010010101
101010011010010111
101010011010011001
101010011010011011
101010011010011101
101010011010011111
101010011010100001
101010011010100011
101010011010100101
101010011010100111
101010011010101001
101010011010101011
101010011010101101
101010011010101111
101010011010110001
101010011010110011
101010011010110101
101010011010110111
101010011010111001
101010011010111011
101010011010111101
101010011010111111
101010011011101001
101010011011101011
101010011100101001
101010011100101011
101010011100111001
101010011100111011
101010011101101001
101010011101101011
101010011110101001
101010011110101011
101010011110111001
101010011110111011
101010011111101001
101010011111101011
101010101000000001
101010101000000011
101010101000000101
101010101000000111
101010101000001001
101010101000001011
101010101000001101
101010101000001111
101010101000010001
101010101000010011
101010101000010101
101010101000010111
101010101000011001
101010101000011011
101010101000011101
101010101000011111
101010101000100001
101010101000100011
101010101000100101
101010101000100111
101010101000101101
101010101000101111
101010101000110001
101010101000110011
101010101000110101
101010101000110111
101010101000111101
101010101000111111
101010101001000001
101010101001000011
101010101001000101
101010101001000111
101010101001001001
101010101001001011
101010101001001101
101010101001001111
101010101001100001
101010101001100011
101010101001100101
101010101001100111
101010101001101101
101010101001101111
101010101010000001
101010101010000011
101010101010000101
101010101010000111
101010101010001001
101010101010001011
101010101010001101
101010101010001111
101010101010010001
101010101010010011
101010101010010101
101010101010010111
101010101010011001
101010101010011011
101010101010011101
101010101010011111
101010101010100001
101010101010100011
101010101010100101
101010101010100111
101010101010101101
101010101010101111
101010101010110001
101010101010110011
101010101010110101
101010101010110111
101010101010111101
101010101010111111
101010101011000001
101010101011000011
101010101011000101
101010101011000111
101010101011001001
101010101011001011
101010101011001101
101010101011001111
101010101011100001
101010101011100011
101010101011100101
101010101011100111
101010101011101101
101010101011101111
101010101100000001
101010101100000011
101010101100000101
101010101100000111
101010101100001001
101010101100001011
101010101100001101
101010101100001111
101010101100010001
101010101100010011
101010101100010101
101010101100010111
101010101100011001
101010101100011011
101010101100011101
101010101100011111
101010101100100001
101010101100100011
101010101100100101
101010101100100111
101010101100101101
101010101100101111
101010101100110001
101010101100110011
101010101100110101
101010101100110111
101010101100111101
101010101100111111
101010101101000001
101010101101000011
101010101101000101
101010101101000111
101010101101001001
101010101101001011
101010101101001101
101010101101001111
101010101101100001
101010101101100011
101010101101100101
101010101101100111
101010101101101101
101010101101101111
101010101110000001
101010101110000011
101010101110000101
101010101110000111
101010101110001001
101010101110001011
101010101110001101
101010101110001111
101010101110010001
101010101110010011
101010101110010101
101010101110010111
101010101110011001
101010101110011011
101010101110011101
101010101110011111
101010101110100001
101010101110100011
101010101110100101
101010101110100111
101010101110101101
101010101110101111
101010101110110001
101010101110110011
101010101110110101
101010101110110111
101010101110111101
101010101110111111
101010101111000001
101010101111000011
101010101111000101
101010101111000111
101010101111001001
101010101111001011
101010101111001101
101010101111001111
101010101111100001
101010101111100011
101010101111100101
101010101111100111
101010101111101101
101010101111101111
101010111010000001
101010111010000011
101010111010000101
101010111010000111
101010111010001001
101010111010001011
101010111010001101
101010111010001111
101010111010010001
101010111010010011
101010111010010101
101010111010010111
101010111010011001
101010111010011011
101010111010011101
101010111010011111
101010111010100001
101010111010100011
101010111010100101
101010111010100111
101010111010101101
101010111010101111
101010111010110001
101010111010110011
101010111010110101
101010111010110111
101010111010111101
101010111010111111
101011001000001001
101011001000001011
101011001000011001
101011001000011011
101011001000101001
101011001000101011
101011001000111001
101011001000111011
101011001001001001
101011001001001011
101011001001101001
101011001001101011
101011001010001001
101011001010001011
101011001010011001
101011001010011011
101011001010101001
101011001010101011
101011001010111001
101011001010111011
101011001011001001
101011001011001011
101011001011101001
101011001011101011
101011001100001001
101011001100001011
101011001100011001
101011001100011011
101011001100101001
101011001100101011
101011001100111001
101011001100111011
101011001101001001
101011001101001011
101011001101101001
101011001101101011
101011001110001001
101011001110001011
101011001110011001
101011001110011011
101011001110101001
101011001110101011
101011001110111001
101011001110111011
101011001111001001
101011001111001011
101011001111101001
101011001111101011
101011011000101001
101011011000101011
101011011000111001
101011011000111011
101011011001101001
101011011001101011
101011011010001001
101011011010001011
101011011010011001
101011011010011011
101011011010101001
101011011010101011
101011011010111001
101011011010111011
101011011011101001
101011011011101011
101011011100101001
101011011100101011
101011011100111001
101011011100111011
101011011101101001
101011011101101011
101011011110101001
101011011110101011
101011011110111001
101011011110111011
101011011111101001
101011011111101011
101011101000001001
101011101000001011
101011101000011001
101011101000011011
101011101001001001
101011101001001011
101011101010001001
101011101010001011
101011101010011001
101011101010011011
101011101011001001
101011101011001011
101011101100001001
101011101100001011
101011101100011001
101011101100011011
101011101101001001
101011101101001011
101011101110001001
101011101110001011
101011101110011001
101011101110011011
101011101111001001
101011101111001011
101011111010001001
101011111010001011
101011111010011001
101011111010011011
101100001000000001
101100001000000011
101100001000000101
101100001000000111
101100001000001001
101100001000001011
101100001000001101
101100001000001111
101100001000100001
101100001000100011
101100001000100101
101100001000100111
101100001000101001
101100001000101011
101100001000101101
101100001000101111
101100001001000001
101100001001000011
101100001001000101
101100001001000111
101100001001001001
101100001001001011
101100001001001101
101100001001001111
101100001001100001
101100001001100011
101100001001100101
101100001001100111
101100001001101001
101100001001101011
101100001001101101
101100001001101111
101100001010000001
101100001010000011
101100001010000101
101100001010000111
101100001010001001
101100001010001011
101100001010001101
101100001010001111
101100001010010001
101100001010010011
101100001010010101
101100001010010111
101100001010011001
101100001010011011
101100001010011101
101100001010011111
101100001010100001
101100001010100011
101100001010100101
101100001010100111
101100001010101001
101100001010101011
101100001010101101
101100001010101111
101100001010110001
101100001010110011
101100001010110101
101100001010110111
101100001010111001
101100001010111011
101100001010111101
101100001010111111
101100001011000001
101100001011000011
101100001011000101
101100001011000111
101100001011001001
101100001011001011
101100001011001101
101100001011001111
101100001011100001
101100001011100011
101100001011100101
101100001011100111
101100001011101001
101100001011101011
101100001011101101
101100001011101111
101100001100000001
101100001100000011
101100001100000101
101100001100000111
101100001100001001
101100001100001011
101100001100001101
101100001100001111
101100001100100001
101100001100100011
101100001100100101
101100001100100111
101100001100101001
101100001100101011
101100001100101101
101100001100101111
101100001101000001
101100001101000011
101100001101000101
101100001101000111
101100001101001001
101100001101001011
101100001101001101
101100001101001111
101100001101100001
101100001101100011
101100001101100101
101100001101100111
101100001101101001
101100001101101011
101100001101101101
101100001101101111
101100001110000001
101100001110000011
101100001110000101
101100001110000111
101100001110001001
101100001110001011
101100001110001101
101100001110001111
101100001110100001
101100001110100011
101100001110100101
101100001110100111
101100001110101001
101100001110101011
101100001110101101
101100001110101111
101100001111000001
101100001111000011
101100001111000101
101100001111000111
101100001111001001
101100001111001011
101100001111001101
101100001111001111
101100001111100001
101100001111100011
101100001111100101
101100001111100111
101100001111101001
101100001111101011
101100001111101101
101100001111101111
101100011000101001
101100011000101011
101100011001101001
101100011001101011
101100011010000001
101100011010000011
101100011010000101
101100011010000111
101100011010001001
101100011010001011
101100011010001101
101100011010001111
101100011010010001
101100011010010011
101100011010010101
101100011010010111
101100011010011001
101100011010011011
101100011010011101
101100011010011111
101100011010100001
101100011010100011
101100011010100101
101100011010100111
101100011010101001
101100011010101011
101100011010101101
101100011010101111
101100011010110001
101100011010110011
101100011010110101
101100011010110111
101100011010111001
101100011010111011
101100011010111101
101100011010111111
101100011011101001
101100011011101011
101100011100101001
101100011100101011
101100011101101001
101100011101101011
101100011110101001
101100011110101011
101100011111101001
101100011111101011
101100101000000001
101100101000000011
101100101000000101
101100101000000111
101100101000001001
101100101000001011
101100101000001101
101100101000001111
101100101000100001
101100101000100011
101100101000100101
101100101000100111
101100101000101101
101100101000101111
101100101001000001
101100101001000011
101100101001000101
101100101001000111
101100101001001001
101100101001001011
101100101001001101
101100101001001111
101100101001100001
101100101001100011
101100101001100101
101100101001100111
101100101001101101
101100101001101111
101100101010000001
101100101010000011
101100101010000101
101100101010000111
101100101010001001
101100101010001011
101100101010001101
101100101010001111
101100101010010001
101100101010010011
101100101010010101
101100101010010111
101100101010011001
101100101010011011
101100101010011101
101100101010011111
101100101010100001
101100101010100011
101100101010100101
101100101010100111
101100101010101101
101100101010101111
101100101010110001
101100101010110011
101100101010110101
101100101010110111
101100101010111101
101100101010111111
101100101011000001
101100101011000011
101100101011000101
101100101011000111
101100101011001001
101100101011001011
101100101011001101
101100101011001111
101100101011100001
101100101011100011
101100101011100101
101100101011100111
101100101011101101
101100101011101111
101100101100000001
101100101100000011
101100101100000101
101100101100000111
101100101100001001
101100101100001011
101100101100001101
101100101100001111
101100101100100001
101100101100100011
101100101100100101
101100101100100111
101100101100101101
101100101100101111
101100101101000001
101100101101000011
101100101101000101
101100101101000111
101100101101001001
101100101101001011
101100101101001101
101100101101001111
101100101101100001
101100101101100011
101100101101100101
101100101101100111
101100101101101101
101100101101101111
101100101110000001
101100101110000011
101100101110000101
101100101110000111
101100101110001001
101100101110001011
101100101110001101
101100101110001111
101100101110100001
101100101110100011
101100101110100101
101100101110100111
101100101110101101
101100101110101111
101100101111000001
101100101111000011
101100101111000101
101100101111000111
101100101111001001
101100101111001011
101100101111001101
101100101111001111
101100101111100001
101100101111100011
101100101111100101
101100101111100111
101100101111101101
101100101111101111
101100111010000001
101100111010000011
101100111010000101
101100111010000111
101100111010001001
101100111010001011
101100111010001101
101100111010001111
101100111010010001
101100111010010011
101100111010010101
101100111010010111
101100111010011001
101100111010011011
101100111010011101
101100111010011111
101100111010100001
101100111010100011
101100111010100101
101100111010100111
101100111010101101
101100111010101111
101100111010110001
101100111010110011
101100111010110101
101100111010110111
101100111010111101
101100111010111111
101101001000001001
101101001000001011
101101001000101001
101101001000101011
101101001001001001
101101001001001011
101101001001101001
101101001001101011
101101001010001001
101101001010001011
101101001010011001
101101001010011011
101101001010101001
101101001010101011
101101001010111001
101101001010111011
101101001011001001
101101001011001011
101101001011101001
101101001011101011
101101001100001001
101101001100001011
101101001100101001
101101001100101011
101101001101001001
101101001101001011
101101001101101001
101101001101101011
101101001110001001
101101001110001011
101101001110101001
101101001110101011
101101001111001001
101101001111001011
101101001111101001
101101001111101011
101101011000101001
101101011000101011
101101011001101001
101101011001101011
101101011010001001
101101011010001011
101101011010011001
101101011010011011
101101011010101001
101101011010101011
101101011010111001
101101011010111011
101101011011101001
101101011011101011
101101011100101001
101101011100101011
101101011101101001
101101011101101011
101101011110101001
101101011110101011
101101011111101001
101101011111101011
101101101000001001
101101101000001011
101101101001001001
101101101001001011
101101101010001001
101101101010001011
101101101010011001
101101101010011011
101101101011001001
101101101011001011
101101101100001001
101101101100001011
101101101101001001
101101101101001011
101101101110001001
101101101110001011
101101101111001001
101101101111001011
101101111010001001
101101111010001011
101101111010011001
101101111010011011
101110001000000001
101110001000000011
101110001000000101
101110001000000111
101110001000001001
101110001000001011
101110001000001101
101110001000001111
101110001000100001
101110001000100011
101110001000100101
101110001000100111
101110001000101001
101110001000101011
101110001000101101
101110001000101111
101110001001000001
101110001001000011
101110001001000101
101110001001000111
101110001001001001
101110001001001011
101110001001001101
101110001001001111
101110001001100001
101110001001100011
101110001001100101
101110001001100111
101110001001101001
101110001001101011
101110001001101101
101110001001101111
101110001010000001
101110001010000011
101110001010000101
101110001010000111
101110001010001001
101110001010001011
101110001010001101
101110001010001111
101110001010010001
101110001010010011
101110001010010101
101110001010010111
101110001010011001
101110001010011011
101110001010011101
101110001010011111
101110001010100001
101110001010100011
101110001010100101
101110001010100111
101110001010101001
101110001010101011
101110001010101101
101110001010101111
101110001010110001
101110001010110011
101110001010110101
101110001010110111
101110001010111001
101110001010111011
101110001010111101
101110001010111111
101110001011000001
101110001011000011
101110001011000101
101110001011000111
101110001011001001
101110001011001011
101110001011001101
101110001011001111
101110001011100001
101110001011100011
101110001011100101
101110001011100111
101110001011101001
101110001011101011
101110001011101101
101110001011101111
101110001100000001
101110001100000011
101110001100000101
101110001100000111
101110001100001001
101110001100001011
101110001100001101
101110001100001111
101110001100100001
101110001100100011
101110001100100101
101110001100100111
101110001100101001
101110001100101011
101110001100101101
101110001100101111
101110001101000001
101110001101000011
101110001101000101
101110001101000111
101110001101001001
101110001101001011
101110001101001101
101110001101001111
101110001101100001
101110001101100011
101110001101100101
101110001101100111
101110001101101001
101110001101101011
101110001101101101
101110001101101111
101110001110000001
101110001110000011
101110001110000101
101110001110000111
101110001110001001
101110001110001011
101110001110001101
101110001110001111
101110001110100001
101110001110100011
101110001110100101
101110001110100111
101110001110101001
101110001110101011
101110001110101101
101110001110101111
101110001111000001
101110001111000011
101110001111000101
101110001111000111
101110001111001001
101110001111001011
101110001111001101
101110001111001111
101110001111100001
101110001111100011
101110001111100101
101110001111100111
101110001111101001
101110001111101011
101110001111101101
101110001111101111
101110011000101001
101110011000101011
101110011001101001
101110011001101011
101110011010000001
101110011010000011
101110011010000101
101110011010000111
101110011010001001
101110011010001011
101110011010001101
101110011010001111
101110011010010001
101110011010010011
101110011010010101
101110011010010111
101110011010011001
101110011010011011
101110011010011101
101110011010011111
101110011010100001
101110011010100011
101110011010100101
101110011010100111
101110011010101001
101110011010101011
101110011010101101
101110011010101111
101110011010110001
101110011010110011
101110011010110101
101110011010110111
101110011010111001
101110011010111011
101110011010111101
101110011010111111
101110011011101001
101110011011101011
101110011100101001
101110011100101011
101110011101101001
101110011101101011
101110011110101001
101110011110101011
101110011111101001
101110011111101011
101110101000000001
101110101000000011
101110101000000101
101110101000000111
101110101000001001
101110101000001011
101110101000001101
101110101000001111
101110101000100001
101110101000100011
101110101000100101
101110101000100111
101110101000101101
101110101000101111
101110101001000001
101110101001000011
101110101001000101
101110101001000111
101110101001001001
101110101001001011
101110101001001101
101110101001001111
101110101001100001
101110101001100011
101110101001100101
101110101001100111
101110101001101101
101110101001101111
101110101010000001
101110101010000011
101110101010000101
101110101010000111
101110101010001001
101110101010001011
101110101010001101
101110101010001111
101110101010010001
101110101010010011
101110101010010101
101110101010010111
101110101010011001
101110101010011011
101110101010011101
101110101010011111
101110101010100001
101110101010100011
101110101010100101
101110101010100111
101110101010101101
101110101010101111
101110101010110001
101110101010110011
101110101010110101
101110101010110111
101110101010111101
101110101010111111
101110101011000001
101110101011000011
101110101011000101
101110101011000111
101110101011001001
101110101011001011
101110101011001101
101110101011001111
101110101011100001
101110101011100011
101110101011100101
101110101011100111
101110101011101101
101110101011101111
101110101100000001
101110101100000011
101110101100000101
101110101100000111
101110101100001001
101110101100001011
101110101100001101
101110101100001111
101110101100100001
101110101100100011
101110101100100101
101110101100100111
101110101100101101
101110101100101111
101110101101000001
101110101101000011
101110101101000101
101110101101000111
101110101101001001
101110101101001011
101110101101001101
101110101101001111
101110101101100001
101110101101100011
101110101101100101
101110101101100111
101110101101101101
101110101101101111
101110101110000001
101110101110000011
101110101110000101
101110101110000111
101110101110001001
101110101110001011
101110101110001101
101110101110001111
101110101110100001
101110101110100011
101110101110100101
101110101110100111
101110101110101101
101110101110101111
101110101111000001
101110101111000011
101110101111000101
101110101111000111
101110101111001001
101110101111001011
101110101111001101
101110101111001111
101110101111100001
101110101111100011
101110101111100101
101110101111100111
101110101111101101
101110101111101111
101110111010000001
101110111010000011
101110111010000101
101110111010000111
101110111010001001
101110111010001011
101110111010001101
101110111010001111
101110111010010001
101110111010010011
101110111010010101
101110111010010111
101110111010011001
101110111010011011
101110111010011101
101110111010011111
101110111010100001
101110111010100011
101110111010100101
101110111010100111
101110111010101101
101110111010101111
101110111010110001
101110111010110011
101110111010110101
101110111010110111
101110111010111101
101110111010111111
101111001000001001
101111001000001011
101111001000101001
101111001000101011
101111001001001001
101111001001001011
101111001001101001
101111001001101011
101111001010001001
101111001010001011
101111001010011001
101111001010011011
101111001010101001
101111001010101011
101111001010111001
101111001010111011
101111001011001001
101111001011001011
101111001011101001
101111001011101011
101111001100001001
101111001100001011
101111001100101001
101111001100101011
101111001101001001
101111001101001011
101111001101101001
101111001101101011
101111001110001001
101111001110001011
101111001110101001
101111001110101011
101111001111001001
101111001111001011
101111001111101001
101111001111101011
101111011000101001
101111011000101011
101111011001101001
101111011001101011
101111011010001001
101111011010001011
101111011010011001
101111011010011011
101111011010101001
101111011010101011
101111011010111001
101111011010111011
101111011011101001
101111011011101011
101111011100101001
101111011100101011
101111011101101001
101111011101101011
101111011110101001
101111011110101011
101111011111101001
101111011111101011
101111101000001001
101111101000001011
101111101001001001
101111101001001011
101111101010001001
101111101010001011
101111101010011001
101111101010011011
101111101011001001
101111101011001011
101111101100001001
101111101100001011
101111101101001001
101111101101001011
101111101110001001
101111101110001011
101111101111001001
101111101111001011
101111111010001001
101111111010001011
101111111010011001
101111111010011011
