100000101000101001
100000101000101011
100000101000111001
100000101000111011
100000101001101001
100000101001101011
100000101010101001
100000101010101011
100000101010111001
100000101010111011
100000101011101001
100000101011101011
100000101100101001
100000101100101011
100000101100111001
100000101100111011
100000101101101001
100000101101101011
100000101110101001
100000101110101011
100000101110111001
100000101110111011
100000101111101001
100000101111101011
100000111000101001
100000111000101011
100000111000111001
100000111000111011
100000111001101001
100000111001101011
100000111010101001
100000111010101011
100000111010111001
100000111010111011
100000111011101001
100000111011101011
100000111100101001
100000111100101011
100000111100111001
100000111100111011
100000111101101001
100000111101101011
100000111110101001
100000111110101011
100000111110111001
100000111110111011
100000111111101001
100000111111101011
100001101000101001
100001101000101011
100001101000111001
100001101000111011
100001101001101001
100001101001101011
100001101010101001
100001101010101011
100001101010111001
100001101010111011
100001101011101001
100001101011101011
100001101100101001
100001101100101011
100001101100111001
100001101100111011
100001101101101001
100001101101101011
100001101110101001
100001101110101011
100001101110111001
100001101110111011
100001101111101001
100001101111101011
100001111000101001
100001111000101011
100001111000111001
100001111000111011
100001111001101001
100001111001101011
100001111010101001
100001111010101011
100001111010111001
100001111010111011
100001111011101001
100001111011101011
100001111100101001
100001111100101011
100001111100111001
100001111100111011
100001111101101001
100001111101101011
100001111110101001
100001111110101011
100001111110111001
100001111110111011
100001111111101001
100001111111101011
100010101000101001
100010101000101011
100010101000111001
100010101000111011
100010101001101001
100010101001101011
100010101010101001
100010101010101011
100010101010111001
100010101010111011
100010101011101001
100010101011101011
100010101100101001
100010101100101011
100010101100111001
100010101100111011
100010101101101001
100010101101101011
100010101110101001
100010101110101011
100010101110111001
100010101110111011
100010101111101001
100010101111101011
100010111000101001
100010111000101011
100010111000111001
100010111000111011
100010111001101001
100010111001101011
100010111010101001
100010111010101011
100010111010111001
100010111010111011
100010111011101001
100010111011101011
100010111100101001
100010111100101011
100010111100111001
100010111100111011
100010111101101001
100010111101101011
100010111110101001
100010111110101011
100010111110111001
100010111110111011
100010111111101001
100010111111101011
100011101000101001
100011101000101011
100011101000111001
100011101000111011
100011101001101001
100011101001101011
100011101010101001
100011101010101011
100011101010111001
100011101010111011
100011101011101001
100011101011101011
100011101100101001
100011101100101011
100011101100111001
100011101100111011
100011101101101001
100011101101101011
100011101110101001
100011101110101011
100011101110111001
100011101110111011
100011101111101001
100011101111101011
100011111000101001
100011111000101011
100011111000111001
100011111000111011
100011111001101001
100011111001101011
100011111010101001
100011111010101011
100011111010111001
100011111010111011
100011111011101001
100011111011101011
100011111100101001
100011111100101011
100011111100111001
100011111100111011
100011111101101001
100011111101101011
100011111110101001
100011111110101011
100011111110111001
100011111110111011
100011111111101001
100011111111101011
100100101000101001
100100101000101011
100100101001101001
100100101001101011
100100101010101001
100100101010101011
100100101010111001
100100101010111011
100100101011101001
100100101011101011
100100101100101001
100100101100101011
100100101101101001
100100101101101011
100100101110101001
100100101110101011
100100101111101001
100100101111101011
100100111000101001
100100111000101011
100100111001101001
100100111001101011
100100111010101001
100100111010101011
100100111010111001
100100111010111011
100100111011101001
100100111011101011
100100111100101001
100100111100101011
100100111101101001
100100111101101011
100100111110101001
100100111110101011
100100111111101001
100100111111101011
100101101000101001
100101101000101011
100101101001101001
100101101001101011
100101101010101001
100101101010101011
100101101010111001
100101101010111011
100101101011101001
100101101011101011
100101101100101001
100101101100101011
100101101101101001
100101101101101011
100101101110101001
100101101110101011
100101101111101001
100101101111101011
100101111000101001
100101111000101011
100101111001101001
100101111001101011
100101111010101001
100101111010101011
100101111010111001
100101111010111011
100101111011101001
100101111011101011
100101111100101001
100101111100101011
100101111101101001
100101111101101011
100101111110101001
100101111110101011
100101111111101001
100101111111101011
100110101000101001
100110101000101011
100110101001101001
100110101001101011
100110101010101001
100110101010101011
100110101010111001
100110101010111011
100110101011101001
100110101011101011
100110101100101001
100110101100101011
100110101101101001
100110101101101011
100110101110101001
100110101110101011
100110101111101001
100110101111101011
100110111000101001
100110111000101011
100110111001101001
100110111001101011
100110111010101001
100110111010101011
100110111010111001
100110111010111011
100110111011101001
100110111011101011
100110111100101001
100110111100101011
100110111101101001
100110111101101011
100110111110101001
100110111110101011
100110111111101001
100110111111101011
100111101000101001
100111101000101011
100111101001101001
100111101001101011
100111101010101001
100111101010101011
100111101010111001
100111101010111011
100111101011101001
100111101011101011
100111101100101001
100111101100101011
100111101101101001
100111101101101011
100111101110101001
100111101110101011
100111101111101001
100111101111101011
100111111000101001
100111111000101011
100111111001101001
100111111001101011
100111111010101001
100111111010101011
100111111010111001
100111111010111011
100111111011101001
100111111011101011
100111111100101001
100111111100101011
100111111101101001
100111111101101011
100111111110101001
100111111110101011
100111111111101001
100111111111101011
101000101000101001
101000101000101011
101000101000111001
101000101000111011
101000101001101001
101000101001101011
101000101010101001
101000101010101011
101000101010111001
101000101010111011
101000101011101001
101000101011101011
101000101100101001
101000101100101011
101000101100111001
101000101100111011
101000101101101001
101000101101101011
101000101110101001
101000101110101011
101000101110111001
101000101110111011
101000101111101001
101000101111101011
101000111000101001
101000111000101011
101000111000111001
101000111000111011
101000111001101001
101000111001101011
101000111010101001
101000111010101011
101000111010111001
101000111010111011
101000111011101001
101000111011101011
101000111100101001
101000111100101011
101000111100111001
101000111100111011
101000111101101001
101000111101101011
101000111110101001
101000111110101011
101000111110111001
101000111110111011
101000111111101001
101000111111101011
101001101000101001
101001101000101011
101001101000111001
101001101000111011
101001101001101001
101001101001101011
101001101010101001
101001101010101011
101001101010111001
101001101010111011
101001101011101001
101001101011101011
101001101100101001
101001101100101011
101001101100111001
101001101100111011
101001101101101001
101001101101101011
101001101110101001
101001101110101011
101001101110111001
101001101110111011
101001101111101001
101001101111101011
101001111000101001
101001111000101011
101001111000111001
101001111000111011
101001111001101001
101001111001101011
101001111010101001
101001111010101011
101001111010111001
101001111010111011
101001111011101001
101001111011101011
101001111100101001
101001111100101011
101001111100111001
101001111100111011
101001111101101001
101001111101101011
101001111110101001
101001111110101011
101001111110111001
101001111110111011
101001111111101001
101001111111101011
101010101000101001
101010101000101011
101010101000111001
101010101000111011
101010101001101001
101010101001101011
101010101010101001
101010101010101011
101010101010111001
101010101010111011
101010101011101001
101010101011101011
101010101100101001
101010101100101011
101010101100111001
101010101100111011
101010101101101001
101010101101101011
101010101110101001
101010101110101011
101010101110111001
101010101110111011
101010101111101001
101010101111101011
101010111000101001
101010111000101011
101010111000111001
101010111000111011
101010111001101001
101010111001101011
101010111010101001
101010111010101011
101010111010111001
101010111010111011
101010111011101001
101010111011101011
101010111100101001
101010111100101011
101010111100111001
101010111100111011
101010111101101001
101010111101101011
101010111110101001
101010111110101011
101010111110111001
101010111110111011
101010111111101001
101010111111101011
101011101000101001
101011101000101011
101011101000111001
101011101000111011
101011101001101001
101011101001101011
101011101010101001
101011101010101011
101011101010111001
101011101010111011
101011101011101001
101011101011101011
101011101100101001
101011101100101011
101011101100111001
101011101100111011
101011101101101001
101011101101101011
101011101110101001
101011101110101011
101011101110111001
101011101110111011
101011101111101001
101011101111101011
101011111000101001
101011111000101011
101011111000111001
101011111000111011
101011111001101001
101011111001101011
101011111010101001
101011111010101011
101011111010111001
101011111010111011
101011111011101001
101011111011101011
101011111100101001
101011111100101011
101011111100111001
101011111100111011
101011111101101001
101011111101101011
101011111110101001
101011111110101011
101011111110111001
101011111110111011
101011111111101001
101011111111101011
101100101000101001
101100101000101011
101100101001101001
101100101001101011
101100101010101001
101100101010101011
101100101010111001
101100101010111011
101100101011101001
101100101011101011
101100101100101001
101100101100101011
101100101101101001
101100101101101011
101100101110101001
101100101110101011
101100101111101001
101100101111101011
101100111000101001
101100111000101011
101100111001101001
101100111001101011
101100111010101001
101100111010101011
101100111010111001
101100111010111011
101100111011101001
101100111011101011
101100111100101001
101100111100101011
101100111101101001
101100111101101011
101100111110101001
101100111110101011
101100111111101001
101100111111101011
101101101000101001
101101101000101011
101101101001101001
101101101001101011
101101101010101001
101101101010101011
101101101010111001
101101101010111011
101101101011101001
101101101011101011
101101101100101001
101101101100101011
101101101101101001
101101101101101011
101101101110101001
101101101110101011
101101101111101001
101101101111101011
101101111000101001
101101111000101011
101101111001101001
101101111001101011
101101111010101001
101101111010101011
101101111010111001
101101111010111011
101101111011101001
101101111011101011
101101111100101001
101101111100101011
101101111101101001
101101111101101011
101101111110101001
101101111110101011
101101111111101001
101101111111101011
101110101000101001
101110101000101011
101110101001101001
101110101001101011
101110101010101001
101110101010101011
101110101010111001
101110101010111011
101110101011101001
101110101011101011
101110101100101001
101110101100101011
101110101101101001
101110101101101011
101110101110101001
101110101110101011
101110101111101001
101110101111101011
101110111000101001
101110111000101011
101110111001101001
101110111001101011
101110111010101001
101110111010101011
101110111010111001
101110111010111011
101110111011101001
101110111011101011
101110111100101001
101110111100101011
101110111101101001
101110111101101011
101110111110101001
101110111110101011
101110111111101001
101110111111101011
101111101000101001
101111101000101011
101111101001101001
101111101001101011
101111101010101001
101111101010101011
101111101010111001
101111101010111011
101111101011101001
101111101011101011
101111101100101001
101111101100101011
101111101101101001
101111101101101011
101111101110101001
101111101110101011
101111101111101001
101111101111101011
101111111000101001
101111111000101011
101111111001101001
101111111001101011
101111111010101001
101111111010101011
101111111010111001
101111111010111011
101111111011101001
101111111011101011
101111111100101001
101111111100101011
101111111101101001
101111111101101011
101111111110101001
101111111110101011
101111111111101001
101111111111101011
