100000001001010001
100000001001010011
100000001001010101
100000001001010111
100000001001011001
100000001001011011
100000001001011101
100000001001011111
100000001001110101
100000001001110111
100000001001111001
100000001001111011
100000001001111101
100000001001111111
100000001011010001
100000001011010011
100000001011010101
100000001011010111
100000001011011001
100000001011011011
100000001011011101
100000001011011111
100000001011110101
100000001011110111
100000001011111001
100000001011111011
100000001011111101
100000001011111111
100000001101010001
100000001101010011
100000001101010101
100000001101010111
100000001101011001
100000001101011011
100000001101011101
100000001101011111
100000001101110101
100000001101110111
100000001101111001
100000001101111011
100000001101111101
100000001101111111
100000001111010001
100000001111010011
100000001111010101
100000001111010111
100000001111011001
100000001111011011
100000001111011101
100000001111011111
100000001111110101
100000001111110111
100000001111111001
100000001111111011
100000001111111101
100000001111111111
100000011001111001
100000011001111011
100000011011111001
100000011011111011
100000011101111001
100000011101111011
100000011111111001
100000011111111011
100000101001010001
100000101001010011
100000101001010101
100000101001010111
100000101001011001
100000101001011011
100000101001011101
100000101001011111
100000101001110101
100000101001110111
100000101001111101
100000101001111111
100000101011010001
100000101011010011
100000101011010101
100000101011010111
100000101011011001
100000101011011011
100000101011011101
100000101011011111
100000101011110101
100000101011110111
100000101011111101
100000101011111111
100000101101010001
100000101101010011
100000101101010101
100000101101010111
100000101101011001
100000101101011011
100000101101011101
100000101101011111
100000101101110101
100000101101110111
100000101101111101
100000101101111111
100000101111010001
100000101111010011
100000101111010101
100000101111010111
100000101111011001
100000101111011011
100000101111011101
100000101111011111
100000101111110101
100000101111110111
100000101111111101
100000101111111111
100001001001011001
100001001001011011
100001001001111001
100001001001111011
100001001011011001
100001001011011011
100001001011111001
100001001011111011
100001001101011001
100001001101011011
100001001101111001
100001001101111011
100001001111011001
100001001111011011
100001001111111001
100001001111111011
100001011001111001
100001011001111011
100001011011111001
100001011011111011
100001011101111001
100001011101111011
100001011111111001
100001011111111011
100001101001011001
100001101001011011
100001101011011001
100001101011011011
100001101101011001
100001101101011011
100001101111011001
100001101111011011
100010001001010001
100010001001010011
100010001001010101
100010001001010111
100010001001011001
100010001001011011
100010001001011101
100010001001011111
100010001001110101
100010001001110111
100010001001111001
100010001001111011
100010001001111101
100010001001111111
100010001011010001
100010001011010011
100010001011010101
100010001011010111
100010001011011001
100010001011011011
100010001011011101
100010001011011111
100010001011110101
100010001011110111
100010001011111001
100010001011111011
100010001011111101
100010001011111111
100010001101010001
100010001101010011
100010001101010101
100010001101010111
100010001101011001
100010001101011011
100010001101011101
100010001101011111
100010001101110101
100010001101110111
100010001101111001
100010001101111011
100010001101111101
100010001101111111
100010001111010001
100010001111010011
100010001111010101
100010001111010111
100010001111011001
100010001111011011
100010001111011101
100010001111011111
100010001111110101
100010001111110111
100010001111111001
100010001111111011
100010001111111101
100010001111111111
100010011001111001
100010011001111011
100010011011111001
100010011011111011
100010011101111001
100010011101111011
100010011111111001
100010011111111011
100010101001010001
100010101001010011
100010101001010101
100010101001010111
100010101001011001
100010101001011011
100010101001011101
100010101001011111
100010101001110101
100010101001110111
100010101001111101
100010101001111111
100010101011010001
100010101011010011
100010101011010101
100010101011010111
100010101011011001
100010101011011011
100010101011011101
100010101011011111
100010101011110101
100010101011110111
100010101011111101
100010101011111111
100010101101010001
100010101101010011
100010101101010101
100010101101010111
100010101101011001
100010101101011011
100010101101011101
100010101101011111
100010101101110101
100010101101110111
100010101101111101
100010101101111111
100010101111010001
100010101111010011
100010101111010101
100010101111010111
100010101111011001
100010101111011011
100010101111011101
100010101111011111
100010101111110101
100010101111110111
100010101111111101
100010101111111111
100011001001011001
100011001001011011
100011001001111001
100011001001111011
100011001011011001
100011001011011011
100011001011111001
100011001011111011
100011001101011001
100011001101011011
100011001101111001
100011001101111011
100011001111011001
100011001111011011
100011001111111001
100011001111111011
100011011001111001
100011011001111011
100011011011111001
100011011011111011
100011011101111001
100011011101111011
100011011111111001
100011011111111011
100011101001011001
100011101001011011
100011101011011001
100011101011011011
100011101101011001
100011101101011011
100011101111011001
100011101111011011
100100001000010001
100100001000010011
100100001000010101
100100001000010111
100100001000011001
100100001000011011
100100001000011101
100100001000011111
100100001000110101
100100001000110111
100100001000111001
100100001000111011
100100001000111101
100100001000111111
100100001001010001
100100001001010011
100100001001010101
100100001001010111
100100001001011001
100100001001011011
100100001001011101
100100001001011111
100100001001110101
100100001001110111
100100001001111001
100100001001111011
100100001001111101
100100001001111111
100100001011010001
100100001011010011
100100001011010101
100100001011010111
100100001011011001
100100001011011011
100100001011011101
100100001011011111
100100001011110101
100100001011110111
100100001011111001
100100001011111011
100100001011111101
100100001011111111
100100001100010001
100100001100010011
100100001100010101
100100001100010111
100100001100011001
100100001100011011
100100001100011101
100100001100011111
100100001100110101
100100001100110111
100100001100111001
100100001100111011
100100001100111101
100100001100111111
100100001101010001
100100001101010011
100100001101010101
100100001101010111
100100001101011001
100100001101011011
100100001101011101
100100001101011111
100100001101110101
100100001101110111
100100001101111001
100100001101111011
100100001101111101
100100001101111111
100100001110010001
100100001110010011
100100001110010101
100100001110010111
100100001110011001
100100001110011011
100100001110011101
100100001110011111
100100001110110101
100100001110110111
100100001110111001
100100001110111011
100100001110111101
100100001110111111
100100001111010001
100100001111010011
100100001111010101
100100001111010111
100100001111011001
100100001111011011
100100001111011101
100100001111011111
100100001111110101
100100001111110111
100100001111111001
100100001111111011
100100001111111101
100100001111111111
100100011000111001
100100011000111011
100100011001111001
100100011001111011
100100011011111001
100100011011111011
100100011100111001
100100011100111011
100100011101111001
100100011101111011
100100011110111001
100100011110111011
100100011111111001
100100011111111011
100100101000010001
100100101000010011
100100101000010101
100100101000010111
100100101000011001
100100101000011011
100100101000011101
100100101000011111
100100101000110101
100100101000110111
100100101000111101
100100101000111111
100100101001010001
100100101001010011
100100101001010101
100100101001010111
100100101001011001
100100101001011011
100100101001011101
100100101001011111
100100101001110101
100100101001110111
100100101001111101
100100101001111111
100100101011010001
100100101011010011
100100101011010101
100100101011010111
100100101011011001
100100101011011011
100100101011011101
100100101011011111
100100101011110101
100100101011110111
100100101011111101
100100101011111111
100100101100010001
100100101100010011
100100101100010101
100100101100010111
100100101100011001
100100101100011011
100100101100011101
100100101100011111
100100101100110101
100100101100110111
100100101100111101
100100101100111111
100100101101010001
100100101101010011
100100101101010101
100100101101010111
100100101101011001
100100101101011011
100100101101011101
100100101101011111
100100101101110101
100100101101110111
100100101101111101
100100101101111111
100100101110010001
100100101110010011
100100101110010101
100100101110010111
100100101110011001
100100101110011011
100100101110011101
100100101110011111
100100101110110101
100100101110110111
100100101110111101
100100101110111111
100100101111010001
100100101111010011
100100101111010101
100100101111010111
100100101111011001
100100101111011011
100100101111011101
100100101111011111
100100101111110101
100100101111110111
100100101111111101
100100101111111111
100101001000011001
100101001000011011
100101001000111001
100101001000111011
100101001001011001
100101001001011011
100101001001111001
100101001001111011
100101001011011001
100101001011011011
100101001011111001
100101001011111011
100101001100011001
100101001100011011
100101001100111001
100101001100111011
100101001101011001
100101001101011011
100101001101111001
100101001101111011
100101001110011001
100101001110011011
100101001110111001
100101001110111011
100101001111011001
100101001111011011
100101001111111001
100101001111111011
100101011000111001
100101011000111011
100101011001111001
100101011001111011
100101011011111001
100101011011111011
100101011100111001
100101011100111011
100101011101111001
100101011101111011
100101011110111001
100101011110111011
100101011111111001
100101011111111011
100101101000011001
100101101000011011
100101101001011001
100101101001011011
100101101011011001
100101101011011011
100101101100011001
100101101100011011
100101101101011001
100101101101011011
100101101110011001
100101101110011011
100101101111011001
100101101111011011
100110001000010001
100110001000010011
100110001000010101
100110001000010111
100110001000011001
100110001000011011
100110001000011101
100110001000011111
100110001000110101
100110001000110111
100110001000111001
100110001000111011
100110001000111101
100110001000111111
100110001001010001
100110001001010011
100110001001010101
100110001001010111
100110001001011001
100110001001011011
100110001001011101
100110001001011111
100110001001110101
100110001001110111
100110001001111001
100110001001111011
100110001001111101
100110001001111111
100110001011010001
100110001011010011
100110001011010101
100110001011010111
100110001011011001
100110001011011011
100110001011011101
100110001011011111
100110001011110101
100110001011110111
100110001011111001
100110001011111011
100110001011111101
100110001011111111
100110001100010001
100110001100010011
100110001100010101
100110001100010111
100110001100011001
100110001100011011
100110001100011101
100110001100011111
100110001100110101
100110001100110111
100110001100111001
100110001100111011
100110001100111101
100110001100111111
100110001101010001
100110001101010011
100110001101010101
100110001101010111
100110001101011001
100110001101011011
100110001101011101
100110001101011111
100110001101110101
100110001101110111
100110001101111001
100110001101111011
100110001101111101
100110001101111111
100110001110010001
100110001110010011
100110001110010101
100110001110010111
100110001110011001
100110001110011011
100110001110011101
100110001110011111
100110001110110101
100110001110110111
100110001110111001
100110001110111011
100110001110111101
100110001110111111
100110001111010001
100110001111010011
100110001111010101
100110001111010111
100110001111011001
100110001111011011
100110001111011101
100110001111011111
100110001111110101
100110001111110111
100110001111111001
100110001111111011
100110001111111101
100110001111111111
100110011000111001
100110011000111011
100110011001111001
100110011001111011
100110011011111001
100110011011111011
100110011100111001
100110011100111011
100110011101111001
100110011101111011
100110011110111001
100110011110111011
100110011111111001
100110011111111011
100110101000010001
100110101000010011
100110101000010101
100110101000010111
100110101000011001
100110101000011011
100110101000011101
100110101000011111
100110101000110101
100110101000110111
100110101000111101
100110101000111111
100110101001010001
100110101001010011
100110101001010101
100110101001010111
100110101001011001
100110101001011011
100110101001011101
100110101001011111
100110101001110101
100110101001110111
100110101001111101
100110101001111111
100110101011010001
100110101011010011
100110101011010101
100110101011010111
100110101011011001
100110101011011011
100110101011011101
100110101011011111
100110101011110101
100110101011110111
100110101011111101
100110101011111111
100110101100010001
100110101100010011
100110101100010101
100110101100010111
100110101100011001
100110101100011011
100110101100011101
100110101100011111
100110101100110101
100110101100110111
100110101100111101
100110101100111111
100110101101010001
100110101101010011
100110101101010101
100110101101010111
100110101101011001
100110101101011011
100110101101011101
100110101101011111
100110101101110101
100110101101110111
100110101101111101
100110101101111111
100110101110010001
100110101110010011
100110101110010101
100110101110010111
100110101110011001
100110101110011011
100110101110011101
100110101110011111
100110101110110101
100110101110110111
100110101110111101
100110101110111111
100110101111010001
100110101111010011
100110101111010101
100110101111010111
100110101111011001
100110101111011011
100110101111011101
100110101111011111
100110101111110101
100110101111110111
100110101111111101
100110101111111111
100111001000011001
100111001000011011
100111001000111001
100111001000111011
100111001001011001
100111001001011011
100111001001111001
100111001001111011
100111001011011001
100111001011011011
100111001011111001
100111001011111011
100111001100011001
100111001100011011
100111001100111001
100111001100111011
100111001101011001
100111001101011011
100111001101111001
100111001101111011
100111001110011001
100111001110011011
100111001110111001
100111001110111011
100111001111011001
100111001111011011
100111001111111001
100111001111111011
100111011000111001
100111011000111011
100111011001111001
100111011001111011
100111011011111001
100111011011111011
100111011100111001
100111011100111011
100111011101111001
100111011101111011
100111011110111001
100111011110111011
100111011111111001
100111011111111011
100111101000011001
100111101000011011
100111101001011001
100111101001011011
100111101011011001
100111101011011011
100111101100011001
100111101100011011
100111101101011001
100111101101011011
100111101110011001
100111101110011011
100111101111011001
100111101111011011
101000001001010001
101000001001010011
101000001001010101
101000001001010111
101000001001011001
101000001001011011
101000001001011101
101000001001011111
101000001001110001
101000001001110011
101000001001110101
101000001001110111
101000001001111001
101000001001111011
101000001001111101
101000001001111111
101000001011010001
101000001011010011
101000001011010101
101000001011010111
101000001011011001
101000001011011011
101000001011011101
101000001011011111
101000001011110001
101000001011110011
101000001011110101
101000001011110111
101000001011111001
101000001011111011
101000001011111101
101000001011111111
101000001101010001
101000001101010011
101000001101010101
101000001101010111
101000001101011001
101000001101011011
101000001101011101
101000001101011111
101000001101110001
101000001101110011
101000001101110101
101000001101110111
101000001101111001
101000001101111011
101000001101111101
101000001101111111
101000001111010001
101000001111010011
101000001111010101
101000001111010111
101000001111011001
101000001111011011
101000001111011101
101000001111011111
101000001111110001
101000001111110011
101000001111110101
101000001111110111
101000001111111001
101000001111111011
101000001111111101
101000001111111111
101000011001111001
101000011001111011
101000011011111001
101000011011111011
101000011101111001
101000011101111011
101000011111111001
101000011111111011
101000101001010001
101000101001010011
101000101001010101
101000101001010111
101000101001011001
101000101001011011
101000101001011101
101000101001011111
101000101001110001
101000101001110011
101000101001110101
101000101001110111
101000101001111101
101000101001111111
101000101011010001
101000101011010011
101000101011010101
101000101011010111
101000101011011001
101000101011011011
101000101011011101
101000101011011111
101000101011110001
101000101011110011
101000101011110101
101000101011110111
101000101011111101
101000101011111111
101000101101010001
101000101101010011
101000101101010101
101000101101010111
101000101101011001
101000101101011011
101000101101011101
101000101101011111
101000101101110001
101000101101110011
101000101101110101
101000101101110111
101000101101111101
101000101101111111
101000101111010001
101000101111010011
101000101111010101
101000101111010111
101000101111011001
101000101111011011
101000101111011101
101000101111011111
101000101111110001
101000101111110011
101000101111110101
101000101111110111
101000101111111101
101000101111111111
101001001001011001
101001001001011011
101001001001111001
101001001001111011
101001001011011001
101001001011011011
101001001011111001
101001001011111011
101001001101011001
101001001101011011
101001001101111001
101001001101111011
101001001111011001
101001001111011011
101001001111111001
101001001111111011
101001011001111001
101001011001111011
101001011011111001
101001011011111011
101001011101111001
101001011101111011
101001011111111001
101001011111111011
101001101001011001
101001101001011011
101001101011011001
101001101011011011
101001101101011001
101001101101011011
101001101111011001
101001101111011011
101010001001010001
101010001001010011
101010001001010101
101010001001010111
101010001001011001
101010001001011011
101010001001011101
101010001001011111
101010001001110001
101010001001110011
101010001001110101
101010001001110111
101010001001111001
101010001001111011
101010001001111101
101010001001111111
101010001011010001
101010001011010011
101010001011010101
101010001011010111
101010001011011001
101010001011011011
101010001011011101
101010001011011111
101010001011110001
101010001011110011
101010001011110101
101010001011110111
101010001011111001
101010001011111011
101010001011111101
101010001011111111
101010001101010001
101010001101010011
101010001101010101
101010001101010111
101010001101011001
101010001101011011
101010001101011101
101010001101011111
101010001101110001
101010001101110011
101010001101110101
101010001101110111
101010001101111001
101010001101111011
101010001101111101
101010001101111111
101010001111010001
101010001111010011
101010001111010101
101010001111010111
101010001111011001
101010001111011011
101010001111011101
101010001111011111
101010001111110001
101010001111110011
101010001111110101
101010001111110111
101010001111111001
101010001111111011
101010001111111101
101010001111111111
101010011001111001
101010011001111011
101010011011111001
101010011011111011
101010011101111001
101010011101111011
101010011111111001
101010011111111011
101010101001010001
101010101001010011
101010101001010101
101010101001010111
101010101001011001
101010101001011011
101010101001011101
101010101001011111
101010101001110001
101010101001110011
101010101001110101
101010101001110111
101010101001111101
101010101001111111
101010101011010001
101010101011010011
101010101011010101
101010101011010111
101010101011011001
101010101011011011
101010101011011101
101010101011011111
101010101011110001
101010101011110011
101010101011110101
101010101011110111
101010101011111101
101010101011111111
101010101101010001
101010101101010011
101010101101010101
101010101101010111
101010101101011001
101010101101011011
101010101101011101
101010101101011111
101010101101110001
101010101101110011
101010101101110101
101010101101110111
101010101101111101
101010101101111111
101010101111010001
101010101111010011
101010101111010101
101010101111010111
101010101111011001
101010101111011011
101010101111011101
101010101111011111
101010101111110001
101010101111110011
101010101111110101
101010101111110111
101010101111111101
101010101111111111
101011001001011001
101011001001011011
101011001001111001
101011001001111011
101011001011011001
101011001011011011
101011001011111001
101011001011111011
101011001101011001
101011001101011011
101011001101111001
101011001101111011
101011001111011001
101011001111011011
101011001111111001
101011001111111011
101011011001111001
101011011001111011
101011011011111001
101011011011111011
101011011101111001
101011011101111011
101011011111111001
101011011111111011
101011101001011001
101011101001011011
101011101011011001
101011101011011011
101011101101011001
101011101101011011
101011101111011001
101011101111011011
101100001000010001
101100001000010011
101100001000010101
101100001000010111
101100001000011001
101100001000011011
101100001000011101
101100001000011111
101100001000110001
101100001000110011
101100001000110101
101100001000110111
101100001000111001
101100001000111011
101100001000111101
101100001000111111
101100001001010001
101100001001010011
101100001001010101
101100001001010111
101100001001011001
101100001001011011
101100001001011101
101100001001011111
101100001001110001
101100001001110011
101100001001110101
101100001001110111
101100001001111001
101100001001111011
101100001001111101
101100001001111111
101100001011010001
101100001011010011
101100001011010101
101100001011010111
101100001011011001
101100001011011011
101100001011011101
101100001011011111
101100001011110001
101100001011110011
101100001011110101
101100001011110111
101100001011111001
101100001011111011
101100001011111101
101100001011111111
101100001100010001
101100001100010011
101100001100010101
101100001100010111
101100001100011001
101100001100011011
101100001100011101
101100001100011111
101100001100110001
101100001100110011
101100001100110101
101100001100110111
101100001100111001
101100001100111011
101100001100111101
101100001100111111
101100001101010001
101100001101010011
101100001101010101
101100001101010111
101100001101011001
101100001101011011
101100001101011101
101100001101011111
101100001101110001
101100001101110011
101100001101110101
101100001101110111
101100001101111001
101100001101111011
101100001101111101
101100001101111111
101100001110010001
101100001110010011
101100001110010101
101100001110010111
101100001110011001
101100001110011011
101100001110011101
101100001110011111
101100001110110001
101100001110110011
101100001110110101
101100001110110111
101100001110111001
101100001110111011
101100001110111101
101100001110111111
101100001111010001
101100001111010011
101100001111010101
101100001111010111
101100001111011001
101100001111011011
101100001111011101
101100001111011111
101100001111110001
101100001111110011
101100001111110101
101100001111110111
101100001111111001
101100001111111011
101100001111111101
101100001111111111
101100011000111001
101100011000111011
101100011001111001
101100011001111011
101100011011111001
101100011011111011
101100011100111001
101100011100111011
101100011101111001
101100011101111011
101100011110111001
101100011110111011
101100011111111001
101100011111111011
101100101000010001
101100101000010011
101100101000010101
101100101000010111
101100101000011001
101100101000011011
101100101000011101
101100101000011111
101100101000110001
101100101000110011
101100101000110101
101100101000110111
101100101000111101
101100101000111111
101100101001010001
101100101001010011
101100101001010101
101100101001010111
101100101001011001
101100101001011011
101100101001011101
101100101001011111
101100101001110001
101100101001110011
101100101001110101
101100101001110111
101100101001111101
101100101001111111
101100101011010001
101100101011010011
101100101011010101
101100101011010111
101100101011011001
101100101011011011
101100101011011101
101100101011011111
101100101011110001
101100101011110011
101100101011110101
101100101011110111
101100101011111101
101100101011111111
101100101100010001
101100101100010011
101100101100010101
101100101100010111
101100101100011001
101100101100011011
101100101100011101
101100101100011111
101100101100110001
101100101100110011
101100101100110101
101100101100110111
101100101100111101
101100101100111111
101100101101010001
101100101101010011
101100101101010101
101100101101010111
101100101101011001
101100101101011011
101100101101011101
101100101101011111
101100101101110001
101100101101110011
101100101101110101
101100101101110111
101100101101111101
101100101101111111
101100101110010001
101100101110010011
101100101110010101
101100101110010111
101100101110011001
101100101110011011
101100101110011101
101100101110011111
101100101110110001
101100101110110011
101100101110110101
101100101110110111
101100101110111101
101100101110111111
101100101111010001
101100101111010011
101100101111010101
101100101111010111
101100101111011001
101100101111011011
101100101111011101
101100101111011111
101100101111110001
101100101111110011
101100101111110101
101100101111110111
101100101111111101
101100101111111111
101101001000011001
101101001000011011
101101001000111001
101101001000111011
101101001001011001
101101001001011011
101101001001111001
101101001001111011
101101001011011001
101101001011011011
101101001011111001
101101001011111011
101101001100011001
101101001100011011
101101001100111001
101101001100111011
101101001101011001
101101001101011011
101101001101111001
101101001101111011
101101001110011001
101101001110011011
101101001110111001
101101001110111011
101101001111011001
101101001111011011
101101001111111001
101101001111111011
101101011000111001
101101011000111011
101101011001111001
101101011001111011
101101011011111001
101101011011111011
101101011100111001
101101011100111011
101101011101111001
101101011101111011
101101011110111001
101101011110111011
101101011111111001
101101011111111011
101101101000011001
101101101000011011
101101101001011001
101101101001011011
101101101011011001
101101101011011011
101101101100011001
101101101100011011
101101101101011001
101101101101011011
101101101110011001
101101101110011011
101101101111011001
101101101111011011
101110001000010001
101110001000010011
101110001000010101
101110001000010111
101110001000011001
101110001000011011
101110001000011101
101110001000011111
101110001000110001
101110001000110011
101110001000110101
101110001000110111
101110001000111001
101110001000111011
101110001000111101
101110001000111111
101110001001010001
101110001001010011
101110001001010101
101110001001010111
101110001001011001
101110001001011011
101110001001011101
101110001001011111
101110001001110001
101110001001110011
101110001001110101
101110001001110111
101110001001111001
101110001001111011
101110001001111101
101110001001111111
101110001011010001
101110001011010011
101110001011010101
101110001011010111
101110001011011001
101110001011011011
101110001011011101
101110001011011111
101110001011110001
101110001011110011
101110001011110101
101110001011110111
101110001011111001
101110001011111011
101110001011111101
101110001011111111
101110001100010001
101110001100010011
101110001100010101
101110001100010111
101110001100011001
101110001100011011
101110001100011101
101110001100011111
101110001100110001
101110001100110011
101110001100110101
101110001100110111
101110001100111001
101110001100111011
101110001100111101
101110001100111111
101110001101010001
101110001101010011
101110001101010101
101110001101010111
101110001101011001
101110001101011011
101110001101011101
101110001101011111
101110001101110001
101110001101110011
101110001101110101
101110001101110111
101110001101111001
101110001101111011
101110001101111101
101110001101111111
101110001110010001
101110001110010011
101110001110010101
101110001110010111
101110001110011001
101110001110011011
101110001110011101
101110001110011111
101110001110110001
101110001110110011
101110001110110101
101110001110110111
101110001110111001
101110001110111011
101110001110111101
101110001110111111
101110001111010001
101110001111010011
101110001111010101
101110001111010111
101110001111011001
101110001111011011
101110001111011101
101110001111011111
101110001111110001
101110001111110011
101110001111110101
101110001111110111
101110001111111001
101110001111111011
101110001111111101
101110001111111111
101110011000111001
101110011000111011
101110011001111001
101110011001111011
101110011011111001
101110011011111011
101110011100111001
101110011100111011
101110011101111001
101110011101111011
101110011110111001
101110011110111011
101110011111111001
101110011111111011
101110101000010001
101110101000010011
101110101000010101
101110101000010111
101110101000011001
101110101000011011
101110101000011101
101110101000011111
101110101000110001
101110101000110011
101110101000110101
101110101000110111
101110101000111101
101110101000111111
101110101001010001
101110101001010011
101110101001010101
101110101001010111
101110101001011001
101110101001011011
101110101001011101
101110101001011111
101110101001110001
101110101001110011
101110101001110101
101110101001110111
101110101001111101
101110101001111111
101110101011010001
101110101011010011
101110101011010101
101110101011010111
101110101011011001
101110101011011011
101110101011011101
101110101011011111
101110101011110001
101110101011110011
101110101011110101
101110101011110111
101110101011111101
101110101011111111
101110101100010001
101110101100010011
101110101100010101
101110101100010111
101110101100011001
101110101100011011
101110101100011101
101110101100011111
101110101100110001
101110101100110011
101110101100110101
101110101100110111
101110101100111101
101110101100111111
101110101101010001
101110101101010011
101110101101010101
101110101101010111
101110101101011001
101110101101011011
101110101101011101
101110101101011111
101110101101110001
101110101101110011
101110101101110101
101110101101110111
101110101101111101
101110101101111111
101110101110010001
101110101110010011
101110101110010101
101110101110010111
101110101110011001
101110101110011011
101110101110011101
101110101110011111
101110101110110001
101110101110110011
101110101110110101
101110101110110111
101110101110111101
101110101110111111
101110101111010001
101110101111010011
101110101111010101
101110101111010111
101110101111011001
101110101111011011
101110101111011101
101110101111011111
101110101111110001
101110101111110011
101110101111110101
101110101111110111
101110101111111101
101110101111111111
101111001000011001
101111001000011011
101111001000111001
101111001000111011
101111001001011001
101111001001011011
101111001001111001
101111001001111011
101111001011011001
101111001011011011
101111001011111001
101111001011111011
101111001100011001
101111001100011011
101111001100111001
101111001100111011
101111001101011001
101111001101011011
101111001101111001
101111001101111011
101111001110011001
101111001110011011
101111001110111001
101111001110111011
101111001111011001
101111001111011011
101111001111111001
101111001111111011
101111011000111001
101111011000111011
101111011001111001
101111011001111011
101111011011111001
101111011011111011
101111011100111001
101111011100111011
101111011101111001
101111011101111011
101111011110111001
101111011110111011
101111011111111001
101111011111111011
101111101000011001
101111101000011011
101111101001011001
101111101001011011
101111101011011001
101111101011011011
101111101100011001
101111101100011011
101111101101011001
101111101101011011
101111101110011001
101111101110011011
101111101111011001
101111101111011011
