100000011001010001
100000011001010011
100000011001010101
100000011001010111
100000011001011001
100000011001011011
100000011001011101
100000011001011111
100000011001110101
100000011001110111
100000011001111101
100000011001111111
100000011011010001
100000011011010011
100000011011010101
100000011011010111
100000011011011001
100000011011011011
100000011011011101
100000011011011111
100000011011110101
100000011011110111
100000011011111101
100000011011111111
100000011101010001
100000011101010011
100000011101010101
100000011101010111
100000011101011001
100000011101011011
100000011101011101
100000011101011111
100000011101110101
100000011101110111
100000011101111101
100000011101111111
100000011111010001
100000011111010011
100000011111010101
100000011111010111
100000011111011001
100000011111011011
100000011111011101
100000011111011111
100000011111110101
100000011111110111
100000011111111101
100000011111111111
100000111001010001
100000111001010011
100000111001010101
100000111001010111
100000111001011001
100000111001011011
100000111001011101
100000111001011111
100000111001110101
100000111001110111
100000111001111101
100000111001111111
100000111011010001
100000111011010011
100000111011010101
100000111011010111
100000111011011001
100000111011011011
100000111011011101
100000111011011111
100000111011110101
100000111011110111
100000111011111101
100000111011111111
100000111101010001
100000111101010011
100000111101010101
100000111101010111
100000111101011001
100000111101011011
100000111101011101
100000111101011111
100000111101110101
100000111101110111
100000111101111101
100000111101111111
100000111111010001
100000111111010011
100000111111010101
100000111111010111
100000111111011001
100000111111011011
100000111111011101
100000111111011111
100000111111110101
100000111111110111
100000111111111101
100000111111111111
100001011001011001
100001011001011011
100001011011011001
100001011011011011
100001011101011001
100001011101011011
100001011111011001
100001011111011011
100001111001011001
100001111001011011
100001111011011001
100001111011011011
100001111101011001
100001111101011011
100001111111011001
100001111111011011
100010011001010001
100010011001010011
100010011001010101
100010011001010111
100010011001011001
100010011001011011
100010011001011101
100010011001011111
100010011001110101
100010011001110111
100010011001111101
100010011001111111
100010011011010001
100010011011010011
100010011011010101
100010011011010111
100010011011011001
100010011011011011
100010011011011101
100010011011011111
100010011011110101
100010011011110111
100010011011111101
100010011011111111
100010011101010001
100010011101010011
100010011101010101
100010011101010111
100010011101011001
100010011101011011
100010011101011101
100010011101011111
100010011101110101
100010011101110111
100010011101111101
100010011101111111
100010011111010001
100010011111010011
100010011111010101
100010011111010111
100010011111011001
100010011111011011
100010011111011101
100010011111011111
100010011111110101
100010011111110111
100010011111111101
100010011111111111
100010111001010001
100010111001010011
100010111001010101
100010111001010111
100010111001011001
100010111001011011
100010111001011101
100010111001011111
100010111001110101
100010111001110111
100010111001111101
100010111001111111
100010111011010001
100010111011010011
100010111011010101
100010111011010111
100010111011011001
100010111011011011
100010111011011101
100010111011011111
100010111011110101
100010111011110111
100010111011111101
100010111011111111
100010111101010001
100010111101010011
100010111101010101
100010111101010111
100010111101011001
100010111101011011
100010111101011101
100010111101011111
100010111101110101
100010111101110111
100010111101111101
100010111101111111
100010111111010001
100010111111010011
100010111111010101
100010111111010111
100010111111011001
100010111111011011
100010111111011101
100010111111011111
100010111111110101
100010111111110111
100010111111111101
100010111111111111
100011011001011001
100011011001011011
100011011011011001
100011011011011011
100011011101011001
100011011101011011
100011011111011001
100011011111011011
100011111001011001
100011111001011011
100011111011011001
100011111011011011
100011111101011001
100011111101011011
100011111111011001
100011111111011011
100100011000010001
100100011000010011
100100011000010101
100100011000010111
100100011000011001
100100011000011011
100100011000011101
100100011000011111
100100011000110101
100100011000110111
100100011000111101
100100011000111111
100100011001010001
100100011001010011
100100011001010101
100100011001010111
100100011001011001
100100011001011011
100100011001011101
100100011001011111
100100011001110101
100100011001110111
100100011001111101
100100011001111111
100100011011010001
100100011011010011
100100011011010101
100100011011010111
100100011011011001
100100011011011011
100100011011011101
100100011011011111
100100011011110101
100100011011110111
100100011011111101
100100011011111111
100100011100010001
100100011100010011
100100011100010101
100100011100010111
100100011100011001
100100011100011011
100100011100011101
100100011100011111
100100011100110101
100100011100110111
100100011100111101
100100011100111111
100100011101010001
100100011101010011
100100011101010101
100100011101010111
100100011101011001
100100011101011011
100100011101011101
100100011101011111
100100011101110101
100100011101110111
100100011101111101
100100011101111111
100100011110010001
100100011110010011
100100011110010101
100100011110010111
100100011110011001
100100011110011011
100100011110011101
100100011110011111
100100011110110101
100100011110110111
100100011110111101
100100011110111111
100100011111010001
100100011111010011
100100011111010101
100100011111010111
100100011111011001
100100011111011011
100100011111011101
100100011111011111
100100011111110101
100100011111110111
100100011111111101
100100011111111111
100100111000010001
100100111000010011
100100111000010101
100100111000010111
100100111000011001
100100111000011011
100100111000011101
100100111000011111
100100111000110101
100100111000110111
100100111000111101
100100111000111111
100100111001010001
100100111001010011
100100111001010101
100100111001010111
100100111001011001
100100111001011011
100100111001011101
100100111001011111
100100111001110101
100100111001110111
100100111001111101
100100111001111111
100100111011010001
100100111011010011
100100111011010101
100100111011010111
100100111011011001
100100111011011011
100100111011011101
100100111011011111
100100111011110101
100100111011110111
100100111011111101
100100111011111111
100100111100010001
100100111100010011
100100111100010101
100100111100010111
100100111100011001
100100111100011011
100100111100011101
100100111100011111
100100111100110101
100100111100110111
100100111100111101
100100111100111111
100100111101010001
100100111101010011
100100111101010101
100100111101010111
100100111101011001
100100111101011011
100100111101011101
100100111101011111
100100111101110101
100100111101110111
100100111101111101
100100111101111111
100100111110010001
100100111110010011
100100111110010101
100100111110010111
100100111110011001
100100111110011011
100100111110011101
100100111110011111
100100111110110101
100100111110110111
100100111110111101
100100111110111111
100100111111010001
100100111111010011
100100111111010101
100100111111010111
100100111111011001
100100111111011011
100100111111011101
100100111111011111
100100111111110101
100100111111110111
100100111111111101
100100111111111111
100101011000011001
100101011000011011
100101011001011001
100101011001011011
100101011011011001
100101011011011011
100101011100011001
100101011100011011
100101011101011001
100101011101011011
100101011110011001
100101011110011011
100101011111011001
100101011111011011
100101111000011001
100101111000011011
100101111001011001
100101111001011011
100101111011011001
100101111011011011
100101111100011001
100101111100011011
100101111101011001
100101111101011011
100101111110011001
100101111110011011
100101111111011001
100101111111011011
100110011000010001
100110011000010011
100110011000010101
100110011000010111
100110011000011001
100110011000011011
100110011000011101
100110011000011111
100110011000110101
100110011000110111
100110011000111101
100110011000111111
100110011001010001
100110011001010011
100110011001010101
100110011001010111
100110011001011001
100110011001011011
100110011001011101
100110011001011111
100110011001110101
100110011001110111
100110011001111101
100110011001111111
100110011011010001
100110011011010011
100110011011010101
100110011011010111
100110011011011001
100110011011011011
100110011011011101
100110011011011111
100110011011110101
100110011011110111
100110011011111101
100110011011111111
100110011100010001
100110011100010011
100110011100010101
100110011100010111
100110011100011001
100110011100011011
100110011100011101
100110011100011111
100110011100110101
100110011100110111
100110011100111101
100110011100111111
100110011101010001
100110011101010011
100110011101010101
100110011101010111
100110011101011001
100110011101011011
100110011101011101
100110011101011111
100110011101110101
100110011101110111
100110011101111101
100110011101111111
100110011110010001
100110011110010011
100110011110010101
100110011110010111
100110011110011001
100110011110011011
100110011110011101
100110011110011111
100110011110110101
100110011110110111
100110011110111101
100110011110111111
100110011111010001
100110011111010011
100110011111010101
100110011111010111
100110011111011001
100110011111011011
100110011111011101
100110011111011111
100110011111110101
100110011111110111
100110011111111101
100110011111111111
100110111000010001
100110111000010011
100110111000010101
100110111000010111
100110111000011001
100110111000011011
100110111000011101
100110111000011111
100110111000110101
100110111000110111
100110111000111101
100110111000111111
100110111001010001
100110111001010011
100110111001010101
100110111001010111
100110111001011001
100110111001011011
100110111001011101
100110111001011111
100110111001110101
100110111001110111
100110111001111101
100110111001111111
100110111011010001
100110111011010011
100110111011010101
100110111011010111
100110111011011001
100110111011011011
100110111011011101
100110111011011111
100110111011110101
100110111011110111
100110111011111101
100110111011111111
100110111100010001
100110111100010011
100110111100010101
100110111100010111
100110111100011001
100110111100011011
100110111100011101
100110111100011111
100110111100110101
100110111100110111
100110111100111101
100110111100111111
100110111101010001
100110111101010011
100110111101010101
100110111101010111
100110111101011001
100110111101011011
100110111101011101
100110111101011111
100110111101110101
100110111101110111
100110111101111101
100110111101111111
100110111110010001
100110111110010011
100110111110010101
100110111110010111
100110111110011001
100110111110011011
100110111110011101
100110111110011111
100110111110110101
100110111110110111
100110111110111101
100110111110111111
100110111111010001
100110111111010011
100110111111010101
100110111111010111
100110111111011001
100110111111011011
100110111111011101
100110111111011111
100110111111110101
100110111111110111
100110111111111101
100110111111111111
100111011000011001
100111011000011011
100111011001011001
100111011001011011
100111011011011001
100111011011011011
100111011100011001
100111011100011011
100111011101011001
100111011101011011
100111011110011001
100111011110011011
100111011111011001
100111011111011011
100111111000011001
100111111000011011
100111111001011001
100111111001011011
100111111011011001
100111111011011011
100111111100011001
100111111100011011
100111111101011001
100111111101011011
100111111110011001
100111111110011011
100111111111011001
100111111111011011
101000011001010001
101000011001010011
101000011001010101
101000011001010111
101000011001011001
101000011001011011
101000011001011101
101000011001011111
101000011001110001
101000011001110011
101000011001110101
101000011001110111
101000011001111101
101000011001111111
101000011011010001
101000011011010011
101000011011010101
101000011011010111
101000011011011001
101000011011011011
101000011011011101
101000011011011111
101000011011110001
101000011011110011
101000011011110101
101000011011110111
101000011011111101
101000011011111111
101000011101010001
101000011101010011
101000011101010101
101000011101010111
101000011101011001
101000011101011011
101000011101011101
101000011101011111
101000011101110001
101000011101110011
101000011101110101
101000011101110111
101000011101111101
101000011101111111
101000011111010001
101000011111010011
101000011111010101
101000011111010111
101000011111011001
101000011111011011
101000011111011101
101000011111011111
101000011111110001
101000011111110011
101000011111110101
101000011111110111
101000011111111101
101000011111111111
101000111001010001
101000111001010011
101000111001010101
101000111001010111
101000111001011001
101000111001011011
101000111001011101
101000111001011111
101000111001110001
101000111001110011
101000111001110101
101000111001110111
101000111001111101
101000111001111111
101000111011010001
101000111011010011
101000111011010101
101000111011010111
101000111011011001
101000111011011011
101000111011011101
101000111011011111
101000111011110001
101000111011110011
101000111011110101
101000111011110111
101000111011111101
101000111011111111
101000111101010001
101000111101010011
101000111101010101
101000111101010111
101000111101011001
101000111101011011
101000111101011101
101000111101011111
101000111101110001
101000111101110011
101000111101110101
101000111101110111
101000111101111101
101000111101111111
101000111111010001
101000111111010011
101000111111010101
101000111111010111
101000111111011001
101000111111011011
101000111111011101
101000111111011111
101000111111110001
101000111111110011
101000111111110101
101000111111110111
101000111111111101
101000111111111111
101001011001011001
101001011001011011
101001011011011001
101001011011011011
101001011101011001
101001011101011011
101001011111011001
101001011111011011
101001111001011001
101001111001011011
101001111011011001
101001111011011011
101001111101011001
101001111101011011
101001111111011001
101001111111011011
101010011001010001
101010011001010011
101010011001010101
101010011001010111
101010011001011001
101010011001011011
101010011001011101
101010011001011111
101010011001110001
101010011001110011
101010011001110101
101010011001110111
101010011001111101
101010011001111111
101010011011010001
101010011011010011
101010011011010101
101010011011010111
101010011011011001
101010011011011011
101010011011011101
101010011011011111
101010011011110001
101010011011110011
101010011011110101
101010011011110111
101010011011111101
101010011011111111
101010011101010001
101010011101010011
101010011101010101
101010011101010111
101010011101011001
101010011101011011
101010011101011101
101010011101011111
101010011101110001
101010011101110011
101010011101110101
101010011101110111
101010011101111101
101010011101111111
101010011111010001
101010011111010011
101010011111010101
101010011111010111
101010011111011001
101010011111011011
101010011111011101
101010011111011111
101010011111110001
101010011111110011
101010011111110101
101010011111110111
101010011111111101
101010011111111111
101010111001010001
101010111001010011
101010111001010101
101010111001010111
101010111001011001
101010111001011011
101010111001011101
101010111001011111
101010111001110001
101010111001110011
101010111001110101
101010111001110111
101010111001111101
101010111001111111
101010111011010001
101010111011010011
101010111011010101
101010111011010111
101010111011011001
101010111011011011
101010111011011101
101010111011011111
101010111011110001
101010111011110011
101010111011110101
101010111011110111
101010111011111101
101010111011111111
101010111101010001
101010111101010011
101010111101010101
101010111101010111
101010111101011001
101010111101011011
101010111101011101
101010111101011111
101010111101110001
101010111101110011
101010111101110101
101010111101110111
101010111101111101
101010111101111111
101010111111010001
101010111111010011
101010111111010101
101010111111010111
101010111111011001
101010111111011011
101010111111011101
101010111111011111
101010111111110001
101010111111110011
101010111111110101
101010111111110111
101010111111111101
101010111111111111
101011011001011001
101011011001011011
101011011011011001
101011011011011011
101011011101011001
101011011101011011
101011011111011001
101011011111011011
101011111001011001
101011111001011011
101011111011011001
101011111011011011
101011111101011001
101011111101011011
101011111111011001
101011111111011011
101100011000010001
101100011000010011
101100011000010101
101100011000010111
101100011000011001
101100011000011011
101100011000011101
101100011000011111
101100011000110001
101100011000110011
101100011000110101
101100011000110111
101100011000111101
101100011000111111
101100011001010001
101100011001010011
101100011001010101
101100011001010111
101100011001011001
101100011001011011
101100011001011101
101100011001011111
101100011001110001
101100011001110011
101100011001110101
101100011001110111
101100011001111101
101100011001111111
101100011011010001
101100011011010011
101100011011010101
101100011011010111
101100011011011001
101100011011011011
101100011011011101
101100011011011111
101100011011110001
101100011011110011
101100011011110101
101100011011110111
101100011011111101
101100011011111111
101100011100010001
101100011100010011
101100011100010101
101100011100010111
101100011100011001
101100011100011011
101100011100011101
101100011100011111
101100011100110001
101100011100110011
101100011100110101
101100011100110111
101100011100111101
101100011100111111
101100011101010001
101100011101010011
101100011101010101
101100011101010111
101100011101011001
101100011101011011
101100011101011101
101100011101011111
101100011101110001
101100011101110011
101100011101110101
101100011101110111
101100011101111101
101100011101111111
101100011110010001
101100011110010011
101100011110010101
101100011110010111
101100011110011001
101100011110011011
101100011110011101
101100011110011111
101100011110110001
101100011110110011
101100011110110101
101100011110110111
101100011110111101
101100011110111111
101100011111010001
101100011111010011
101100011111010101
101100011111010111
101100011111011001
101100011111011011
101100011111011101
101100011111011111
101100011111110001
101100011111110011
101100011111110101
101100011111110111
101100011111111101
101100011111111111
101100111000010001
101100111000010011
101100111000010101
101100111000010111
101100111000011001
101100111000011011
101100111000011101
101100111000011111
101100111000110001
101100111000110011
101100111000110101
101100111000110111
101100111000111101
101100111000111111
101100111001010001
101100111001010011
101100111001010101
101100111001010111
101100111001011001
101100111001011011
101100111001011101
101100111001011111
101100111001110001
101100111001110011
101100111001110101
101100111001110111
101100111001111101
101100111001111111
101100111011010001
101100111011010011
101100111011010101
101100111011010111
101100111011011001
101100111011011011
101100111011011101
101100111011011111
101100111011110001
101100111011110011
101100111011110101
101100111011110111
101100111011111101
101100111011111111
101100111100010001
101100111100010011
101100111100010101
101100111100010111
101100111100011001
101100111100011011
101100111100011101
101100111100011111
101100111100110001
101100111100110011
101100111100110101
101100111100110111
101100111100111101
101100111100111111
101100111101010001
101100111101010011
101100111101010101
101100111101010111
101100111101011001
101100111101011011
101100111101011101
101100111101011111
101100111101110001
101100111101110011
101100111101110101
101100111101110111
101100111101111101
101100111101111111
101100111110010001
101100111110010011
101100111110010101
101100111110010111
101100111110011001
101100111110011011
101100111110011101
101100111110011111
101100111110110001
101100111110110011
101100111110110101
101100111110110111
101100111110111101
101100111110111111
101100111111010001
101100111111010011
101100111111010101
101100111111010111
101100111111011001
101100111111011011
101100111111011101
101100111111011111
101100111111110001
101100111111110011
101100111111110101
101100111111110111
101100111111111101
101100111111111111
101101011000011001
101101011000011011
101101011001011001
101101011001011011
101101011011011001
101101011011011011
101101011100011001
101101011100011011
101101011101011001
101101011101011011
101101011110011001
101101011110011011
101101011111011001
101101011111011011
101101111000011001
101101111000011011
101101111001011001
101101111001011011
101101111011011001
101101111011011011
101101111100011001
101101111100011011
101101111101011001
101101111101011011
101101111110011001
101101111110011011
101101111111011001
101101111111011011
101110011000010001
101110011000010011
101110011000010101
101110011000010111
101110011000011001
101110011000011011
101110011000011101
101110011000011111
101110011000110001
101110011000110011
101110011000110101
101110011000110111
101110011000111101
101110011000111111
101110011001010001
101110011001010011
101110011001010101
101110011001010111
101110011001011001
101110011001011011
101110011001011101
101110011001011111
101110011001110001
101110011001110011
101110011001110101
101110011001110111
101110011001111101
101110011001111111
101110011011010001
101110011011010011
101110011011010101
101110011011010111
101110011011011001
101110011011011011
101110011011011101
101110011011011111
101110011011110001
101110011011110011
101110011011110101
101110011011110111
101110011011111101
101110011011111111
101110011100010001
101110011100010011
101110011100010101
101110011100010111
101110011100011001
101110011100011011
101110011100011101
101110011100011111
101110011100110001
101110011100110011
101110011100110101
101110011100110111
101110011100111101
101110011100111111
101110011101010001
101110011101010011
101110011101010101
101110011101010111
101110011101011001
101110011101011011
101110011101011101
101110011101011111
101110011101110001
101110011101110011
101110011101110101
101110011101110111
101110011101111101
101110011101111111
101110011110010001
101110011110010011
101110011110010101
101110011110010111
101110011110011001
101110011110011011
101110011110011101
101110011110011111
101110011110110001
101110011110110011
101110011110110101
101110011110110111
101110011110111101
101110011110111111
101110011111010001
101110011111010011
101110011111010101
101110011111010111
101110011111011001
101110011111011011
101110011111011101
101110011111011111
101110011111110001
101110011111110011
101110011111110101
101110011111110111
101110011111111101
101110011111111111
101110111000010001
101110111000010011
101110111000010101
101110111000010111
101110111000011001
101110111000011011
101110111000011101
101110111000011111
101110111000110001
101110111000110011
101110111000110101
101110111000110111
101110111000111101
101110111000111111
101110111001010001
101110111001010011
101110111001010101
101110111001010111
101110111001011001
101110111001011011
101110111001011101
101110111001011111
101110111001110001
101110111001110011
101110111001110101
101110111001110111
101110111001111101
101110111001111111
101110111011010001
101110111011010011
101110111011010101
101110111011010111
101110111011011001
101110111011011011
101110111011011101
101110111011011111
101110111011110001
101110111011110011
101110111011110101
101110111011110111
101110111011111101
101110111011111111
101110111100010001
101110111100010011
101110111100010101
101110111100010111
101110111100011001
101110111100011011
101110111100011101
101110111100011111
101110111100110001
101110111100110011
101110111100110101
101110111100110111
101110111100111101
101110111100111111
101110111101010001
101110111101010011
101110111101010101
101110111101010111
101110111101011001
101110111101011011
101110111101011101
101110111101011111
101110111101110001
101110111101110011
101110111101110101
101110111101110111
101110111101111101
101110111101111111
101110111110010001
101110111110010011
101110111110010101
101110111110010111
101110111110011001
101110111110011011
101110111110011101
101110111110011111
101110111110110001
101110111110110011
101110111110110101
101110111110110111
101110111110111101
101110111110111111
101110111111010001
101110111111010011
101110111111010101
101110111111010111
101110111111011001
101110111111011011
101110111111011101
101110111111011111
101110111111110001
101110111111110011
101110111111110101
101110111111110111
101110111111111101
101110111111111111
101111011000011001
101111011000011011
101111011001011001
101111011001011011
101111011011011001
101111011011011011
101111011100011001
101111011100011011
101111011101011001
101111011101011011
101111011110011001
101111011110011011
101111011111011001
101111011111011011
101111111000011001
101111111000011011
101111111001011001
101111111001011011
101111111011011001
101111111011011011
101111111100011001
101111111100011011
101111111101011001
101111111101011011
101111111110011001
101111111110011011
101111111111011001
101111111111011011
