100000011000000001
100000011000000011
100000011000000101
100000011000000111
100000011000001001
100000011000001011
100000011000001101
100000011000001111
100000011000010001
100000011000010011
100000011000010101
100000011000010111
100000011000011001
100000011000011011
100000011000011101
100000011000011111
100000011000100001
100000011000100011
100000011000100101
100000011000100111
100000011000101101
100000011000101111
100000011000110001
100000011000110011
100000011000110101
100000011000110111
100000011000111101
100000011000111111
100000011001000001
100000011001000011
100000011001000101
100000011001000111
100000011001001001
100000011001001011
100000011001001101
100000011001001111
100000011001100001
100000011001100011
100000011001100101
100000011001100111
100000011001101101
100000011001101111
100000011001110001
100000011001110011
100000011011000001
100000011011000011
100000011011000101
100000011011000111
100000011011001001
100000011011001011
100000011011001101
100000011011001111
100000011011100001
100000011011100011
100000011011100101
100000011011100111
100000011011101101
100000011011101111
100000011011110001
100000011011110011
100000011100000001
100000011100000011
100000011100000101
100000011100000111
100000011100001001
100000011100001011
100000011100001101
100000011100001111
100000011100010001
100000011100010011
100000011100010101
100000011100010111
100000011100011001
100000011100011011
100000011100011101
100000011100011111
100000011100100001
100000011100100011
100000011100100101
100000011100100111
100000011100101101
100000011100101111
100000011100110001
100000011100110011
100000011100110101
100000011100110111
100000011100111101
100000011100111111
100000011101000001
100000011101000011
100000011101000101
100000011101000111
100000011101001001
100000011101001011
100000011101001101
100000011101001111
100000011101100001
100000011101100011
100000011101100101
100000011101100111
100000011101101101
100000011101101111
100000011101110001
100000011101110011
100000011110000001
100000011110000011
100000011110000101
100000011110000111
100000011110001001
100000011110001011
100000011110001101
100000011110001111
100000011110010001
100000011110010011
100000011110010101
100000011110010111
100000011110011001
100000011110011011
100000011110011101
100000011110011111
100000011110100001
100000011110100011
100000011110100101
100000011110100111
100000011110101101
100000011110101111
100000011110110001
100000011110110011
100000011110110101
100000011110110111
100000011110111101
100000011110111111
100000011111000001
100000011111000011
100000011111000101
100000011111000111
100000011111001001
100000011111001011
100000011111001101
100000011111001111
100000011111100001
100000011111100011
100000011111100101
100000011111100111
100000011111101101
100000011111101111
100000011111110001
100000011111110011
100000111000000001
100000111000000011
100000111000000101
100000111000000111
100000111000001001
100000111000001011
100000111000001101
100000111000001111
100000111000010001
100000111000010011
100000111000010101
100000111000010111
100000111000011001
100000111000011011
100000111000011101
100000111000011111
100000111000100001
100000111000100011
100000111000100101
100000111000100111
100000111000101101
100000111000101111
100000111000110001
100000111000110011
100000111000110101
100000111000110111
100000111000111101
100000111000111111
100000111001000001
100000111001000011
100000111001000101
100000111001000111
100000111001001001
100000111001001011
100000111001001101
100000111001001111
100000111001100001
100000111001100011
100000111001100101
100000111001100111
100000111001101101
100000111001101111
100000111001110001
100000111001110011
100000111011000001
100000111011000011
100000111011000101
100000111011000111
100000111011001001
100000111011001011
100000111011001101
100000111011001111
100000111011100001
100000111011100011
100000111011100101
100000111011100111
100000111011101101
100000111011101111
100000111011110001
100000111011110011
100000111100000001
100000111100000011
100000111100000101
100000111100000111
100000111100001001
100000111100001011
100000111100001101
100000111100001111
100000111100010001
100000111100010011
100000111100010101
100000111100010111
100000111100011001
100000111100011011
100000111100011101
100000111100011111
100000111100100001
100000111100100011
100000111100100101
100000111100100111
100000111100101101
100000111100101111
100000111100110001
100000111100110011
100000111100110101
100000111100110111
100000111100111101
100000111100111111
100000111101000001
100000111101000011
100000111101000101
100000111101000111
100000111101001001
100000111101001011
100000111101001101
100000111101001111
100000111101100001
100000111101100011
100000111101100101
100000111101100111
100000111101101101
100000111101101111
100000111101110001
100000111101110011
100000111110000001
100000111110000011
100000111110000101
100000111110000111
100000111110001001
100000111110001011
100000111110001101
100000111110001111
100000111110010001
100000111110010011
100000111110010101
100000111110010111
100000111110011001
100000111110011011
100000111110011101
100000111110011111
100000111110100001
100000111110100011
100000111110100101
100000111110100111
100000111110101101
100000111110101111
100000111110110001
100000111110110011
100000111110110101
100000111110110111
100000111110111101
100000111110111111
100000111111000001
100000111111000011
100000111111000101
100000111111000111
100000111111001001
100000111111001011
100000111111001101
100000111111001111
100000111111100001
100000111111100011
100000111111100101
100000111111100111
100000111111101101
100000111111101111
100000111111110001
100000111111110011
100001011000001001
100001011000001011
100001011000011001
100001011000011011
100001011001001001
100001011001001011
100001011011001001
100001011011001011
100001011100001001
100001011100001011
100001011100011001
100001011100011011
100001011101001001
100001011101001011
100001011110001001
100001011110001011
100001011110011001
100001011110011011
100001011111001001
100001011111001011
100001111000001001
100001111000001011
100001111000011001
100001111000011011
100001111001001001
100001111001001011
100001111011001001
100001111011001011
100001111100001001
100001111100001011
100001111100011001
100001111100011011
100001111101001001
100001111101001011
100001111110001001
100001111110001011
100001111110011001
100001111110011011
100001111111001001
100001111111001011
100010011000000001
100010011000000011
100010011000000101
100010011000000111
100010011000001001
100010011000001011
100010011000001101
100010011000001111
100010011000010001
100010011000010011
100010011000010101
100010011000010111
100010011000011001
100010011000011011
100010011000011101
100010011000011111
100010011000100001
100010011000100011
100010011000100101
100010011000100111
100010011000101101
100010011000101111
100010011000110001
100010011000110011
100010011000110101
100010011000110111
100010011000111101
100010011000111111
100010011001000001
100010011001000011
100010011001000101
100010011001000111
100010011001001001
100010011001001011
100010011001001101
100010011001001111
100010011001100001
100010011001100011
100010011001100101
100010011001100111
100010011001101101
100010011001101111
100010011001110001
100010011001110011
100010011011000001
100010011011000011
100010011011000101
100010011011000111
100010011011001001
100010011011001011
100010011011001101
100010011011001111
100010011011100001
100010011011100011
100010011011100101
100010011011100111
100010011011101101
100010011011101111
100010011011110001
100010011011110011
100010011100000001
100010011100000011
100010011100000101
100010011100000111
100010011100001001
100010011100001011
100010011100001101
100010011100001111
100010011100010001
100010011100010011
100010011100010101
100010011100010111
100010011100011001
100010011100011011
100010011100011101
100010011100011111
100010011100100001
100010011100100011
100010011100100101
100010011100100111
100010011100101101
100010011100101111
100010011100110001
100010011100110011
100010011100110101
100010011100110111
100010011100111101
100010011100111111
100010011101000001
100010011101000011
100010011101000101
100010011101000111
100010011101001001
100010011101001011
100010011101001101
100010011101001111
100010011101100001
100010011101100011
100010011101100101
100010011101100111
100010011101101101
100010011101101111
100010011101110001
100010011101110011
100010011110000001
100010011110000011
100010011110000101
100010011110000111
100010011110001001
100010011110001011
100010011110001101
100010011110001111
100010011110010001
100010011110010011
100010011110010101
100010011110010111
100010011110011001
100010011110011011
100010011110011101
100010011110011111
100010011110100001
100010011110100011
100010011110100101
100010011110100111
100010011110101101
100010011110101111
100010011110110001
100010011110110011
100010011110110101
100010011110110111
100010011110111101
100010011110111111
100010011111000001
100010011111000011
100010011111000101
100010011111000111
100010011111001001
100010011111001011
100010011111001101
100010011111001111
100010011111100001
100010011111100011
100010011111100101
100010011111100111
100010011111101101
100010011111101111
100010011111110001
100010011111110011
100010111000000001
100010111000000011
100010111000000101
100010111000000111
100010111000001001
100010111000001011
100010111000001101
100010111000001111
100010111000010001
100010111000010011
100010111000010101
100010111000010111
100010111000011001
100010111000011011
100010111000011101
100010111000011111
100010111000100001
100010111000100011
100010111000100101
100010111000100111
100010111000101101
100010111000101111
100010111000110001
100010111000110011
100010111000110101
100010111000110111
100010111000111101
100010111000111111
100010111001000001
100010111001000011
100010111001000101
100010111001000111
100010111001001001
100010111001001011
100010111001001101
100010111001001111
100010111001100001
100010111001100011
100010111001100101
100010111001100111
100010111001101101
100010111001101111
100010111001110001
100010111001110011
100010111011000001
100010111011000011
100010111011000101
100010111011000111
100010111011001001
100010111011001011
100010111011001101
100010111011001111
100010111011100001
100010111011100011
100010111011100101
100010111011100111
100010111011101101
100010111011101111
100010111011110001
100010111011110011
100010111100000001
100010111100000011
100010111100000101
100010111100000111
100010111100001001
100010111100001011
100010111100001101
100010111100001111
100010111100010001
100010111100010011
100010111100010101
100010111100010111
100010111100011001
100010111100011011
100010111100011101
100010111100011111
100010111100100001
100010111100100011
100010111100100101
100010111100100111
100010111100101101
100010111100101111
100010111100110001
100010111100110011
100010111100110101
100010111100110111
100010111100111101
100010111100111111
100010111101000001
100010111101000011
100010111101000101
100010111101000111
100010111101001001
100010111101001011
100010111101001101
100010111101001111
100010111101100001
100010111101100011
100010111101100101
100010111101100111
100010111101101101
100010111101101111
100010111101110001
100010111101110011
100010111110000001
100010111110000011
100010111110000101
100010111110000111
100010111110001001
100010111110001011
100010111110001101
100010111110001111
100010111110010001
100010111110010011
100010111110010101
100010111110010111
100010111110011001
100010111110011011
100010111110011101
100010111110011111
100010111110100001
100010111110100011
100010111110100101
100010111110100111
100010111110101101
100010111110101111
100010111110110001
100010111110110011
100010111110110101
100010111110110111
100010111110111101
100010111110111111
100010111111000001
100010111111000011
100010111111000101
100010111111000111
100010111111001001
100010111111001011
100010111111001101
100010111111001111
100010111111100001
100010111111100011
100010111111100101
100010111111100111
100010111111101101
100010111111101111
100010111111110001
100010111111110011
100011011000001001
100011011000001011
100011011000011001
100011011000011011
100011011001001001
100011011001001011
100011011011001001
100011011011001011
100011011100001001
100011011100001011
100011011100011001
100011011100011011
100011011101001001
100011011101001011
100011011110001001
100011011110001011
100011011110011001
100011011110011011
100011011111001001
100011011111001011
100011111000001001
100011111000001011
100011111000011001
100011111000011011
100011111001001001
100011111001001011
100011111011001001
100011111011001011
100011111100001001
100011111100001011
100011111100011001
100011111100011011
100011111101001001
100011111101001011
100011111110001001
100011111110001011
100011111110011001
100011111110011011
100011111111001001
100011111111001011
100100011000000001
100100011000000011
100100011000000101
100100011000000111
100100011000001001
100100011000001011
100100011000001101
100100011000001111
100100011000100001
100100011000100011
100100011000100101
100100011000100111
100100011000101101
100100011000101111
100100011000110001
100100011000110011
100100011001000001
100100011001000011
100100011001000101
100100011001000111
100100011001001001
100100011001001011
100100011001001101
100100011001001111
100100011001100001
100100011001100011
100100011001100101
100100011001100111
100100011001101101
100100011001101111
100100011001110001
100100011001110011
100100011011000001
100100011011000011
100100011011000101
100100011011000111
100100011011001001
100100011011001011
100100011011001101
100100011011001111
100100011011100001
100100011011100011
100100011011100101
100100011011100111
100100011011101101
100100011011101111
100100011011110001
100100011011110011
100100011100000001
100100011100000011
100100011100000101
100100011100000111
100100011100001001
100100011100001011
100100011100001101
100100011100001111
100100011100100001
100100011100100011
100100011100100101
100100011100100111
100100011100101101
100100011100101111
100100011100110001
100100011100110011
100100011101000001
100100011101000011
100100011101000101
100100011101000111
100100011101001001
100100011101001011
100100011101001101
100100011101001111
100100011101100001
100100011101100011
100100011101100101
100100011101100111
100100011101101101
100100011101101111
100100011101110001
100100011101110011
100100011110000001
100100011110000011
100100011110000101
100100011110000111
100100011110001001
100100011110001011
100100011110001101
100100011110001111
100100011110100001
100100011110100011
100100011110100101
100100011110100111
100100011110101101
100100011110101111
100100011110110001
100100011110110011
100100011111000001
100100011111000011
100100011111000101
100100011111000111
100100011111001001
100100011111001011
100100011111001101
100100011111001111
100100011111100001
100100011111100011
100100011111100101
100100011111100111
100100011111101101
100100011111101111
100100011111110001
100100011111110011
100100111000000001
100100111000000011
100100111000000101
100100111000000111
100100111000001001
100100111000001011
100100111000001101
100100111000001111
100100111000100001
100100111000100011
100100111000100101
100100111000100111
100100111000101101
100100111000101111
100100111000110001
100100111000110011
100100111001000001
100100111001000011
100100111001000101
100100111001000111
100100111001001001
100100111001001011
100100111001001101
100100111001001111
100100111001100001
100100111001100011
100100111001100101
100100111001100111
100100111001101101
100100111001101111
100100111001110001
100100111001110011
100100111011000001
100100111011000011
100100111011000101
100100111011000111
100100111011001001
100100111011001011
100100111011001101
100100111011001111
100100111011100001
100100111011100011
100100111011100101
100100111011100111
100100111011101101
100100111011101111
100100111011110001
100100111011110011
100100111100000001
100100111100000011
100100111100000101
100100111100000111
100100111100001001
100100111100001011
100100111100001101
100100111100001111
100100111100100001
100100111100100011
100100111100100101
100100111100100111
100100111100101101
100100111100101111
100100111100110001
100100111100110011
100100111101000001
100100111101000011
100100111101000101
100100111101000111
100100111101001001
100100111101001011
100100111101001101
100100111101001111
100100111101100001
100100111101100011
100100111101100101
100100111101100111
100100111101101101
100100111101101111
100100111101110001
100100111101110011
100100111110000001
100100111110000011
100100111110000101
100100111110000111
100100111110001001
100100111110001011
100100111110001101
100100111110001111
100100111110100001
100100111110100011
100100111110100101
100100111110100111
100100111110101101
100100111110101111
100100111110110001
100100111110110011
100100111111000001
100100111111000011
100100111111000101
100100111111000111
100100111111001001
100100111111001011
100100111111001101
100100111111001111
100100111111100001
100100111111100011
100100111111100101
100100111111100111
100100111111101101
100100111111101111
100100111111110001
100100111111110011
100101011000001001
100101011000001011
100101011001001001
100101011001001011
100101011011001001
100101011011001011
100101011100001001
100101011100001011
100101011101001001
100101011101001011
100101011110001001
100101011110001011
100101011111001001
100101011111001011
100101111000001001
100101111000001011
100101111001001001
100101111001001011
100101111011001001
100101111011001011
100101111100001001
100101111100001011
100101111101001001
100101111101001011
100101111110001001
100101111110001011
100101111111001001
100101111111001011
100110011000000001
100110011000000011
100110011000000101
100110011000000111
100110011000001001
100110011000001011
100110011000001101
100110011000001111
100110011000100001
100110011000100011
100110011000100101
100110011000100111
100110011000101101
100110011000101111
100110011000110001
100110011000110011
100110011001000001
100110011001000011
100110011001000101
100110011001000111
100110011001001001
100110011001001011
100110011001001101
100110011001001111
100110011001100001
100110011001100011
100110011001100101
100110011001100111
100110011001101101
100110011001101111
100110011001110001
100110011001110011
100110011011000001
100110011011000011
100110011011000101
100110011011000111
100110011011001001
100110011011001011
100110011011001101
100110011011001111
100110011011100001
100110011011100011
100110011011100101
100110011011100111
100110011011101101
100110011011101111
100110011011110001
100110011011110011
100110011100000001
100110011100000011
100110011100000101
100110011100000111
100110011100001001
100110011100001011
100110011100001101
100110011100001111
100110011100100001
100110011100100011
100110011100100101
100110011100100111
100110011100101101
100110011100101111
100110011100110001
100110011100110011
100110011101000001
100110011101000011
100110011101000101
100110011101000111
100110011101001001
100110011101001011
100110011101001101
100110011101001111
100110011101100001
100110011101100011
100110011101100101
100110011101100111
100110011101101101
100110011101101111
100110011101110001
100110011101110011
100110011110000001
100110011110000011
100110011110000101
100110011110000111
100110011110001001
100110011110001011
100110011110001101
100110011110001111
100110011110100001
100110011110100011
100110011110100101
100110011110100111
100110011110101101
100110011110101111
100110011110110001
100110011110110011
100110011111000001
100110011111000011
100110011111000101
100110011111000111
100110011111001001
100110011111001011
100110011111001101
100110011111001111
100110011111100001
100110011111100011
100110011111100101
100110011111100111
100110011111101101
100110011111101111
100110011111110001
100110011111110011
100110111000000001
100110111000000011
100110111000000101
100110111000000111
100110111000001001
100110111000001011
100110111000001101
100110111000001111
100110111000100001
100110111000100011
100110111000100101
100110111000100111
100110111000101101
100110111000101111
100110111000110001
100110111000110011
100110111001000001
100110111001000011
100110111001000101
100110111001000111
100110111001001001
100110111001001011
100110111001001101
100110111001001111
100110111001100001
100110111001100011
100110111001100101
100110111001100111
100110111001101101
100110111001101111
100110111001110001
100110111001110011
100110111011000001
100110111011000011
100110111011000101
100110111011000111
100110111011001001
100110111011001011
100110111011001101
100110111011001111
100110111011100001
100110111011100011
100110111011100101
100110111011100111
100110111011101101
100110111011101111
100110111011110001
100110111011110011
100110111100000001
100110111100000011
100110111100000101
100110111100000111
100110111100001001
100110111100001011
100110111100001101
100110111100001111
100110111100100001
100110111100100011
100110111100100101
100110111100100111
100110111100101101
100110111100101111
100110111100110001
100110111100110011
100110111101000001
100110111101000011
100110111101000101
100110111101000111
100110111101001001
100110111101001011
100110111101001101
100110111101001111
100110111101100001
100110111101100011
100110111101100101
100110111101100111
100110111101101101
100110111101101111
100110111101110001
100110111101110011
100110111110000001
100110111110000011
100110111110000101
100110111110000111
100110111110001001
100110111110001011
100110111110001101
100110111110001111
100110111110100001
100110111110100011
100110111110100101
100110111110100111
100110111110101101
100110111110101111
100110111110110001
100110111110110011
100110111111000001
100110111111000011
100110111111000101
100110111111000111
100110111111001001
100110111111001011
100110111111001101
100110111111001111
100110111111100001
100110111111100011
100110111111100101
100110111111100111
100110111111101101
100110111111101111
100110111111110001
100110111111110011
100111011000001001
100111011000001011
100111011001001001
100111011001001011
100111011011001001
100111011011001011
100111011100001001
100111011100001011
100111011101001001
100111011101001011
100111011110001001
100111011110001011
100111011111001001
100111011111001011
100111111000001001
100111111000001011
100111111001001001
100111111001001011
100111111011001001
100111111011001011
100111111100001001
100111111100001011
100111111101001001
100111111101001011
100111111110001001
100111111110001011
100111111111001001
100111111111001011
101000011000000001
101000011000000011
101000011000000101
101000011000000111
101000011000001001
101000011000001011
101000011000001101
101000011000001111
101000011000010001
101000011000010011
101000011000010101
101000011000010111
101000011000011001
101000011000011011
101000011000011101
101000011000011111
101000011000100001
101000011000100011
101000011000100101
101000011000100111
101000011000101101
101000011000101111
101000011000110001
101000011000110011
101000011000110101
101000011000110111
101000011000111101
101000011000111111
101000011001000001
101000011001000011
101000011001000101
101000011001000111
101000011001001001
101000011001001011
101000011001001101
101000011001001111
101000011001100001
101000011001100011
101000011001100101
101000011001100111
101000011001101101
101000011001101111
101000011011000001
101000011011000011
101000011011000101
101000011011000111
101000011011001001
101000011011001011
101000011011001101
101000011011001111
101000011011100001
101000011011100011
101000011011100101
101000011011100111
101000011011101101
101000011011101111
101000011100000001
101000011100000011
101000011100000101
101000011100000111
101000011100001001
101000011100001011
101000011100001101
101000011100001111
101000011100010001
101000011100010011
101000011100010101
101000011100010111
101000011100011001
101000011100011011
101000011100011101
101000011100011111
101000011100100001
101000011100100011
101000011100100101
101000011100100111
101000011100101101
101000011100101111
101000011100110001
101000011100110011
101000011100110101
101000011100110111
101000011100111101
101000011100111111
101000011101000001
101000011101000011
101000011101000101
101000011101000111
101000011101001001
101000011101001011
101000011101001101
101000011101001111
101000011101100001
101000011101100011
101000011101100101
101000011101100111
101000011101101101
101000011101101111
101000011110000001
101000011110000011
101000011110000101
101000011110000111
101000011110001001
101000011110001011
101000011110001101
101000011110001111
101000011110010001
101000011110010011
101000011110010101
101000011110010111
101000011110011001
101000011110011011
101000011110011101
101000011110011111
101000011110100001
101000011110100011
101000011110100101
101000011110100111
101000011110101101
101000011110101111
101000011110110001
101000011110110011
101000011110110101
101000011110110111
101000011110111101
101000011110111111
101000011111000001
101000011111000011
101000011111000101
101000011111000111
101000011111001001
101000011111001011
101000011111001101
101000011111001111
101000011111100001
101000011111100011
101000011111100101
101000011111100111
101000011111101101
101000011111101111
101000111000000001
101000111000000011
101000111000000101
101000111000000111
101000111000001001
101000111000001011
101000111000001101
101000111000001111
101000111000010001
101000111000010011
101000111000010101
101000111000010111
101000111000011001
101000111000011011
101000111000011101
101000111000011111
101000111000100001
101000111000100011
101000111000100101
101000111000100111
101000111000101101
101000111000101111
101000111000110001
101000111000110011
101000111000110101
101000111000110111
101000111000111101
101000111000111111
101000111001000001
101000111001000011
101000111001000101
101000111001000111
101000111001001001
101000111001001011
101000111001001101
101000111001001111
101000111001100001
101000111001100011
101000111001100101
101000111001100111
101000111001101101
101000111001101111
101000111011000001
101000111011000011
101000111011000101
101000111011000111
101000111011001001
101000111011001011
101000111011001101
101000111011001111
101000111011100001
101000111011100011
101000111011100101
101000111011100111
101000111011101101
101000111011101111
101000111100000001
101000111100000011
101000111100000101
101000111100000111
101000111100001001
101000111100001011
101000111100001101
101000111100001111
101000111100010001
101000111100010011
101000111100010101
101000111100010111
101000111100011001
101000111100011011
101000111100011101
101000111100011111
101000111100100001
101000111100100011
101000111100100101
101000111100100111
101000111100101101
101000111100101111
101000111100110001
101000111100110011
101000111100110101
101000111100110111
101000111100111101
101000111100111111
101000111101000001
101000111101000011
101000111101000101
101000111101000111
101000111101001001
101000111101001011
101000111101001101
101000111101001111
101000111101100001
101000111101100011
101000111101100101
101000111101100111
101000111101101101
101000111101101111
101000111110000001
101000111110000011
101000111110000101
101000111110000111
101000111110001001
101000111110001011
101000111110001101
101000111110001111
101000111110010001
101000111110010011
101000111110010101
101000111110010111
101000111110011001
101000111110011011
101000111110011101
101000111110011111
101000111110100001
101000111110100011
101000111110100101
101000111110100111
101000111110101101
101000111110101111
101000111110110001
101000111110110011
101000111110110101
101000111110110111
101000111110111101
101000111110111111
101000111111000001
101000111111000011
101000111111000101
101000111111000111
101000111111001001
101000111111001011
101000111111001101
101000111111001111
101000111111100001
101000111111100011
101000111111100101
101000111111100111
101000111111101101
101000111111101111
101001011000001001
101001011000001011
101001011000011001
101001011000011011
101001011001001001
101001011001001011
101001011011001001
101001011011001011
101001011100001001
101001011100001011
101001011100011001
101001011100011011
101001011101001001
101001011101001011
101001011110001001
101001011110001011
101001011110011001
101001011110011011
101001011111001001
101001011111001011
101001111000001001
101001111000001011
101001111000011001
101001111000011011
101001111001001001
101001111001001011
101001111011001001
101001111011001011
101001111100001001
101001111100001011
101001111100011001
101001111100011011
101001111101001001
101001111101001011
101001111110001001
101001111110001011
101001111110011001
101001111110011011
101001111111001001
101001111111001011
101010011000000001
101010011000000011
101010011000000101
101010011000000111
101010011000001001
101010011000001011
101010011000001101
101010011000001111
101010011000010001
101010011000010011
101010011000010101
101010011000010111
101010011000011001
101010011000011011
101010011000011101
101010011000011111
101010011000100001
101010011000100011
101010011000100101
101010011000100111
101010011000101101
101010011000101111
101010011000110001
101010011000110011
101010011000110101
101010011000110111
101010011000111101
101010011000111111
101010011001000001
101010011001000011
101010011001000101
101010011001000111
101010011001001001
101010011001001011
101010011001001101
101010011001001111
101010011001100001
101010011001100011
101010011001100101
101010011001100111
101010011001101101
101010011001101111
101010011011000001
101010011011000011
101010011011000101
101010011011000111
101010011011001001
101010011011001011
101010011011001101
101010011011001111
101010011011100001
101010011011100011
101010011011100101
101010011011100111
101010011011101101
101010011011101111
101010011100000001
101010011100000011
101010011100000101
101010011100000111
101010011100001001
101010011100001011
101010011100001101
101010011100001111
101010011100010001
101010011100010011
101010011100010101
101010011100010111
101010011100011001
101010011100011011
101010011100011101
101010011100011111
101010011100100001
101010011100100011
101010011100100101
101010011100100111
101010011100101101
101010011100101111
101010011100110001
101010011100110011
101010011100110101
101010011100110111
101010011100111101
101010011100111111
101010011101000001
101010011101000011
101010011101000101
101010011101000111
101010011101001001
101010011101001011
101010011101001101
101010011101001111
101010011101100001
101010011101100011
101010011101100101
101010011101100111
101010011101101101
101010011101101111
101010011110000001
101010011110000011
101010011110000101
101010011110000111
101010011110001001
101010011110001011
101010011110001101
101010011110001111
101010011110010001
101010011110010011
101010011110010101
101010011110010111
101010011110011001
101010011110011011
101010011110011101
101010011110011111
101010011110100001
101010011110100011
101010011110100101
101010011110100111
101010011110101101
101010011110101111
101010011110110001
101010011110110011
101010011110110101
101010011110110111
101010011110111101
101010011110111111
101010011111000001
101010011111000011
101010011111000101
101010011111000111
101010011111001001
101010011111001011
101010011111001101
101010011111001111
101010011111100001
101010011111100011
101010011111100101
101010011111100111
101010011111101101
101010011111101111
101010111000000001
101010111000000011
101010111000000101
101010111000000111
101010111000001001
101010111000001011
101010111000001101
101010111000001111
101010111000010001
101010111000010011
101010111000010101
101010111000010111
101010111000011001
101010111000011011
101010111000011101
101010111000011111
101010111000100001
101010111000100011
101010111000100101
101010111000100111
101010111000101101
101010111000101111
101010111000110001
101010111000110011
101010111000110101
101010111000110111
101010111000111101
101010111000111111
101010111001000001
101010111001000011
101010111001000101
101010111001000111
101010111001001001
101010111001001011
101010111001001101
101010111001001111
101010111001100001
101010111001100011
101010111001100101
101010111001100111
101010111001101101
101010111001101111
101010111011000001
101010111011000011
101010111011000101
101010111011000111
101010111011001001
101010111011001011
101010111011001101
101010111011001111
101010111011100001
101010111011100011
101010111011100101
101010111011100111
101010111011101101
101010111011101111
101010111100000001
101010111100000011
101010111100000101
101010111100000111
101010111100001001
101010111100001011
101010111100001101
101010111100001111
101010111100010001
101010111100010011
101010111100010101
101010111100010111
101010111100011001
101010111100011011
101010111100011101
101010111100011111
101010111100100001
101010111100100011
101010111100100101
101010111100100111
101010111100101101
101010111100101111
101010111100110001
101010111100110011
101010111100110101
101010111100110111
101010111100111101
101010111100111111
101010111101000001
101010111101000011
101010111101000101
101010111101000111
101010111101001001
101010111101001011
101010111101001101
101010111101001111
101010111101100001
101010111101100011
101010111101100101
101010111101100111
101010111101101101
101010111101101111
101010111110000001
101010111110000011
101010111110000101
101010111110000111
101010111110001001
101010111110001011
101010111110001101
101010111110001111
101010111110010001
101010111110010011
101010111110010101
101010111110010111
101010111110011001
101010111110011011
101010111110011101
101010111110011111
101010111110100001
101010111110100011
101010111110100101
101010111110100111
101010111110101101
101010111110101111
101010111110110001
101010111110110011
101010111110110101
101010111110110111
101010111110111101
101010111110111111
101010111111000001
101010111111000011
101010111111000101
101010111111000111
101010111111001001
101010111111001011
101010111111001101
101010111111001111
101010111111100001
101010111111100011
101010111111100101
101010111111100111
101010111111101101
101010111111101111
101011011000001001
101011011000001011
101011011000011001
101011011000011011
101011011001001001
101011011001001011
101011011011001001
101011011011001011
101011011100001001
101011011100001011
101011011100011001
101011011100011011
101011011101001001
101011011101001011
101011011110001001
101011011110001011
101011011110011001
101011011110011011
101011011111001001
101011011111001011
101011111000001001
101011111000001011
101011111000011001
101011111000011011
101011111001001001
101011111001001011
101011111011001001
101011111011001011
101011111100001001
101011111100001011
101011111100011001
101011111100011011
101011111101001001
101011111101001011
101011111110001001
101011111110001011
101011111110011001
101011111110011011
101011111111001001
101011111111001011
101100011000000001
101100011000000011
101100011000000101
101100011000000111
101100011000001001
101100011000001011
101100011000001101
101100011000001111
101100011000100001
101100011000100011
101100011000100101
101100011000100111
101100011000101101
101100011000101111
101100011001000001
101100011001000011
101100011001000101
101100011001000111
101100011001001001
101100011001001011
101100011001001101
101100011001001111
101100011001100001
101100011001100011
101100011001100101
101100011001100111
101100011001101101
101100011001101111
101100011011000001
101100011011000011
101100011011000101
101100011011000111
101100011011001001
101100011011001011
101100011011001101
101100011011001111
101100011011100001
101100011011100011
101100011011100101
101100011011100111
101100011011101101
101100011011101111
101100011100000001
101100011100000011
101100011100000101
101100011100000111
101100011100001001
101100011100001011
101100011100001101
101100011100001111
101100011100100001
101100011100100011
101100011100100101
101100011100100111
101100011100101101
101100011100101111
101100011101000001
101100011101000011
101100011101000101
101100011101000111
101100011101001001
101100011101001011
101100011101001101
101100011101001111
101100011101100001
101100011101100011
101100011101100101
101100011101100111
101100011101101101
101100011101101111
101100011110000001
101100011110000011
101100011110000101
101100011110000111
101100011110001001
101100011110001011
101100011110001101
101100011110001111
101100011110100001
101100011110100011
101100011110100101
101100011110100111
101100011110101101
101100011110101111
101100011111000001
101100011111000011
101100011111000101
101100011111000111
101100011111001001
101100011111001011
101100011111001101
101100011111001111
101100011111100001
101100011111100011
101100011111100101
101100011111100111
101100011111101101
101100011111101111
101100111000000001
101100111000000011
101100111000000101
101100111000000111
101100111000001001
101100111000001011
101100111000001101
101100111000001111
101100111000100001
101100111000100011
101100111000100101
101100111000100111
101100111000101101
101100111000101111
101100111001000001
101100111001000011
101100111001000101
101100111001000111
101100111001001001
101100111001001011
101100111001001101
101100111001001111
101100111001100001
101100111001100011
101100111001100101
101100111001100111
101100111001101101
101100111001101111
101100111011000001
101100111011000011
101100111011000101
101100111011000111
101100111011001001
101100111011001011
101100111011001101
101100111011001111
101100111011100001
101100111011100011
101100111011100101
101100111011100111
101100111011101101
101100111011101111
101100111100000001
101100111100000011
101100111100000101
101100111100000111
101100111100001001
101100111100001011
101100111100001101
101100111100001111
101100111100100001
101100111100100011
101100111100100101
101100111100100111
101100111100101101
101100111100101111
101100111101000001
101100111101000011
101100111101000101
101100111101000111
101100111101001001
101100111101001011
101100111101001101
101100111101001111
101100111101100001
101100111101100011
101100111101100101
101100111101100111
101100111101101101
101100111101101111
101100111110000001
101100111110000011
101100111110000101
101100111110000111
101100111110001001
101100111110001011
101100111110001101
101100111110001111
101100111110100001
101100111110100011
101100111110100101
101100111110100111
101100111110101101
101100111110101111
101100111111000001
101100111111000011
101100111111000101
101100111111000111
101100111111001001
101100111111001011
101100111111001101
101100111111001111
101100111111100001
101100111111100011
101100111111100101
101100111111100111
101100111111101101
101100111111101111
101101011000001001
101101011000001011
101101011001001001
101101011001001011
101101011011001001
101101011011001011
101101011100001001
101101011100001011
101101011101001001
101101011101001011
101101011110001001
101101011110001011
101101011111001001
101101011111001011
101101111000001001
101101111000001011
101101111001001001
101101111001001011
101101111011001001
101101111011001011
101101111100001001
101101111100001011
101101111101001001
101101111101001011
101101111110001001
101101111110001011
101101111111001001
101101111111001011
101110011000000001
101110011000000011
101110011000000101
101110011000000111
101110011000001001
101110011000001011
101110011000001101
101110011000001111
101110011000100001
101110011000100011
101110011000100101
101110011000100111
101110011000101101
101110011000101111
101110011001000001
101110011001000011
101110011001000101
101110011001000111
101110011001001001
101110011001001011
101110011001001101
101110011001001111
101110011001100001
101110011001100011
101110011001100101
101110011001100111
101110011001101101
101110011001101111
101110011011000001
101110011011000011
101110011011000101
101110011011000111
101110011011001001
101110011011001011
101110011011001101
101110011011001111
101110011011100001
101110011011100011
101110011011100101
101110011011100111
101110011011101101
101110011011101111
101110011100000001
101110011100000011
101110011100000101
101110011100000111
101110011100001001
101110011100001011
101110011100001101
101110011100001111
101110011100100001
101110011100100011
101110011100100101
101110011100100111
101110011100101101
101110011100101111
101110011101000001
101110011101000011
101110011101000101
101110011101000111
101110011101001001
101110011101001011
101110011101001101
101110011101001111
101110011101100001
101110011101100011
101110011101100101
101110011101100111
101110011101101101
101110011101101111
101110011110000001
101110011110000011
101110011110000101
101110011110000111
101110011110001001
101110011110001011
101110011110001101
101110011110001111
101110011110100001
101110011110100011
101110011110100101
101110011110100111
101110011110101101
101110011110101111
101110011111000001
101110011111000011
101110011111000101
101110011111000111
101110011111001001
101110011111001011
101110011111001101
101110011111001111
101110011111100001
101110011111100011
101110011111100101
101110011111100111
101110011111101101
101110011111101111
101110111000000001
101110111000000011
101110111000000101
101110111000000111
101110111000001001
101110111000001011
101110111000001101
101110111000001111
101110111000100001
101110111000100011
101110111000100101
101110111000100111
101110111000101101
101110111000101111
101110111001000001
101110111001000011
101110111001000101
101110111001000111
101110111001001001
101110111001001011
101110111001001101
101110111001001111
101110111001100001
101110111001100011
101110111001100101
101110111001100111
101110111001101101
101110111001101111
101110111011000001
101110111011000011
101110111011000101
101110111011000111
101110111011001001
101110111011001011
101110111011001101
101110111011001111
101110111011100001
101110111011100011
101110111011100101
101110111011100111
101110111011101101
101110111011101111
101110111100000001
101110111100000011
101110111100000101
101110111100000111
101110111100001001
101110111100001011
101110111100001101
101110111100001111
101110111100100001
101110111100100011
101110111100100101
101110111100100111
101110111100101101
101110111100101111
101110111101000001
101110111101000011
101110111101000101
101110111101000111
101110111101001001
101110111101001011
101110111101001101
101110111101001111
101110111101100001
101110111101100011
101110111101100101
101110111101100111
101110111101101101
101110111101101111
101110111110000001
101110111110000011
101110111110000101
101110111110000111
101110111110001001
101110111110001011
101110111110001101
101110111110001111
101110111110100001
101110111110100011
101110111110100101
101110111110100111
101110111110101101
101110111110101111
101110111111000001
101110111111000011
101110111111000101
101110111111000111
101110111111001001
101110111111001011
101110111111001101
101110111111001111
101110111111100001
101110111111100011
101110111111100101
101110111111100111
101110111111101101
101110111111101111
101111011000001001
101111011000001011
101111011001001001
101111011001001011
101111011011001001
101111011011001011
101111011100001001
101111011100001011
101111011101001001
101111011101001011
101111011110001001
101111011110001011
101111011111001001
101111011111001011
101111111000001001
101111111000001011
101111111001001001
101111111001001011
101111111011001001
101111111011001011
101111111100001001
101111111100001011
101111111101001001
101111111101001011
101111111110001001
101111111110001011
101111111111001001
101111111111001011
