10001110000101000
10001110000101010
10001110000111000
10001110000111010
10001110001101000
10001110001101010
10001110011101000
10001110011101010
10001110100101000
10001110100101010
10001110100111000
10001110100111010
10001110101101000
10001110101101010
10001110110101000
10001110110101010
10001110110111000
10001110110111010
10001110111101000
10001110111101010
10001111000101000
10001111000101010
10001111000111000
10001111000111010
10001111001101000
10001111001101010
10001111011101000
10001111011101010
10001111100101000
10001111100101010
10001111100111000
10001111100111010
10001111101101000
10001111101101010
10001111110101000
10001111110101010
10001111110111000
10001111110111010
10001111111101000
10001111111101010
10011110000101000
10011110000101010
10011110000111000
10011110000111010
10011110001101000
10011110001101010
10011110011101000
10011110011101010
10011110100101000
10011110100101010
10011110100111000
10011110100111010
10011110101101000
10011110101101010
10011110110101000
10011110110101010
10011110110111000
10011110110111010
10011110111101000
10011110111101010
10011111000101000
10011111000101010
10011111000111000
10011111000111010
10011111001101000
10011111001101010
10011111011101000
10011111011101010
10011111100101000
10011111100101010
10011111100111000
10011111100111010
10011111101101000
10011111101101010
10011111110101000
10011111110101010
10011111110111000
10011111110111010
10011111111101000
10011111111101010
10101110000101000
10101110000101010
10101110001101000
10101110001101010
10101110011101000
10101110011101010
10101110100101000
10101110100101010
10101110101101000
10101110101101010
10101110110101000
10101110110101010
10101110111101000
10101110111101010
10101111000101000
10101111000101010
10101111001101000
10101111001101010
10101111100101000
10101111100101010
10101111101101000
10101111101101010
10101111110101000
10101111110101010
10101111111101000
10101111111101010
10111110000101000
10111110000101010
10111110001101000
10111110001101010
10111110011101000
10111110011101010
10111110100101000
10111110100101010
10111110101101000
10111110101101010
10111110110101000
10111110110101010
10111110111101000
10111110111101010
10111111000101000
10111111000101010
10111111001101000
10111111001101010
10111111100101000
10111111100101010
10111111101101000
10111111101101010
10111111110101000
10111111110101010
10111111111101000
10111111111101010
11001110000101000
11001110000101010
11001110000111000
11001110000111010
11001110001101000
11001110001101010
11001110011101000
11001110011101010
11001110100101000
11001110100101010
11001110100111000
11001110100111010
11001110101101000
11001110101101010
11001110110101000
11001110110101010
11001110110111000
11001110110111010
11001110111101000
11001110111101010
11001111000101000
11001111000101010
11001111000111000
11001111000111010
11001111001101000
11001111001101010
11001111011101000
11001111011101010
11001111100101000
11001111100101010
11001111100111000
11001111100111010
11001111101101000
11001111101101010
11001111110101000
11001111110101010
11001111110111000
11001111110111010
11001111111101000
11001111111101010
11011110000101000
11011110000101010
11011110000111000
11011110000111010
11011110001101000
11011110001101010
11011110011101000
11011110011101010
11011110100101000
11011110100101010
11011110100111000
11011110100111010
11011110101101000
11011110101101010
11011110110101000
11011110110101010
11011110110111000
11011110110111010
11011110111101000
11011110111101010
11011111000101000
11011111000101010
11011111000111000
11011111000111010
11011111001101000
11011111001101010
11011111011101000
11011111011101010
11011111100101000
11011111100101010
11011111100111000
11011111100111010
11011111101101000
11011111101101010
11011111110101000
11011111110101010
11011111110111000
11011111110111010
11011111111101000
11011111111101010
11101110000101000
11101110000101010
11101110001101000
11101110001101010
11101110011101000
11101110011101010
11101110100101000
11101110100101010
11101110101101000
11101110101101010
11101110110101000
11101110110101010
11101110111101000
11101110111101010
11101111000101000
11101111000101010
11101111001101000
11101111001101010
11101111100101000
11101111100101010
11101111101101000
11101111101101010
11101111110101000
11101111110101010
11101111111101000
11101111111101010
11111110000101000
11111110000101010
11111110001101000
11111110001101010
11111110011101000
11111110011101010
11111110100101000
11111110100101010
11111110101101000
11111110101101010
11111110110101000
11111110110101010
11111110111101000
11111110111101010
11111111000101000
11111111000101010
11111111001101000
11111111001101010
11111111100101000
11111111100101010
11111111101101000
11111111101101010
11111111110101000
11111111110101010
11111111111101000
11111111111101010
