10001100000101000
10001100000101010
10001100000111000
10001100000111010
10001100001101000
10001100001101010
10001100010101000
10001100010101010
10001100010111000
10001100010111010
10001100011101000
10001100011101010
10001100100101000
10001100100101010
10001100100111000
10001100100111010
10001100101101000
10001100101101010
10001100110101000
10001100110101010
10001100110111000
10001100110111010
10001100111101000
10001100111101010
10001101000101000
10001101000101010
10001101000111000
10001101000111010
10001101001101000
10001101001101010
10001101010101000
10001101010101010
10001101010111000
10001101010111010
10001101011101000
10001101011101010
10001101100101000
10001101100101010
10001101100111000
10001101100111010
10001101101101000
10001101101101010
10001101110101000
10001101110101010
10001101110111000
10001101110111010
10001101111101000
10001101111101010
10001110010101000
10001110010101010
10001110010111000
10001110010111010
10001111010101000
10001111010101010
10001111010111000
10001111010111010
10011100000101000
10011100000101010
10011100000111000
10011100000111010
10011100001101000
10011100001101010
10011100010101000
10011100010101010
10011100010111000
10011100010111010
10011100011101000
10011100011101010
10011100100101000
10011100100101010
10011100100111000
10011100100111010
10011100101101000
10011100101101010
10011100110101000
10011100110101010
10011100110111000
10011100110111010
10011100111101000
10011100111101010
10011101000101000
10011101000101010
10011101000111000
10011101000111010
10011101001101000
10011101001101010
10011101010101000
10011101010101010
10011101010111000
10011101010111010
10011101011101000
10011101011101010
10011101100101000
10011101100101010
10011101100111000
10011101100111010
10011101101101000
10011101101101010
10011101110101000
10011101110101010
10011101110111000
10011101110111010
10011101111101000
10011101111101010
10011110010101000
10011110010101010
10011110010111000
10011110010111010
10011111010101000
10011111010101010
10011111010111000
10011111010111010
10101100000101000
10101100000101010
10101100001101000
10101100001101010
10101100010101000
10101100010101010
10101100010111000
10101100010111010
10101100011101000
10101100011101010
10101100100101000
10101100100101010
10101100101101000
10101100101101010
10101100110101000
10101100110101010
10101100111101000
10101100111101010
10101101000101000
10101101000101010
10101101001101000
10101101001101010
10101101010101000
10101101010101010
10101101010111000
10101101010111010
10101101100101000
10101101100101010
10101101101101000
10101101101101010
10101101110101000
10101101110101010
10101101111101000
10101101111101010
10101110010101000
10101110010101010
10101110010111000
10101110010111010
10101111010101000
10101111010101010
10101111010111000
10101111010111010
10111100000101000
10111100000101010
10111100001101000
10111100001101010
10111100010101000
10111100010101010
10111100010111000
10111100010111010
10111100011101000
10111100011101010
10111100100101000
10111100100101010
10111100101101000
10111100101101010
10111100110101000
10111100110101010
10111100111101000
10111100111101010
10111101000101000
10111101000101010
10111101001101000
10111101001101010
10111101010101000
10111101010101010
10111101010111000
10111101010111010
10111101100101000
10111101100101010
10111101101101000
10111101101101010
10111101110101000
10111101110101010
10111101111101000
10111101111101010
10111110010101000
10111110010101010
10111110010111000
10111110010111010
10111111010101000
10111111010101010
10111111010111000
10111111010111010
11001100000101000
11001100000101010
11001100000111000
11001100000111010
11001100001101000
11001100001101010
11001100010101000
11001100010101010
11001100010111000
11001100010111010
11001100011101000
11001100011101010
11001100100101000
11001100100101010
11001100100111000
11001100100111010
11001100101101000
11001100101101010
11001100110101000
11001100110101010
11001100110111000
11001100110111010
11001100111101000
11001100111101010
11001101000101000
11001101000101010
11001101000111000
11001101000111010
11001101001101000
11001101001101010
11001101010101000
11001101010101010
11001101010111000
11001101010111010
11001101011101000
11001101011101010
11001101100101000
11001101100101010
11001101100111000
11001101100111010
11001101101101000
11001101101101010
11001101110101000
11001101110101010
11001101110111000
11001101110111010
11001101111101000
11001101111101010
11001110010101000
11001110010101010
11001110010111000
11001110010111010
11001111010101000
11001111010101010
11001111010111000
11001111010111010
11011100000101000
11011100000101010
11011100000111000
11011100000111010
11011100001101000
11011100001101010
11011100010101000
11011100010101010
11011100010111000
11011100010111010
11011100011101000
11011100011101010
11011100100101000
11011100100101010
11011100100111000
11011100100111010
11011100101101000
11011100101101010
11011100110101000
11011100110101010
11011100110111000
11011100110111010
11011100111101000
11011100111101010
11011101000101000
11011101000101010
11011101000111000
11011101000111010
11011101001101000
11011101001101010
11011101010101000
11011101010101010
11011101010111000
11011101010111010
11011101011101000
11011101011101010
11011101100101000
11011101100101010
11011101100111000
11011101100111010
11011101101101000
11011101101101010
11011101110101000
11011101110101010
11011101110111000
11011101110111010
11011101111101000
11011101111101010
11011110010101000
11011110010101010
11011110010111000
11011110010111010
11011111010101000
11011111010101010
11011111010111000
11011111010111010
11101100000101000
11101100000101010
11101100001101000
11101100001101010
11101100010101000
11101100010101010
11101100010111000
11101100010111010
11101100011101000
11101100011101010
11101100100101000
11101100100101010
11101100101101000
11101100101101010
11101100110101000
11101100110101010
11101100111101000
11101100111101010
11101101000101000
11101101000101010
11101101001101000
11101101001101010
11101101010101000
11101101010101010
11101101010111000
11101101010111010
11101101100101000
11101101100101010
11101101101101000
11101101101101010
11101101110101000
11101101110101010
11101101111101000
11101101111101010
11101110010101000
11101110010101010
11101110010111000
11101110010111010
11101111010101000
11101111010101010
11101111010111000
11101111010111010
11111100000101000
11111100000101010
11111100001101000
11111100001101010
11111100010101000
11111100010101010
11111100010111000
11111100010111010
11111100011101000
11111100011101010
11111100100101000
11111100100101010
11111100101101000
11111100101101010
11111100110101000
11111100110101010
11111100111101000
11111100111101010
11111101000101000
11111101000101010
11111101001101000
11111101001101010
11111101010101000
11111101010101010
11111101010111000
11111101010111010
11111101100101000
11111101100101010
11111101101101000
11111101101101010
11111101110101000
11111101110101010
11111101111101000
11111101111101010
11111110010101000
11111110010101010
11111110010111000
11111110010111010
11111111010101000
11111111010101010
11111111010111000
11111111010111010
