0001100001111000
0001100001111010
0001100011111000
0001100011111010
0001100101111000
0001100101111010
0001100111111000
0001100111111010
0001101001111000
0001101001111010
0001101011111000
0001101011111010
0001101101111000
0001101101111010
0001101111111000
0001101111111010
0011100001111000
0011100001111010
0011100011111000
0011100011111010
0011100101111000
0011100101111010
0011100111111000
0011100111111010
0011101001111000
0011101001111010
0011101011111000
0011101011111010
0011101101111000
0011101101111010
0011101111111000
0011101111111010
0101100000111000
0101100000111010
0101100001111000
0101100001111010
0101100011111000
0101100011111010
0101100100111000
0101100100111010
0101100101111000
0101100101111010
0101100110111000
0101100110111010
0101100111111000
0101100111111010
0101101000111000
0101101000111010
0101101001111000
0101101001111010
0101101100111000
0101101100111010
0101101101111000
0101101101111010
0101101110111000
0101101110111010
0101101111111000
0101101111111010
0111100000111000
0111100000111010
0111100001111000
0111100001111010
0111100011111000
0111100011111010
0111100100111000
0111100100111010
0111100101111000
0111100101111010
0111100110111000
0111100110111010
0111100111111000
0111100111111010
0111101000111000
0111101000111010
0111101001111000
0111101001111010
0111101100111000
0111101100111010
0111101101111000
0111101101111010
0111101110111000
0111101110111010
0111101111111000
0111101111111010
1001100001111000
1001100001111010
1001100011111000
1001100011111010
1001100101111000
1001100101111010
1001100111111000
1001100111111010
1001101001111000
1001101001111010
1001101011111000
1001101011111010
1001101101111000
1001101101111010
1001101111111000
1001101111111010
1011100001111000
1011100001111010
1011100011111000
1011100011111010
1011100101111000
1011100101111010
1011100111111000
1011100111111010
1011101001111000
1011101001111010
1011101011111000
1011101011111010
1011101101111000
1011101101111010
1011101111111000
1011101111111010
1101100000111000
1101100000111010
1101100001111000
1101100001111010
1101100011111000
1101100011111010
1101100100111000
1101100100111010
1101100101111000
1101100101111010
1101100110111000
1101100110111010
1101100111111000
1101100111111010
1101101000111000
1101101000111010
1101101001111000
1101101001111010
1101101100111000
1101101100111010
1101101101111000
1101101101111010
1101101110111000
1101101110111010
1101101111111000
1101101111111010
1111100000111000
1111100000111010
1111100001111000
1111100001111010
1111100011111000
1111100011111010
1111100100111000
1111100100111010
1111100101111000
1111100101111010
1111100110111000
1111100110111010
1111100111111000
1111100111111010
1111101000111000
1111101000111010
1111101001111000
1111101001111010
1111101100111000
1111101100111010
1111101101111000
1111101101111010
1111101110111000
1111101110111010
1111101111111000
1111101111111010
