10001000001010000
10001000001010001
10001000001010010
10001000001010011
10001000001010100
10001000001010101
10001000001010110
10001000001010111
10001000001011000
10001000001011010
10001000001011101
10001000001011111
10001000001110000
10001000001110010
10001000001110100
10001000001110101
10001000001110110
10001000001110111
10001000001111000
10001000001111010
10001000001111101
10001000001111111
10001000011010000
10001000011010001
10001000011010010
10001000011010011
10001000011010100
10001000011010101
10001000011010110
10001000011010111
10001000011011000
10001000011011010
10001000011011101
10001000011011111
10001000011110000
10001000011110010
10001000011110100
10001000011110101
10001000011110110
10001000011110111
10001000011111000
10001000011111010
10001000011111101
10001000011111111
10001000101010000
10001000101010001
10001000101010010
10001000101010011
10001000101010100
10001000101010101
10001000101010110
10001000101010111
10001000101011000
10001000101011010
10001000101011101
10001000101011111
10001000101110000
10001000101110010
10001000101110100
10001000101110101
10001000101110110
10001000101110111
10001000101111000
10001000101111010
10001000101111101
10001000101111111
10001000111010000
10001000111010001
10001000111010010
10001000111010011
10001000111010100
10001000111010101
10001000111010110
10001000111010111
10001000111011000
10001000111011010
10001000111011101
10001000111011111
10001000111110000
10001000111110010
10001000111110100
10001000111110101
10001000111110110
10001000111110111
10001000111111000
10001000111111010
10001000111111101
10001000111111111
10001001001010000
10001001001010010
10001001001010100
10001001001010110
10001001001011000
10001001001011010
10001001001110000
10001001001110010
10001001001110100
10001001001110110
10001001001111000
10001001001111010
10001001011010000
10001001011010010
10001001011010100
10001001011010110
10001001011011000
10001001011011010
10001001011110000
10001001011110010
10001001011110100
10001001011110110
10001001011111000
10001001011111010
10001001101010000
10001001101010010
10001001101010100
10001001101010110
10001001101011000
10001001101011010
10001001101110000
10001001101110010
10001001101110100
10001001101110110
10001001101111000
10001001101111010
10001001111010000
10001001111010010
10001001111010100
10001001111010110
10001001111011000
10001001111011010
10001001111110000
10001001111110010
10001001111110100
10001001111110110
10001001111111000
10001001111111010
10001010001110100
10001010001110110
10001010011110100
10001010011110110
10001010101110100
10001010101110110
10001010111110100
10001010111110110
10001011001110100
10001011001110110
10001011011110100
10001011011110110
10001011101110100
10001011101110110
10001011111110100
10001011111110110
10001100001010000
10001100001010001
10001100001010010
10001100001010011
10001100001010100
10001100001010101
10001100001010110
10001100001010111
10001100001011000
10001100001011010
10001100001011101
10001100001011111
10001100001110000
10001100001110010
10001100001110100
10001100001110101
10001100001110110
10001100001110111
10001100001111101
10001100001111111
10001100011010000
10001100011010001
10001100011010010
10001100011010011
10001100011010100
10001100011010101
10001100011010110
10001100011010111
10001100011011000
10001100011011010
10001100011011101
10001100011011111
10001100011110000
10001100011110010
10001100011110100
10001100011110101
10001100011110110
10001100011110111
10001100011111101
10001100011111111
10001100101010000
10001100101010001
10001100101010010
10001100101010011
10001100101010100
10001100101010101
10001100101010110
10001100101010111
10001100101011000
10001100101011010
10001100101011101
10001100101011111
10001100101110000
10001100101110010
10001100101110100
10001100101110101
10001100101110110
10001100101110111
10001100101111101
10001100101111111
10001100111010000
10001100111010001
10001100111010010
10001100111010011
10001100111010100
10001100111010101
10001100111010110
10001100111010111
10001100111011000
10001100111011010
10001100111011101
10001100111011111
10001100111110000
10001100111110010
10001100111110100
10001100111110101
10001100111110110
10001100111110111
10001100111111101
10001100111111111
10001101001010000
10001101001010010
10001101001010100
10001101001010110
10001101001011000
10001101001011010
10001101001110000
10001101001110010
10001101001110100
10001101001110110
10001101011010000
10001101011010010
10001101011010100
10001101011010110
10001101011011000
10001101011011010
10001101011110000
10001101011110010
10001101011110100
10001101011110110
10001101101010000
10001101101010010
10001101101010100
10001101101010110
10001101101011000
10001101101011010
10001101101110000
10001101101110010
10001101101110100
10001101101110110
10001101111010000
10001101111010010
10001101111010100
10001101111010110
10001101111011000
10001101111011010
10001101111110000
10001101111110010
10001101111110100
10001101111110110
10001110001110100
10001110001110110
10001110011110100
10001110011110110
10001110101110100
10001110101110110
10001110111110100
10001110111110110
10001111001110100
10001111001110110
10001111011110100
10001111011110110
10001111101110100
10001111101110110
10001111111110100
10001111111110110
10011000001010000
10011000001010001
10011000001010010
10011000001010011
10011000001010100
10011000001010101
10011000001010110
10011000001010111
10011000001011000
10011000001011010
10011000001011101
10011000001011111
10011000001110000
10011000001110010
10011000001110100
10011000001110101
10011000001110110
10011000001110111
10011000001111000
10011000001111010
10011000001111101
10011000001111111
10011000011010000
10011000011010001
10011000011010010
10011000011010011
10011000011010100
10011000011010101
10011000011010110
10011000011010111
10011000011011000
10011000011011010
10011000011011101
10011000011011111
10011000011110000
10011000011110010
10011000011110100
10011000011110101
10011000011110110
10011000011110111
10011000011111000
10011000011111010
10011000011111101
10011000011111111
10011000101010000
10011000101010001
10011000101010010
10011000101010011
10011000101010100
10011000101010101
10011000101010110
10011000101010111
10011000101011000
10011000101011010
10011000101011101
10011000101011111
10011000101110000
10011000101110010
10011000101110100
10011000101110101
10011000101110110
10011000101110111
10011000101111000
10011000101111010
10011000101111101
10011000101111111
10011000111010000
10011000111010001
10011000111010010
10011000111010011
10011000111010100
10011000111010101
10011000111010110
10011000111010111
10011000111011000
10011000111011010
10011000111011101
10011000111011111
10011000111110000
10011000111110010
10011000111110100
10011000111110101
10011000111110110
10011000111110111
10011000111111000
10011000111111010
10011000111111101
10011000111111111
10011001001010000
10011001001010010
10011001001010100
10011001001010110
10011001001011000
10011001001011010
10011001001110000
10011001001110010
10011001001110100
10011001001110110
10011001001111000
10011001001111010
10011001011010000
10011001011010010
10011001011010100
10011001011010110
10011001011011000
10011001011011010
10011001011110000
10011001011110010
10011001011110100
10011001011110110
10011001011111000
10011001011111010
10011001101010000
10011001101010010
10011001101010100
10011001101010110
10011001101011000
10011001101011010
10011001101110000
10011001101110010
10011001101110100
10011001101110110
10011001101111000
10011001101111010
10011001111010000
10011001111010010
10011001111010100
10011001111010110
10011001111011000
10011001111011010
10011001111110000
10011001111110010
10011001111110100
10011001111110110
10011001111111000
10011001111111010
10011010001110100
10011010001110110
10011010011110100
10011010011110110
10011010101110100
10011010101110110
10011010111110100
10011010111110110
10011011001110100
10011011001110110
10011011011110100
10011011011110110
10011011101110100
10011011101110110
10011011111110100
10011011111110110
10011100001010000
10011100001010001
10011100001010010
10011100001010011
10011100001010100
10011100001010101
10011100001010110
10011100001010111
10011100001011000
10011100001011010
10011100001011101
10011100001011111
10011100001110000
10011100001110010
10011100001110100
10011100001110101
10011100001110110
10011100001110111
10011100001111101
10011100001111111
10011100011010000
10011100011010001
10011100011010010
10011100011010011
10011100011010100
10011100011010101
10011100011010110
10011100011010111
10011100011011000
10011100011011010
10011100011011101
10011100011011111
10011100011110000
10011100011110010
10011100011110100
10011100011110101
10011100011110110
10011100011110111
10011100011111101
10011100011111111
10011100101010000
10011100101010001
10011100101010010
10011100101010011
10011100101010100
10011100101010101
10011100101010110
10011100101010111
10011100101011000
10011100101011010
10011100101011101
10011100101011111
10011100101110000
10011100101110010
10011100101110100
10011100101110101
10011100101110110
10011100101110111
10011100101111101
10011100101111111
10011100111010000
10011100111010001
10011100111010010
10011100111010011
10011100111010100
10011100111010101
10011100111010110
10011100111010111
10011100111011000
10011100111011010
10011100111011101
10011100111011111
10011100111110000
10011100111110010
10011100111110100
10011100111110101
10011100111110110
10011100111110111
10011100111111101
10011100111111111
10011101001010000
10011101001010010
10011101001010100
10011101001010110
10011101001011000
10011101001011010
10011101001110000
10011101001110010
10011101001110100
10011101001110110
10011101011010000
10011101011010010
10011101011010100
10011101011010110
10011101011011000
10011101011011010
10011101011110000
10011101011110010
10011101011110100
10011101011110110
10011101101010000
10011101101010010
10011101101010100
10011101101010110
10011101101011000
10011101101011010
10011101101110000
10011101101110010
10011101101110100
10011101101110110
10011101111010000
10011101111010010
10011101111010100
10011101111010110
10011101111011000
10011101111011010
10011101111110000
10011101111110010
10011101111110100
10011101111110110
10011110001110100
10011110001110110
10011110011110100
10011110011110110
10011110101110100
10011110101110110
10011110111110100
10011110111110110
10011111001110100
10011111001110110
10011111011110100
10011111011110110
10011111101110100
10011111101110110
10011111111110100
10011111111110110
10101000000010000
10101000000010001
10101000000010010
10101000000010011
10101000000010100
10101000000010101
10101000000010110
10101000000010111
10101000000011000
10101000000011010
10101000000011101
10101000000011111
10101000000110000
10101000000110010
10101000000110100
10101000000110101
10101000000110110
10101000000110111
10101000000111000
10101000000111010
10101000000111101
10101000000111111
10101000001010000
10101000001010001
10101000001010010
10101000001010011
10101000001010100
10101000001010101
10101000001010110
10101000001010111
10101000001011000
10101000001011010
10101000001011101
10101000001011111
10101000001110000
10101000001110010
10101000001110100
10101000001110101
10101000001110110
10101000001110111
10101000001111000
10101000001111010
10101000001111101
10101000001111111
10101000011010000
10101000011010001
10101000011010010
10101000011010011
10101000011010100
10101000011010101
10101000011010110
10101000011010111
10101000011011000
10101000011011010
10101000011011101
10101000011011111
10101000011110000
10101000011110010
10101000011110100
10101000011110101
10101000011110110
10101000011110111
10101000011111000
10101000011111010
10101000011111101
10101000011111111
10101000100010000
10101000100010001
10101000100010010
10101000100010011
10101000100010100
10101000100010101
10101000100010110
10101000100010111
10101000100011000
10101000100011010
10101000100011101
10101000100011111
10101000100110000
10101000100110010
10101000100110100
10101000100110101
10101000100110110
10101000100110111
10101000100111000
10101000100111010
10101000100111101
10101000100111111
10101000101010000
10101000101010001
10101000101010010
10101000101010011
10101000101010100
10101000101010101
10101000101010110
10101000101010111
10101000101011000
10101000101011010
10101000101011101
10101000101011111
10101000101110000
10101000101110010
10101000101110100
10101000101110101
10101000101110110
10101000101110111
10101000101111000
10101000101111010
10101000101111101
10101000101111111
10101000110010000
10101000110010001
10101000110010010
10101000110010011
10101000110010100
10101000110010101
10101000110010110
10101000110010111
10101000110011000
10101000110011010
10101000110011101
10101000110011111
10101000110110000
10101000110110010
10101000110110100
10101000110110101
10101000110110110
10101000110110111
10101000110111000
10101000110111010
10101000110111101
10101000110111111
10101000111010000
10101000111010001
10101000111010010
10101000111010011
10101000111010100
10101000111010101
10101000111010110
10101000111010111
10101000111011000
10101000111011010
10101000111011101
10101000111011111
10101000111110000
10101000111110010
10101000111110100
10101000111110101
10101000111110110
10101000111110111
10101000111111000
10101000111111010
10101000111111101
10101000111111111
10101001000010000
10101001000010010
10101001000010100
10101001000010110
10101001000011000
10101001000011010
10101001000110000
10101001000110010
10101001000110100
10101001000110110
10101001000111000
10101001000111010
10101001001010000
10101001001010010
10101001001010100
10101001001010110
10101001001011000
10101001001011010
10101001001110000
10101001001110010
10101001001110100
10101001001110110
10101001001111000
10101001001111010
10101001011010000
10101001011110000
10101001100010000
10101001100010010
10101001100010100
10101001100010110
10101001100011000
10101001100011010
10101001100110000
10101001100110010
10101001100110100
10101001100110110
10101001100111000
10101001100111010
10101001101010000
10101001101010010
10101001101010100
10101001101010110
10101001101011000
10101001101011010
10101001101110000
10101001101110010
10101001101110100
10101001101110110
10101001101111000
10101001101111010
10101001110010000
10101001110010010
10101001110010100
10101001110010110
10101001110011000
10101001110011010
10101001110110000
10101001110110010
10101001110110100
10101001110110110
10101001110111000
10101001110111010
10101001111010000
10101001111010010
10101001111010100
10101001111010110
10101001111011000
10101001111011010
10101001111110000
10101001111110010
10101001111110100
10101001111110110
10101001111111000
10101001111111010
10101010000110100
10101010000110110
10101010001110100
10101010001110110
10101010011110100
10101010011110110
10101010100110100
10101010100110110
10101010101110100
10101010101110110
10101010110110100
10101010110110110
10101010111110100
10101010111110110
10101011000110100
10101011000110110
10101011001110100
10101011001110110
10101011100110100
10101011100110110
10101011101110100
10101011101110110
10101011110110100
10101011110110110
10101011111110100
10101011111110110
10101100000010000
10101100000010001
10101100000010010
10101100000010011
10101100000010100
10101100000010101
10101100000010110
10101100000010111
10101100000011000
10101100000011010
10101100000011101
10101100000011111
10101100000110000
10101100000110010
10101100000110100
10101100000110101
10101100000110110
10101100000110111
10101100000111101
10101100000111111
10101100001010000
10101100001010001
10101100001010010
10101100001010011
10101100001010100
10101100001010101
10101100001010110
10101100001010111
10101100001011000
10101100001011010
10101100001011101
10101100001011111
10101100001110000
10101100001110010
10101100001110100
10101100001110101
10101100001110110
10101100001110111
10101100001111101
10101100001111111
10101100011010000
10101100011010001
10101100011010010
10101100011010011
10101100011010100
10101100011010101
10101100011010110
10101100011010111
10101100011011000
10101100011011010
10101100011011101
10101100011011111
10101100011110000
10101100011110010
10101100011110100
10101100011110101
10101100011110110
10101100011110111
10101100011111101
10101100011111111
10101100100010000
10101100100010001
10101100100010010
10101100100010011
10101100100010100
10101100100010101
10101100100010110
10101100100010111
10101100100011000
10101100100011010
10101100100011101
10101100100011111
10101100100110000
10101100100110010
10101100100110100
10101100100110101
10101100100110110
10101100100110111
10101100100111101
10101100100111111
10101100101010000
10101100101010001
10101100101010010
10101100101010011
10101100101010100
10101100101010101
10101100101010110
10101100101010111
10101100101011000
10101100101011010
10101100101011101
10101100101011111
10101100101110000
10101100101110010
10101100101110100
10101100101110101
10101100101110110
10101100101110111
10101100101111101
10101100101111111
10101100110010000
10101100110010001
10101100110010010
10101100110010011
10101100110010100
10101100110010101
10101100110010110
10101100110010111
10101100110011000
10101100110011010
10101100110011101
10101100110011111
10101100110110000
10101100110110010
10101100110110100
10101100110110101
10101100110110110
10101100110110111
10101100110111101
10101100110111111
10101100111010000
10101100111010001
10101100111010010
10101100111010011
10101100111010100
10101100111010101
10101100111010110
10101100111010111
10101100111011000
10101100111011010
10101100111011101
10101100111011111
10101100111110000
10101100111110010
10101100111110100
10101100111110101
10101100111110110
10101100111110111
10101100111111101
10101100111111111
10101101000010000
10101101000010010
10101101000010100
10101101000010110
10101101000011000
10101101000011010
10101101000110000
10101101000110010
10101101000110100
10101101000110110
10101101001010000
10101101001010010
10101101001010100
10101101001010110
10101101001011000
10101101001011010
10101101001110000
10101101001110010
10101101001110100
10101101001110110
10101101011010000
10101101011110000
10101101100010000
10101101100010010
10101101100010100
10101101100010110
10101101100011000
10101101100011010
10101101100110000
10101101100110010
10101101100110100
10101101100110110
10101101101010000
10101101101010010
10101101101010100
10101101101010110
10101101101011000
10101101101011010
10101101101110000
10101101101110010
10101101101110100
10101101101110110
10101101110010000
10101101110010010
10101101110010100
10101101110010110
10101101110011000
10101101110011010
10101101110110000
10101101110110010
10101101110110100
10101101110110110
10101101111010000
10101101111010010
10101101111010100
10101101111010110
10101101111011000
10101101111011010
10101101111110000
10101101111110010
10101101111110100
10101101111110110
10101110000110100
10101110000110110
10101110001110100
10101110001110110
10101110011110100
10101110011110110
10101110100110100
10101110100110110
10101110101110100
10101110101110110
10101110110110100
10101110110110110
10101110111110100
10101110111110110
10101111000110100
10101111000110110
10101111001110100
10101111001110110
10101111100110100
10101111100110110
10101111101110100
10101111101110110
10101111110110100
10101111110110110
10101111111110100
10101111111110110
10111000000010000
10111000000010001
10111000000010010
10111000000010011
10111000000010100
10111000000010101
10111000000010110
10111000000010111
10111000000011000
10111000000011010
10111000000011101
10111000000011111
10111000000110000
10111000000110010
10111000000110100
10111000000110101
10111000000110110
10111000000110111
10111000000111000
10111000000111010
10111000000111101
10111000000111111
10111000001010000
10111000001010001
10111000001010010
10111000001010011
10111000001010100
10111000001010101
10111000001010110
10111000001010111
10111000001011000
10111000001011010
10111000001011101
10111000001011111
10111000001110000
10111000001110010
10111000001110100
10111000001110101
10111000001110110
10111000001110111
10111000001111000
10111000001111010
10111000001111101
10111000001111111
10111000011010000
10111000011010001
10111000011010010
10111000011010011
10111000011010100
10111000011010101
10111000011010110
10111000011010111
10111000011011000
10111000011011010
10111000011011101
10111000011011111
10111000011110000
10111000011110010
10111000011110100
10111000011110101
10111000011110110
10111000011110111
10111000011111000
10111000011111010
10111000011111101
10111000011111111
10111000100010000
10111000100010001
10111000100010010
10111000100010011
10111000100010100
10111000100010101
10111000100010110
10111000100010111
10111000100011000
10111000100011010
10111000100011101
10111000100011111
10111000100110000
10111000100110010
10111000100110100
10111000100110101
10111000100110110
10111000100110111
10111000100111000
10111000100111010
10111000100111101
10111000100111111
10111000101010000
10111000101010001
10111000101010010
10111000101010011
10111000101010100
10111000101010101
10111000101010110
10111000101010111
10111000101011000
10111000101011010
10111000101011101
10111000101011111
10111000101110000
10111000101110010
10111000101110100
10111000101110101
10111000101110110
10111000101110111
10111000101111000
10111000101111010
10111000101111101
10111000101111111
10111000110010000
10111000110010001
10111000110010010
10111000110010011
10111000110010100
10111000110010101
10111000110010110
10111000110010111
10111000110011000
10111000110011010
10111000110011101
10111000110011111
10111000110110000
10111000110110010
10111000110110100
10111000110110101
10111000110110110
10111000110110111
10111000110111000
10111000110111010
10111000110111101
10111000110111111
10111000111010000
10111000111010001
10111000111010010
10111000111010011
10111000111010100
10111000111010101
10111000111010110
10111000111010111
10111000111011000
10111000111011010
10111000111011101
10111000111011111
10111000111110000
10111000111110010
10111000111110100
10111000111110101
10111000111110110
10111000111110111
10111000111111000
10111000111111010
10111000111111101
10111000111111111
10111001000010000
10111001000010010
10111001000010100
10111001000010110
10111001000011000
10111001000011010
10111001000110000
10111001000110010
10111001000110100
10111001000110110
10111001000111000
10111001000111010
10111001001010000
10111001001010010
10111001001010100
10111001001010110
10111001001011000
10111001001011010
10111001001110000
10111001001110010
10111001001110100
10111001001110110
10111001001111000
10111001001111010
10111001011010000
10111001011110000
10111001100010000
10111001100010010
10111001100010100
10111001100010110
10111001100011000
10111001100011010
10111001100110000
10111001100110010
10111001100110100
10111001100110110
10111001100111000
10111001100111010
10111001101010000
10111001101010010
10111001101010100
10111001101010110
10111001101011000
10111001101011010
10111001101110000
10111001101110010
10111001101110100
10111001101110110
10111001101111000
10111001101111010
10111001110010000
10111001110010010
10111001110010100
10111001110010110
10111001110011000
10111001110011010
10111001110110000
10111001110110010
10111001110110100
10111001110110110
10111001110111000
10111001110111010
10111001111010000
10111001111010010
10111001111010100
10111001111010110
10111001111011000
10111001111011010
10111001111110000
10111001111110010
10111001111110100
10111001111110110
10111001111111000
10111001111111010
10111010000110100
10111010000110110
10111010001110100
10111010001110110
10111010011110100
10111010011110110
10111010100110100
10111010100110110
10111010101110100
10111010101110110
10111010110110100
10111010110110110
10111010111110100
10111010111110110
10111011000110100
10111011000110110
10111011001110100
10111011001110110
10111011100110100
10111011100110110
10111011101110100
10111011101110110
10111011110110100
10111011110110110
10111011111110100
10111011111110110
10111100000010000
10111100000010001
10111100000010010
10111100000010011
10111100000010100
10111100000010101
10111100000010110
10111100000010111
10111100000011000
10111100000011010
10111100000011101
10111100000011111
10111100000110000
10111100000110010
10111100000110100
10111100000110101
10111100000110110
10111100000110111
10111100000111101
10111100000111111
10111100001010000
10111100001010001
10111100001010010
10111100001010011
10111100001010100
10111100001010101
10111100001010110
10111100001010111
10111100001011000
10111100001011010
10111100001011101
10111100001011111
10111100001110000
10111100001110010
10111100001110100
10111100001110101
10111100001110110
10111100001110111
10111100001111101
10111100001111111
10111100011010000
10111100011010001
10111100011010010
10111100011010011
10111100011010100
10111100011010101
10111100011010110
10111100011010111
10111100011011000
10111100011011010
10111100011011101
10111100011011111
10111100011110000
10111100011110010
10111100011110100
10111100011110101
10111100011110110
10111100011110111
10111100011111101
10111100011111111
10111100100010000
10111100100010001
10111100100010010
10111100100010011
10111100100010100
10111100100010101
10111100100010110
10111100100010111
10111100100011000
10111100100011010
10111100100011101
10111100100011111
10111100100110000
10111100100110010
10111100100110100
10111100100110101
10111100100110110
10111100100110111
10111100100111101
10111100100111111
10111100101010000
10111100101010001
10111100101010010
10111100101010011
10111100101010100
10111100101010101
10111100101010110
10111100101010111
10111100101011000
10111100101011010
10111100101011101
10111100101011111
10111100101110000
10111100101110010
10111100101110100
10111100101110101
10111100101110110
10111100101110111
10111100101111101
10111100101111111
10111100110010000
10111100110010001
10111100110010010
10111100110010011
10111100110010100
10111100110010101
10111100110010110
10111100110010111
10111100110011000
10111100110011010
10111100110011101
10111100110011111
10111100110110000
10111100110110010
10111100110110100
10111100110110101
10111100110110110
10111100110110111
10111100110111101
10111100110111111
10111100111010000
10111100111010001
10111100111010010
10111100111010011
10111100111010100
10111100111010101
10111100111010110
10111100111010111
10111100111011000
10111100111011010
10111100111011101
10111100111011111
10111100111110000
10111100111110010
10111100111110100
10111100111110101
10111100111110110
10111100111110111
10111100111111101
10111100111111111
10111101000010000
10111101000010010
10111101000010100
10111101000010110
10111101000011000
10111101000011010
10111101000110000
10111101000110010
10111101000110100
10111101000110110
10111101001010000
10111101001010010
10111101001010100
10111101001010110
10111101001011000
10111101001011010
10111101001110000
10111101001110010
10111101001110100
10111101001110110
10111101011010000
10111101011110000
10111101100010000
10111101100010010
10111101100010100
10111101100010110
10111101100011000
10111101100011010
10111101100110000
10111101100110010
10111101100110100
10111101100110110
10111101101010000
10111101101010010
10111101101010100
10111101101010110
10111101101011000
10111101101011010
10111101101110000
10111101101110010
10111101101110100
10111101101110110
10111101110010000
10111101110010010
10111101110010100
10111101110010110
10111101110011000
10111101110011010
10111101110110000
10111101110110010
10111101110110100
10111101110110110
10111101111010000
10111101111010010
10111101111010100
10111101111010110
10111101111011000
10111101111011010
10111101111110000
10111101111110010
10111101111110100
10111101111110110
10111110000110100
10111110000110110
10111110001110100
10111110001110110
10111110011110100
10111110011110110
10111110100110100
10111110100110110
10111110101110100
10111110101110110
10111110110110100
10111110110110110
10111110111110100
10111110111110110
10111111000110100
10111111000110110
10111111001110100
10111111001110110
10111111100110100
10111111100110110
10111111101110100
10111111101110110
10111111110110100
10111111110110110
10111111111110100
10111111111110110
11001000001010000
11001000001010001
11001000001010010
11001000001010011
11001000001010100
11001000001010101
11001000001010110
11001000001010111
11001000001011000
11001000001011010
11001000001011101
11001000001011111
11001000001110000
11001000001110001
11001000001110010
11001000001110011
11001000001110100
11001000001110101
11001000001110110
11001000001110111
11001000001111000
11001000001111010
11001000001111101
11001000001111111
11001000011010000
11001000011010001
11001000011010010
11001000011010011
11001000011010100
11001000011010101
11001000011010110
11001000011010111
11001000011011000
11001000011011010
11001000011011101
11001000011011111
11001000011110000
11001000011110001
11001000011110010
11001000011110011
11001000011110100
11001000011110101
11001000011110110
11001000011110111
11001000011111000
11001000011111010
11001000011111101
11001000011111111
11001000101010000
11001000101010001
11001000101010010
11001000101010011
11001000101010100
11001000101010101
11001000101010110
11001000101010111
11001000101011000
11001000101011010
11001000101011101
11001000101011111
11001000101110000
11001000101110001
11001000101110010
11001000101110011
11001000101110100
11001000101110101
11001000101110110
11001000101110111
11001000101111000
11001000101111010
11001000101111101
11001000101111111
11001000111010000
11001000111010001
11001000111010010
11001000111010011
11001000111010100
11001000111010101
11001000111010110
11001000111010111
11001000111011000
11001000111011010
11001000111011101
11001000111011111
11001000111110000
11001000111110001
11001000111110010
11001000111110011
11001000111110100
11001000111110101
11001000111110110
11001000111110111
11001000111111000
11001000111111010
11001000111111101
11001000111111111
11001001001010000
11001001001010010
11001001001010100
11001001001010110
11001001001011000
11001001001011010
11001001001110000
11001001001110010
11001001001110100
11001001001110110
11001001001111000
11001001001111010
11001001011010000
11001001011010010
11001001011010100
11001001011010110
11001001011011000
11001001011011010
11001001011110000
11001001011110010
11001001011110100
11001001011110110
11001001011111000
11001001011111010
11001001101010000
11001001101010010
11001001101010100
11001001101010110
11001001101011000
11001001101011010
11001001101110000
11001001101110010
11001001101110100
11001001101110110
11001001101111000
11001001101111010
11001001111010000
11001001111010010
11001001111010100
11001001111010110
11001001111011000
11001001111011010
11001001111110000
11001001111110010
11001001111110100
11001001111110110
11001001111111000
11001001111111010
11001010001110100
11001010001110110
11001010011110100
11001010011110110
11001010101110100
11001010101110110
11001010111110100
11001010111110110
11001011001110100
11001011001110110
11001011011110100
11001011011110110
11001011101110100
11001011101110110
11001011111110100
11001011111110110
11001100001010000
11001100001010001
11001100001010010
11001100001010011
11001100001010100
11001100001010101
11001100001010110
11001100001010111
11001100001011000
11001100001011010
11001100001011101
11001100001011111
11001100001110000
11001100001110001
11001100001110010
11001100001110011
11001100001110100
11001100001110101
11001100001110110
11001100001110111
11001100001111101
11001100001111111
11001100011010000
11001100011010001
11001100011010010
11001100011010011
11001100011010100
11001100011010101
11001100011010110
11001100011010111
11001100011011000
11001100011011010
11001100011011101
11001100011011111
11001100011110000
11001100011110001
11001100011110010
11001100011110011
11001100011110100
11001100011110101
11001100011110110
11001100011110111
11001100011111101
11001100011111111
11001100101010000
11001100101010001
11001100101010010
11001100101010011
11001100101010100
11001100101010101
11001100101010110
11001100101010111
11001100101011000
11001100101011010
11001100101011101
11001100101011111
11001100101110000
11001100101110001
11001100101110010
11001100101110011
11001100101110100
11001100101110101
11001100101110110
11001100101110111
11001100101111101
11001100101111111
11001100111010000
11001100111010001
11001100111010010
11001100111010011
11001100111010100
11001100111010101
11001100111010110
11001100111010111
11001100111011000
11001100111011010
11001100111011101
11001100111011111
11001100111110000
11001100111110001
11001100111110010
11001100111110011
11001100111110100
11001100111110101
11001100111110110
11001100111110111
11001100111111101
11001100111111111
11001101001010000
11001101001010010
11001101001010100
11001101001010110
11001101001011000
11001101001011010
11001101001110000
11001101001110010
11001101001110100
11001101001110110
11001101011010000
11001101011010010
11001101011010100
11001101011010110
11001101011011000
11001101011011010
11001101011110000
11001101011110010
11001101011110100
11001101011110110
11001101101010000
11001101101010010
11001101101010100
11001101101010110
11001101101011000
11001101101011010
11001101101110000
11001101101110010
11001101101110100
11001101101110110
11001101111010000
11001101111010010
11001101111010100
11001101111010110
11001101111011000
11001101111011010
11001101111110000
11001101111110010
11001101111110100
11001101111110110
11001110001110100
11001110001110110
11001110011110100
11001110011110110
11001110101110100
11001110101110110
11001110111110100
11001110111110110
11001111001110100
11001111001110110
11001111011110100
11001111011110110
11001111101110100
11001111101110110
11001111111110100
11001111111110110
11011000001010000
11011000001010001
11011000001010010
11011000001010011
11011000001010100
11011000001010101
11011000001010110
11011000001010111
11011000001011000
11011000001011010
11011000001011101
11011000001011111
11011000001110000
11011000001110001
11011000001110010
11011000001110011
11011000001110100
11011000001110101
11011000001110110
11011000001110111
11011000001111000
11011000001111010
11011000001111101
11011000001111111
11011000011010000
11011000011010001
11011000011010010
11011000011010011
11011000011010100
11011000011010101
11011000011010110
11011000011010111
11011000011011000
11011000011011010
11011000011011101
11011000011011111
11011000011110000
11011000011110001
11011000011110010
11011000011110011
11011000011110100
11011000011110101
11011000011110110
11011000011110111
11011000011111000
11011000011111010
11011000011111101
11011000011111111
11011000101010000
11011000101010001
11011000101010010
11011000101010011
11011000101010100
11011000101010101
11011000101010110
11011000101010111
11011000101011000
11011000101011010
11011000101011101
11011000101011111
11011000101110000
11011000101110001
11011000101110010
11011000101110011
11011000101110100
11011000101110101
11011000101110110
11011000101110111
11011000101111000
11011000101111010
11011000101111101
11011000101111111
11011000111010000
11011000111010001
11011000111010010
11011000111010011
11011000111010100
11011000111010101
11011000111010110
11011000111010111
11011000111011000
11011000111011010
11011000111011101
11011000111011111
11011000111110000
11011000111110001
11011000111110010
11011000111110011
11011000111110100
11011000111110101
11011000111110110
11011000111110111
11011000111111000
11011000111111010
11011000111111101
11011000111111111
11011001001010000
11011001001010010
11011001001010100
11011001001010110
11011001001011000
11011001001011010
11011001001110000
11011001001110010
11011001001110100
11011001001110110
11011001001111000
11011001001111010
11011001011010000
11011001011010010
11011001011010100
11011001011010110
11011001011011000
11011001011011010
11011001011110000
11011001011110010
11011001011110100
11011001011110110
11011001011111000
11011001011111010
11011001101010000
11011001101010010
11011001101010100
11011001101010110
11011001101011000
11011001101011010
11011001101110000
11011001101110010
11011001101110100
11011001101110110
11011001101111000
11011001101111010
11011001111010000
11011001111010010
11011001111010100
11011001111010110
11011001111011000
11011001111011010
11011001111110000
11011001111110010
11011001111110100
11011001111110110
11011001111111000
11011001111111010
11011010001110100
11011010001110110
11011010011110100
11011010011110110
11011010101110100
11011010101110110
11011010111110100
11011010111110110
11011011001110100
11011011001110110
11011011011110100
11011011011110110
11011011101110100
11011011101110110
11011011111110100
11011011111110110
11011100001010000
11011100001010001
11011100001010010
11011100001010011
11011100001010100
11011100001010101
11011100001010110
11011100001010111
11011100001011000
11011100001011010
11011100001011101
11011100001011111
11011100001110000
11011100001110001
11011100001110010
11011100001110011
11011100001110100
11011100001110101
11011100001110110
11011100001110111
11011100001111101
11011100001111111
11011100011010000
11011100011010001
11011100011010010
11011100011010011
11011100011010100
11011100011010101
11011100011010110
11011100011010111
11011100011011000
11011100011011010
11011100011011101
11011100011011111
11011100011110000
11011100011110001
11011100011110010
11011100011110011
11011100011110100
11011100011110101
11011100011110110
11011100011110111
11011100011111101
11011100011111111
11011100101010000
11011100101010001
11011100101010010
11011100101010011
11011100101010100
11011100101010101
11011100101010110
11011100101010111
11011100101011000
11011100101011010
11011100101011101
11011100101011111
11011100101110000
11011100101110001
11011100101110010
11011100101110011
11011100101110100
11011100101110101
11011100101110110
11011100101110111
11011100101111101
11011100101111111
11011100111010000
11011100111010001
11011100111010010
11011100111010011
11011100111010100
11011100111010101
11011100111010110
11011100111010111
11011100111011000
11011100111011010
11011100111011101
11011100111011111
11011100111110000
11011100111110001
11011100111110010
11011100111110011
11011100111110100
11011100111110101
11011100111110110
11011100111110111
11011100111111101
11011100111111111
11011101001010000
11011101001010010
11011101001010100
11011101001010110
11011101001011000
11011101001011010
11011101001110000
11011101001110010
11011101001110100
11011101001110110
11011101011010000
11011101011010010
11011101011010100
11011101011010110
11011101011011000
11011101011011010
11011101011110000
11011101011110010
11011101011110100
11011101011110110
11011101101010000
11011101101010010
11011101101010100
11011101101010110
11011101101011000
11011101101011010
11011101101110000
11011101101110010
11011101101110100
11011101101110110
11011101111010000
11011101111010010
11011101111010100
11011101111010110
11011101111011000
11011101111011010
11011101111110000
11011101111110010
11011101111110100
11011101111110110
11011110001110100
11011110001110110
11011110011110100
11011110011110110
11011110101110100
11011110101110110
11011110111110100
11011110111110110
11011111001110100
11011111001110110
11011111011110100
11011111011110110
11011111101110100
11011111101110110
11011111111110100
11011111111110110
11101000000010000
11101000000010001
11101000000010010
11101000000010011
11101000000010100
11101000000010101
11101000000010110
11101000000010111
11101000000011000
11101000000011010
11101000000011101
11101000000011111
11101000000110000
11101000000110001
11101000000110010
11101000000110011
11101000000110100
11101000000110101
11101000000110110
11101000000110111
11101000000111000
11101000000111010
11101000000111101
11101000000111111
11101000001010000
11101000001010001
11101000001010010
11101000001010011
11101000001010100
11101000001010101
11101000001010110
11101000001010111
11101000001011000
11101000001011010
11101000001011101
11101000001011111
11101000001110000
11101000001110001
11101000001110010
11101000001110011
11101000001110100
11101000001110101
11101000001110110
11101000001110111
11101000001111000
11101000001111010
11101000001111101
11101000001111111
11101000011010000
11101000011010001
11101000011010010
11101000011010011
11101000011010100
11101000011010101
11101000011010110
11101000011010111
11101000011011000
11101000011011010
11101000011011101
11101000011011111
11101000011110000
11101000011110001
11101000011110010
11101000011110011
11101000011110100
11101000011110101
11101000011110110
11101000011110111
11101000011111000
11101000011111010
11101000011111101
11101000011111111
11101000100010000
11101000100010001
11101000100010010
11101000100010011
11101000100010100
11101000100010101
11101000100010110
11101000100010111
11101000100011000
11101000100011010
11101000100011101
11101000100011111
11101000100110000
11101000100110001
11101000100110010
11101000100110011
11101000100110100
11101000100110101
11101000100110110
11101000100110111
11101000100111000
11101000100111010
11101000100111101
11101000100111111
11101000101010000
11101000101010001
11101000101010010
11101000101010011
11101000101010100
11101000101010101
11101000101010110
11101000101010111
11101000101011000
11101000101011010
11101000101011101
11101000101011111
11101000101110000
11101000101110001
11101000101110010
11101000101110011
11101000101110100
11101000101110101
11101000101110110
11101000101110111
11101000101111000
11101000101111010
11101000101111101
11101000101111111
11101000110010000
11101000110010001
11101000110010010
11101000110010011
11101000110010100
11101000110010101
11101000110010110
11101000110010111
11101000110011000
11101000110011010
11101000110011101
11101000110011111
11101000110110000
11101000110110001
11101000110110010
11101000110110011
11101000110110100
11101000110110101
11101000110110110
11101000110110111
11101000110111000
11101000110111010
11101000110111101
11101000110111111
11101000111010000
11101000111010001
11101000111010010
11101000111010011
11101000111010100
11101000111010101
11101000111010110
11101000111010111
11101000111011000
11101000111011010
11101000111011101
11101000111011111
11101000111110000
11101000111110001
11101000111110010
11101000111110011
11101000111110100
11101000111110101
11101000111110110
11101000111110111
11101000111111000
11101000111111010
11101000111111101
11101000111111111
11101001000010000
11101001000010010
11101001000010100
11101001000010110
11101001000011000
11101001000011010
11101001000110000
11101001000110010
11101001000110100
11101001000110110
11101001000111000
11101001000111010
11101001001010000
11101001001010010
11101001001010100
11101001001010110
11101001001011000
11101001001011010
11101001001110000
11101001001110010
11101001001110100
11101001001110110
11101001001111000
11101001001111010
11101001011010000
11101001011110000
11101001100010000
11101001100010010
11101001100010100
11101001100010110
11101001100011000
11101001100011010
11101001100110000
11101001100110010
11101001100110100
11101001100110110
11101001100111000
11101001100111010
11101001101010000
11101001101010010
11101001101010100
11101001101010110
11101001101011000
11101001101011010
11101001101110000
11101001101110010
11101001101110100
11101001101110110
11101001101111000
11101001101111010
11101001110010000
11101001110010010
11101001110010100
11101001110010110
11101001110011000
11101001110011010
11101001110110000
11101001110110010
11101001110110100
11101001110110110
11101001110111000
11101001110111010
11101001111010000
11101001111010010
11101001111010100
11101001111010110
11101001111011000
11101001111011010
11101001111110000
11101001111110010
11101001111110100
11101001111110110
11101001111111000
11101001111111010
11101010000110100
11101010000110110
11101010001110100
11101010001110110
11101010011110100
11101010011110110
11101010100110100
11101010100110110
11101010101110100
11101010101110110
11101010110110100
11101010110110110
11101010111110100
11101010111110110
11101011000110100
11101011000110110
11101011001110100
11101011001110110
11101011100110100
11101011100110110
11101011101110100
11101011101110110
11101011110110100
11101011110110110
11101011111110100
11101011111110110
11101100000010000
11101100000010001
11101100000010010
11101100000010011
11101100000010100
11101100000010101
11101100000010110
11101100000010111
11101100000011000
11101100000011010
11101100000011101
11101100000011111
11101100000110000
11101100000110001
11101100000110010
11101100000110011
11101100000110100
11101100000110101
11101100000110110
11101100000110111
11101100000111101
11101100000111111
11101100001010000
11101100001010001
11101100001010010
11101100001010011
11101100001010100
11101100001010101
11101100001010110
11101100001010111
11101100001011000
11101100001011010
11101100001011101
11101100001011111
11101100001110000
11101100001110001
11101100001110010
11101100001110011
11101100001110100
11101100001110101
11101100001110110
11101100001110111
11101100001111101
11101100001111111
11101100011010000
11101100011010001
11101100011010010
11101100011010011
11101100011010100
11101100011010101
11101100011010110
11101100011010111
11101100011011000
11101100011011010
11101100011011101
11101100011011111
11101100011110000
11101100011110001
11101100011110010
11101100011110011
11101100011110100
11101100011110101
11101100011110110
11101100011110111
11101100011111101
11101100011111111
11101100100010000
11101100100010001
11101100100010010
11101100100010011
11101100100010100
11101100100010101
11101100100010110
11101100100010111
11101100100011000
11101100100011010
11101100100011101
11101100100011111
11101100100110000
11101100100110001
11101100100110010
11101100100110011
11101100100110100
11101100100110101
11101100100110110
11101100100110111
11101100100111101
11101100100111111
11101100101010000
11101100101010001
11101100101010010
11101100101010011
11101100101010100
11101100101010101
11101100101010110
11101100101010111
11101100101011000
11101100101011010
11101100101011101
11101100101011111
11101100101110000
11101100101110001
11101100101110010
11101100101110011
11101100101110100
11101100101110101
11101100101110110
11101100101110111
11101100101111101
11101100101111111
11101100110010000
11101100110010001
11101100110010010
11101100110010011
11101100110010100
11101100110010101
11101100110010110
11101100110010111
11101100110011000
11101100110011010
11101100110011101
11101100110011111
11101100110110000
11101100110110001
11101100110110010
11101100110110011
11101100110110100
11101100110110101
11101100110110110
11101100110110111
11101100110111101
11101100110111111
11101100111010000
11101100111010001
11101100111010010
11101100111010011
11101100111010100
11101100111010101
11101100111010110
11101100111010111
11101100111011000
11101100111011010
11101100111011101
11101100111011111
11101100111110000
11101100111110001
11101100111110010
11101100111110011
11101100111110100
11101100111110101
11101100111110110
11101100111110111
11101100111111101
11101100111111111
11101101000010000
11101101000010010
11101101000010100
11101101000010110
11101101000011000
11101101000011010
11101101000110000
11101101000110010
11101101000110100
11101101000110110
11101101001010000
11101101001010010
11101101001010100
11101101001010110
11101101001011000
11101101001011010
11101101001110000
11101101001110010
11101101001110100
11101101001110110
11101101011010000
11101101011110000
11101101100010000
11101101100010010
11101101100010100
11101101100010110
11101101100011000
11101101100011010
11101101100110000
11101101100110010
11101101100110100
11101101100110110
11101101101010000
11101101101010010
11101101101010100
11101101101010110
11101101101011000
11101101101011010
11101101101110000
11101101101110010
11101101101110100
11101101101110110
11101101110010000
11101101110010010
11101101110010100
11101101110010110
11101101110011000
11101101110011010
11101101110110000
11101101110110010
11101101110110100
11101101110110110
11101101111010000
11101101111010010
11101101111010100
11101101111010110
11101101111011000
11101101111011010
11101101111110000
11101101111110010
11101101111110100
11101101111110110
11101110000110100
11101110000110110
11101110001110100
11101110001110110
11101110011110100
11101110011110110
11101110100110100
11101110100110110
11101110101110100
11101110101110110
11101110110110100
11101110110110110
11101110111110100
11101110111110110
11101111000110100
11101111000110110
11101111001110100
11101111001110110
11101111100110100
11101111100110110
11101111101110100
11101111101110110
11101111110110100
11101111110110110
11101111111110100
11101111111110110
11111000000010000
11111000000010001
11111000000010010
11111000000010011
11111000000010100
11111000000010101
11111000000010110
11111000000010111
11111000000011000
11111000000011010
11111000000011101
11111000000011111
11111000000110000
11111000000110001
11111000000110010
11111000000110011
11111000000110100
11111000000110101
11111000000110110
11111000000110111
11111000000111000
11111000000111010
11111000000111101
11111000000111111
11111000001010000
11111000001010001
11111000001010010
11111000001010011
11111000001010100
11111000001010101
11111000001010110
11111000001010111
11111000001011000
11111000001011010
11111000001011101
11111000001011111
11111000001110000
11111000001110001
11111000001110010
11111000001110011
11111000001110100
11111000001110101
11111000001110110
11111000001110111
11111000001111000
11111000001111010
11111000001111101
11111000001111111
11111000011010000
11111000011010001
11111000011010010
11111000011010011
11111000011010100
11111000011010101
11111000011010110
11111000011010111
11111000011011000
11111000011011010
11111000011011101
11111000011011111
11111000011110000
11111000011110001
11111000011110010
11111000011110011
11111000011110100
11111000011110101
11111000011110110
11111000011110111
11111000011111000
11111000011111010
11111000011111101
11111000011111111
11111000100010000
11111000100010001
11111000100010010
11111000100010011
11111000100010100
11111000100010101
11111000100010110
11111000100010111
11111000100011000
11111000100011010
11111000100011101
11111000100011111
11111000100110000
11111000100110001
11111000100110010
11111000100110011
11111000100110100
11111000100110101
11111000100110110
11111000100110111
11111000100111000
11111000100111010
11111000100111101
11111000100111111
11111000101010000
11111000101010001
11111000101010010
11111000101010011
11111000101010100
11111000101010101
11111000101010110
11111000101010111
11111000101011000
11111000101011010
11111000101011101
11111000101011111
11111000101110000
11111000101110001
11111000101110010
11111000101110011
11111000101110100
11111000101110101
11111000101110110
11111000101110111
11111000101111000
11111000101111010
11111000101111101
11111000101111111
11111000110010000
11111000110010001
11111000110010010
11111000110010011
11111000110010100
11111000110010101
11111000110010110
11111000110010111
11111000110011000
11111000110011010
11111000110011101
11111000110011111
11111000110110000
11111000110110001
11111000110110010
11111000110110011
11111000110110100
11111000110110101
11111000110110110
11111000110110111
11111000110111000
11111000110111010
11111000110111101
11111000110111111
11111000111010000
11111000111010001
11111000111010010
11111000111010011
11111000111010100
11111000111010101
11111000111010110
11111000111010111
11111000111011000
11111000111011010
11111000111011101
11111000111011111
11111000111110000
11111000111110001
11111000111110010
11111000111110011
11111000111110100
11111000111110101
11111000111110110
11111000111110111
11111000111111000
11111000111111010
11111000111111101
11111000111111111
11111001000010000
11111001000010010
11111001000010100
11111001000010110
11111001000011000
11111001000011010
11111001000110000
11111001000110010
11111001000110100
11111001000110110
11111001000111000
11111001000111010
11111001001010000
11111001001010010
11111001001010100
11111001001010110
11111001001011000
11111001001011010
11111001001110000
11111001001110010
11111001001110100
11111001001110110
11111001001111000
11111001001111010
11111001011010000
11111001011110000
11111001100010000
11111001100010010
11111001100010100
11111001100010110
11111001100011000
11111001100011010
11111001100110000
11111001100110010
11111001100110100
11111001100110110
11111001100111000
11111001100111010
11111001101010000
11111001101010010
11111001101010100
11111001101010110
11111001101011000
11111001101011010
11111001101110000
11111001101110010
11111001101110100
11111001101110110
11111001101111000
11111001101111010
11111001110010000
11111001110010010
11111001110010100
11111001110010110
11111001110011000
11111001110011010
11111001110110000
11111001110110010
11111001110110100
11111001110110110
11111001110111000
11111001110111010
11111001111010000
11111001111010010
11111001111010100
11111001111010110
11111001111011000
11111001111011010
11111001111110000
11111001111110010
11111001111110100
11111001111110110
11111001111111000
11111001111111010
11111010000110100
11111010000110110
11111010001110100
11111010001110110
11111010011110100
11111010011110110
11111010100110100
11111010100110110
11111010101110100
11111010101110110
11111010110110100
11111010110110110
11111010111110100
11111010111110110
11111011000110100
11111011000110110
11111011001110100
11111011001110110
11111011100110100
11111011100110110
11111011101110100
11111011101110110
11111011110110100
11111011110110110
11111011111110100
11111011111110110
11111100000010000
11111100000010001
11111100000010010
11111100000010011
11111100000010100
11111100000010101
11111100000010110
11111100000010111
11111100000011000
11111100000011010
11111100000011101
11111100000011111
11111100000110000
11111100000110001
11111100000110010
11111100000110011
11111100000110100
11111100000110101
11111100000110110
11111100000110111
11111100000111101
11111100000111111
11111100001010000
11111100001010001
11111100001010010
11111100001010011
11111100001010100
11111100001010101
11111100001010110
11111100001010111
11111100001011000
11111100001011010
11111100001011101
11111100001011111
11111100001110000
11111100001110001
11111100001110010
11111100001110011
11111100001110100
11111100001110101
11111100001110110
11111100001110111
11111100001111101
11111100001111111
11111100011010000
11111100011010001
11111100011010010
11111100011010011
11111100011010100
11111100011010101
11111100011010110
11111100011010111
11111100011011000
11111100011011010
11111100011011101
11111100011011111
11111100011110000
11111100011110001
11111100011110010
11111100011110011
11111100011110100
11111100011110101
11111100011110110
11111100011110111
11111100011111101
11111100011111111
11111100100010000
11111100100010001
11111100100010010
11111100100010011
11111100100010100
11111100100010101
11111100100010110
11111100100010111
11111100100011000
11111100100011010
11111100100011101
11111100100011111
11111100100110000
11111100100110001
11111100100110010
11111100100110011
11111100100110100
11111100100110101
11111100100110110
11111100100110111
11111100100111101
11111100100111111
11111100101010000
11111100101010001
11111100101010010
11111100101010011
11111100101010100
11111100101010101
11111100101010110
11111100101010111
11111100101011000
11111100101011010
11111100101011101
11111100101011111
11111100101110000
11111100101110001
11111100101110010
11111100101110011
11111100101110100
11111100101110101
11111100101110110
11111100101110111
11111100101111101
11111100101111111
11111100110010000
11111100110010001
11111100110010010
11111100110010011
11111100110010100
11111100110010101
11111100110010110
11111100110010111
11111100110011000
11111100110011010
11111100110011101
11111100110011111
11111100110110000
11111100110110001
11111100110110010
11111100110110011
11111100110110100
11111100110110101
11111100110110110
11111100110110111
11111100110111101
11111100110111111
11111100111010000
11111100111010001
11111100111010010
11111100111010011
11111100111010100
11111100111010101
11111100111010110
11111100111010111
11111100111011000
11111100111011010
11111100111011101
11111100111011111
11111100111110000
11111100111110001
11111100111110010
11111100111110011
11111100111110100
11111100111110101
11111100111110110
11111100111110111
11111100111111101
11111100111111111
11111101000010000
11111101000010010
11111101000010100
11111101000010110
11111101000011000
11111101000011010
11111101000110000
11111101000110010
11111101000110100
11111101000110110
11111101001010000
11111101001010010
11111101001010100
11111101001010110
11111101001011000
11111101001011010
11111101001110000
11111101001110010
11111101001110100
11111101001110110
11111101011010000
11111101011110000
11111101100010000
11111101100010010
11111101100010100
11111101100010110
11111101100011000
11111101100011010
11111101100110000
11111101100110010
11111101100110100
11111101100110110
11111101101010000
11111101101010010
11111101101010100
11111101101010110
11111101101011000
11111101101011010
11111101101110000
11111101101110010
11111101101110100
11111101101110110
11111101110010000
11111101110010010
11111101110010100
11111101110010110
11111101110011000
11111101110011010
11111101110110000
11111101110110010
11111101110110100
11111101110110110
11111101111010000
11111101111010010
11111101111010100
11111101111010110
11111101111011000
11111101111011010
11111101111110000
11111101111110010
11111101111110100
11111101111110110
11111110000110100
11111110000110110
11111110001110100
11111110001110110
11111110011110100
11111110011110110
11111110100110100
11111110100110110
11111110101110100
11111110101110110
11111110110110100
11111110110110110
11111110111110100
11111110111110110
11111111000110100
11111111000110110
11111111001110100
11111111001110110
11111111100110100
11111111100110110
11111111101110100
11111111101110110
11111111110110100
11111111110110110
11111111111110100
11111111111110110
