10001010001010000
10001010001010001
10001010001010010
10001010001010011
10001010001010100
10001010001010101
10001010001010110
10001010001010111
10001010001011000
10001010001011010
10001010001011101
10001010001011111
10001010001110000
10001010001110010
10001010001110101
10001010001110111
10001010001111000
10001010001111010
10001010001111101
10001010001111111
10001010011010000
10001010011010001
10001010011010010
10001010011010011
10001010011010100
10001010011010101
10001010011010110
10001010011010111
10001010011011000
10001010011011010
10001010011011101
10001010011011111
10001010011110000
10001010011110010
10001010011110101
10001010011110111
10001010011111000
10001010011111010
10001010011111101
10001010011111111
10001010101010000
10001010101010001
10001010101010010
10001010101010011
10001010101010100
10001010101010101
10001010101010110
10001010101010111
10001010101011000
10001010101011010
10001010101011101
10001010101011111
10001010101110000
10001010101110010
10001010101110101
10001010101110111
10001010101111000
10001010101111010
10001010101111101
10001010101111111
10001010111010000
10001010111010001
10001010111010010
10001010111010011
10001010111010100
10001010111010101
10001010111010110
10001010111010111
10001010111011000
10001010111011010
10001010111011101
10001010111011111
10001010111110000
10001010111110010
10001010111110101
10001010111110111
10001010111111000
10001010111111010
10001010111111101
10001010111111111
10001011001010000
10001011001010010
10001011001010100
10001011001010110
10001011001011000
10001011001011010
10001011001110000
10001011001110010
10001011001111000
10001011001111010
10001011011010000
10001011011010010
10001011011010100
10001011011010110
10001011011011000
10001011011011010
10001011011110000
10001011011110010
10001011011111000
10001011011111010
10001011101010000
10001011101010010
10001011101010100
10001011101010110
10001011101011000
10001011101011010
10001011101110000
10001011101110010
10001011101111000
10001011101111010
10001011111010000
10001011111010010
10001011111010100
10001011111010110
10001011111011000
10001011111011010
10001011111110000
10001011111110010
10001011111111000
10001011111111010
10001110001010000
10001110001010001
10001110001010010
10001110001010011
10001110001010100
10001110001010101
10001110001010110
10001110001010111
10001110001011000
10001110001011010
10001110001011101
10001110001011111
10001110001110000
10001110001110010
10001110001110101
10001110001110111
10001110001111101
10001110001111111
10001110011010000
10001110011010001
10001110011010010
10001110011010011
10001110011010100
10001110011010101
10001110011010110
10001110011010111
10001110011011000
10001110011011010
10001110011011101
10001110011011111
10001110011110000
10001110011110010
10001110011110101
10001110011110111
10001110011111101
10001110011111111
10001110101010000
10001110101010001
10001110101010010
10001110101010011
10001110101010100
10001110101010101
10001110101010110
10001110101010111
10001110101011000
10001110101011010
10001110101011101
10001110101011111
10001110101110000
10001110101110010
10001110101110101
10001110101110111
10001110101111101
10001110101111111
10001110111010000
10001110111010001
10001110111010010
10001110111010011
10001110111010100
10001110111010101
10001110111010110
10001110111010111
10001110111011000
10001110111011010
10001110111011101
10001110111011111
10001110111110000
10001110111110010
10001110111110101
10001110111110111
10001110111111101
10001110111111111
10001111001010000
10001111001010010
10001111001010100
10001111001010110
10001111001011000
10001111001011010
10001111001110000
10001111001110010
10001111011010000
10001111011010010
10001111011010100
10001111011010110
10001111011011000
10001111011011010
10001111011110000
10001111011110010
10001111101010000
10001111101010010
10001111101010100
10001111101010110
10001111101011000
10001111101011010
10001111101110000
10001111101110010
10001111111010000
10001111111010010
10001111111010100
10001111111010110
10001111111011000
10001111111011010
10001111111110000
10001111111110010
10011010001010000
10011010001010001
10011010001010010
10011010001010011
10011010001010100
10011010001010101
10011010001010110
10011010001010111
10011010001011000
10011010001011010
10011010001011101
10011010001011111
10011010001110000
10011010001110010
10011010001110101
10011010001110111
10011010001111000
10011010001111010
10011010001111101
10011010001111111
10011010011010000
10011010011010001
10011010011010010
10011010011010011
10011010011010100
10011010011010101
10011010011010110
10011010011010111
10011010011011000
10011010011011010
10011010011011101
10011010011011111
10011010011110000
10011010011110010
10011010011110101
10011010011110111
10011010011111000
10011010011111010
10011010011111101
10011010011111111
10011010101010000
10011010101010001
10011010101010010
10011010101010011
10011010101010100
10011010101010101
10011010101010110
10011010101010111
10011010101011000
10011010101011010
10011010101011101
10011010101011111
10011010101110000
10011010101110010
10011010101110101
10011010101110111
10011010101111000
10011010101111010
10011010101111101
10011010101111111
10011010111010000
10011010111010001
10011010111010010
10011010111010011
10011010111010100
10011010111010101
10011010111010110
10011010111010111
10011010111011000
10011010111011010
10011010111011101
10011010111011111
10011010111110000
10011010111110010
10011010111110101
10011010111110111
10011010111111000
10011010111111010
10011010111111101
10011010111111111
10011011001010000
10011011001010010
10011011001010100
10011011001010110
10011011001011000
10011011001011010
10011011001110000
10011011001110010
10011011001111000
10011011001111010
10011011011010000
10011011011010010
10011011011010100
10011011011010110
10011011011011000
10011011011011010
10011011011110000
10011011011110010
10011011011111000
10011011011111010
10011011101010000
10011011101010010
10011011101010100
10011011101010110
10011011101011000
10011011101011010
10011011101110000
10011011101110010
10011011101111000
10011011101111010
10011011111010000
10011011111010010
10011011111010100
10011011111010110
10011011111011000
10011011111011010
10011011111110000
10011011111110010
10011011111111000
10011011111111010
10011110001010000
10011110001010001
10011110001010010
10011110001010011
10011110001010100
10011110001010101
10011110001010110
10011110001010111
10011110001011000
10011110001011010
10011110001011101
10011110001011111
10011110001110000
10011110001110010
10011110001110101
10011110001110111
10011110001111101
10011110001111111
10011110011010000
10011110011010001
10011110011010010
10011110011010011
10011110011010100
10011110011010101
10011110011010110
10011110011010111
10011110011011000
10011110011011010
10011110011011101
10011110011011111
10011110011110000
10011110011110010
10011110011110101
10011110011110111
10011110011111101
10011110011111111
10011110101010000
10011110101010001
10011110101010010
10011110101010011
10011110101010100
10011110101010101
10011110101010110
10011110101010111
10011110101011000
10011110101011010
10011110101011101
10011110101011111
10011110101110000
10011110101110010
10011110101110101
10011110101110111
10011110101111101
10011110101111111
10011110111010000
10011110111010001
10011110111010010
10011110111010011
10011110111010100
10011110111010101
10011110111010110
10011110111010111
10011110111011000
10011110111011010
10011110111011101
10011110111011111
10011110111110000
10011110111110010
10011110111110101
10011110111110111
10011110111111101
10011110111111111
10011111001010000
10011111001010010
10011111001010100
10011111001010110
10011111001011000
10011111001011010
10011111001110000
10011111001110010
10011111011010000
10011111011010010
10011111011010100
10011111011010110
10011111011011000
10011111011011010
10011111011110000
10011111011110010
10011111101010000
10011111101010010
10011111101010100
10011111101010110
10011111101011000
10011111101011010
10011111101110000
10011111101110010
10011111111010000
10011111111010010
10011111111010100
10011111111010110
10011111111011000
10011111111011010
10011111111110000
10011111111110010
10101010000010000
10101010000010001
10101010000010010
10101010000010011
10101010000010100
10101010000010101
10101010000010110
10101010000010111
10101010000011000
10101010000011010
10101010000011101
10101010000011111
10101010000110000
10101010000110010
10101010000110101
10101010000110111
10101010000111000
10101010000111010
10101010000111101
10101010000111111
10101010001010000
10101010001010001
10101010001010010
10101010001010011
10101010001010100
10101010001010101
10101010001010110
10101010001010111
10101010001011000
10101010001011010
10101010001011101
10101010001011111
10101010001110000
10101010001110010
10101010001110101
10101010001110111
10101010001111000
10101010001111010
10101010001111101
10101010001111111
10101010011010000
10101010011010001
10101010011010010
10101010011010011
10101010011010100
10101010011010101
10101010011010110
10101010011010111
10101010011011000
10101010011011010
10101010011011101
10101010011011111
10101010011110000
10101010011110010
10101010011110101
10101010011110111
10101010011111000
10101010011111010
10101010011111101
10101010011111111
10101010100010000
10101010100010001
10101010100010010
10101010100010011
10101010100010100
10101010100010101
10101010100010110
10101010100010111
10101010100011000
10101010100011010
10101010100011101
10101010100011111
10101010100110000
10101010100110010
10101010100110101
10101010100110111
10101010100111000
10101010100111010
10101010100111101
10101010100111111
10101010101010000
10101010101010001
10101010101010010
10101010101010011
10101010101010100
10101010101010101
10101010101010110
10101010101010111
10101010101011000
10101010101011010
10101010101011101
10101010101011111
10101010101110000
10101010101110010
10101010101110101
10101010101110111
10101010101111000
10101010101111010
10101010101111101
10101010101111111
10101010110010000
10101010110010001
10101010110010010
10101010110010011
10101010110010100
10101010110010101
10101010110010110
10101010110010111
10101010110011000
10101010110011010
10101010110011101
10101010110011111
10101010110110000
10101010110110010
10101010110110101
10101010110110111
10101010110111000
10101010110111010
10101010110111101
10101010110111111
10101010111010000
10101010111010001
10101010111010010
10101010111010011
10101010111010100
10101010111010101
10101010111010110
10101010111010111
10101010111011000
10101010111011010
10101010111011101
10101010111011111
10101010111110000
10101010111110010
10101010111110101
10101010111110111
10101010111111000
10101010111111010
10101010111111101
10101010111111111
10101011000010000
10101011000010010
10101011000010100
10101011000010110
10101011000011000
10101011000011010
10101011000110000
10101011000110010
10101011000111000
10101011000111010
10101011001010000
10101011001010010
10101011001010100
10101011001010110
10101011001011000
10101011001011010
10101011001110000
10101011001110010
10101011001111000
10101011001111010
10101011011010000
10101011011110000
10101011100010000
10101011100010010
10101011100010100
10101011100010110
10101011100011000
10101011100011010
10101011100110000
10101011100110010
10101011100111000
10101011100111010
10101011101010000
10101011101010010
10101011101010100
10101011101010110
10101011101011000
10101011101011010
10101011101110000
10101011101110010
10101011101111000
10101011101111010
10101011110010000
10101011110010010
10101011110010100
10101011110010110
10101011110011000
10101011110011010
10101011110110000
10101011110110010
10101011110111000
10101011110111010
10101011111010000
10101011111010010
10101011111010100
10101011111010110
10101011111011000
10101011111011010
10101011111110000
10101011111110010
10101011111111000
10101011111111010
10101110000010000
10101110000010001
10101110000010010
10101110000010011
10101110000010100
10101110000010101
10101110000010110
10101110000010111
10101110000011000
10101110000011010
10101110000011101
10101110000011111
10101110000110000
10101110000110010
10101110000110101
10101110000110111
10101110000111101
10101110000111111
10101110001010000
10101110001010001
10101110001010010
10101110001010011
10101110001010100
10101110001010101
10101110001010110
10101110001010111
10101110001011000
10101110001011010
10101110001011101
10101110001011111
10101110001110000
10101110001110010
10101110001110101
10101110001110111
10101110001111101
10101110001111111
10101110011010000
10101110011010001
10101110011010010
10101110011010011
10101110011010100
10101110011010101
10101110011010110
10101110011010111
10101110011011000
10101110011011010
10101110011011101
10101110011011111
10101110011110000
10101110011110010
10101110011110101
10101110011110111
10101110011111101
10101110011111111
10101110100010000
10101110100010001
10101110100010010
10101110100010011
10101110100010100
10101110100010101
10101110100010110
10101110100010111
10101110100011000
10101110100011010
10101110100011101
10101110100011111
10101110100110000
10101110100110010
10101110100110101
10101110100110111
10101110100111101
10101110100111111
10101110101010000
10101110101010001
10101110101010010
10101110101010011
10101110101010100
10101110101010101
10101110101010110
10101110101010111
10101110101011000
10101110101011010
10101110101011101
10101110101011111
10101110101110000
10101110101110010
10101110101110101
10101110101110111
10101110101111101
10101110101111111
10101110110010000
10101110110010001
10101110110010010
10101110110010011
10101110110010100
10101110110010101
10101110110010110
10101110110010111
10101110110011000
10101110110011010
10101110110011101
10101110110011111
10101110110110000
10101110110110010
10101110110110101
10101110110110111
10101110110111101
10101110110111111
10101110111010000
10101110111010001
10101110111010010
10101110111010011
10101110111010100
10101110111010101
10101110111010110
10101110111010111
10101110111011000
10101110111011010
10101110111011101
10101110111011111
10101110111110000
10101110111110010
10101110111110101
10101110111110111
10101110111111101
10101110111111111
10101111000010000
10101111000010010
10101111000010100
10101111000010110
10101111000011000
10101111000011010
10101111000110000
10101111000110010
10101111001010000
10101111001010010
10101111001010100
10101111001010110
10101111001011000
10101111001011010
10101111001110000
10101111001110010
10101111011010000
10101111011110000
10101111100010000
10101111100010010
10101111100010100
10101111100010110
10101111100011000
10101111100011010
10101111100110000
10101111100110010
10101111101010000
10101111101010010
10101111101010100
10101111101010110
10101111101011000
10101111101011010
10101111101110000
10101111101110010
10101111110010000
10101111110010010
10101111110010100
10101111110010110
10101111110011000
10101111110011010
10101111110110000
10101111110110010
10101111111010000
10101111111010010
10101111111010100
10101111111010110
10101111111011000
10101111111011010
10101111111110000
10101111111110010
10111010000010000
10111010000010001
10111010000010010
10111010000010011
10111010000010100
10111010000010101
10111010000010110
10111010000010111
10111010000011000
10111010000011010
10111010000011101
10111010000011111
10111010000110000
10111010000110010
10111010000110101
10111010000110111
10111010000111000
10111010000111010
10111010000111101
10111010000111111
10111010001010000
10111010001010001
10111010001010010
10111010001010011
10111010001010100
10111010001010101
10111010001010110
10111010001010111
10111010001011000
10111010001011010
10111010001011101
10111010001011111
10111010001110000
10111010001110010
10111010001110101
10111010001110111
10111010001111000
10111010001111010
10111010001111101
10111010001111111
10111010011010000
10111010011010001
10111010011010010
10111010011010011
10111010011010100
10111010011010101
10111010011010110
10111010011010111
10111010011011000
10111010011011010
10111010011011101
10111010011011111
10111010011110000
10111010011110010
10111010011110101
10111010011110111
10111010011111000
10111010011111010
10111010011111101
10111010011111111
10111010100010000
10111010100010001
10111010100010010
10111010100010011
10111010100010100
10111010100010101
10111010100010110
10111010100010111
10111010100011000
10111010100011010
10111010100011101
10111010100011111
10111010100110000
10111010100110010
10111010100110101
10111010100110111
10111010100111000
10111010100111010
10111010100111101
10111010100111111
10111010101010000
10111010101010001
10111010101010010
10111010101010011
10111010101010100
10111010101010101
10111010101010110
10111010101010111
10111010101011000
10111010101011010
10111010101011101
10111010101011111
10111010101110000
10111010101110010
10111010101110101
10111010101110111
10111010101111000
10111010101111010
10111010101111101
10111010101111111
10111010110010000
10111010110010001
10111010110010010
10111010110010011
10111010110010100
10111010110010101
10111010110010110
10111010110010111
10111010110011000
10111010110011010
10111010110011101
10111010110011111
10111010110110000
10111010110110010
10111010110110101
10111010110110111
10111010110111000
10111010110111010
10111010110111101
10111010110111111
10111010111010000
10111010111010001
10111010111010010
10111010111010011
10111010111010100
10111010111010101
10111010111010110
10111010111010111
10111010111011000
10111010111011010
10111010111011101
10111010111011111
10111010111110000
10111010111110010
10111010111110101
10111010111110111
10111010111111000
10111010111111010
10111010111111101
10111010111111111
10111011000010000
10111011000010010
10111011000010100
10111011000010110
10111011000011000
10111011000011010
10111011000110000
10111011000110010
10111011000111000
10111011000111010
10111011001010000
10111011001010010
10111011001010100
10111011001010110
10111011001011000
10111011001011010
10111011001110000
10111011001110010
10111011001111000
10111011001111010
10111011011010000
10111011011110000
10111011100010000
10111011100010010
10111011100010100
10111011100010110
10111011100011000
10111011100011010
10111011100110000
10111011100110010
10111011100111000
10111011100111010
10111011101010000
10111011101010010
10111011101010100
10111011101010110
10111011101011000
10111011101011010
10111011101110000
10111011101110010
10111011101111000
10111011101111010
10111011110010000
10111011110010010
10111011110010100
10111011110010110
10111011110011000
10111011110011010
10111011110110000
10111011110110010
10111011110111000
10111011110111010
10111011111010000
10111011111010010
10111011111010100
10111011111010110
10111011111011000
10111011111011010
10111011111110000
10111011111110010
10111011111111000
10111011111111010
10111110000010000
10111110000010001
10111110000010010
10111110000010011
10111110000010100
10111110000010101
10111110000010110
10111110000010111
10111110000011000
10111110000011010
10111110000011101
10111110000011111
10111110000110000
10111110000110010
10111110000110101
10111110000110111
10111110000111101
10111110000111111
10111110001010000
10111110001010001
10111110001010010
10111110001010011
10111110001010100
10111110001010101
10111110001010110
10111110001010111
10111110001011000
10111110001011010
10111110001011101
10111110001011111
10111110001110000
10111110001110010
10111110001110101
10111110001110111
10111110001111101
10111110001111111
10111110011010000
10111110011010001
10111110011010010
10111110011010011
10111110011010100
10111110011010101
10111110011010110
10111110011010111
10111110011011000
10111110011011010
10111110011011101
10111110011011111
10111110011110000
10111110011110010
10111110011110101
10111110011110111
10111110011111101
10111110011111111
10111110100010000
10111110100010001
10111110100010010
10111110100010011
10111110100010100
10111110100010101
10111110100010110
10111110100010111
10111110100011000
10111110100011010
10111110100011101
10111110100011111
10111110100110000
10111110100110010
10111110100110101
10111110100110111
10111110100111101
10111110100111111
10111110101010000
10111110101010001
10111110101010010
10111110101010011
10111110101010100
10111110101010101
10111110101010110
10111110101010111
10111110101011000
10111110101011010
10111110101011101
10111110101011111
10111110101110000
10111110101110010
10111110101110101
10111110101110111
10111110101111101
10111110101111111
10111110110010000
10111110110010001
10111110110010010
10111110110010011
10111110110010100
10111110110010101
10111110110010110
10111110110010111
10111110110011000
10111110110011010
10111110110011101
10111110110011111
10111110110110000
10111110110110010
10111110110110101
10111110110110111
10111110110111101
10111110110111111
10111110111010000
10111110111010001
10111110111010010
10111110111010011
10111110111010100
10111110111010101
10111110111010110
10111110111010111
10111110111011000
10111110111011010
10111110111011101
10111110111011111
10111110111110000
10111110111110010
10111110111110101
10111110111110111
10111110111111101
10111110111111111
10111111000010000
10111111000010010
10111111000010100
10111111000010110
10111111000011000
10111111000011010
10111111000110000
10111111000110010
10111111001010000
10111111001010010
10111111001010100
10111111001010110
10111111001011000
10111111001011010
10111111001110000
10111111001110010
10111111011010000
10111111011110000
10111111100010000
10111111100010010
10111111100010100
10111111100010110
10111111100011000
10111111100011010
10111111100110000
10111111100110010
10111111101010000
10111111101010010
10111111101010100
10111111101010110
10111111101011000
10111111101011010
10111111101110000
10111111101110010
10111111110010000
10111111110010010
10111111110010100
10111111110010110
10111111110011000
10111111110011010
10111111110110000
10111111110110010
10111111111010000
10111111111010010
10111111111010100
10111111111010110
10111111111011000
10111111111011010
10111111111110000
10111111111110010
11001010001010000
11001010001010001
11001010001010010
11001010001010011
11001010001010100
11001010001010101
11001010001010110
11001010001010111
11001010001011000
11001010001011010
11001010001011101
11001010001011111
11001010001110000
11001010001110001
11001010001110010
11001010001110011
11001010001110101
11001010001110111
11001010001111000
11001010001111010
11001010001111101
11001010001111111
11001010011010000
11001010011010001
11001010011010010
11001010011010011
11001010011010100
11001010011010101
11001010011010110
11001010011010111
11001010011011000
11001010011011010
11001010011011101
11001010011011111
11001010011110000
11001010011110001
11001010011110010
11001010011110011
11001010011110101
11001010011110111
11001010011111000
11001010011111010
11001010011111101
11001010011111111
11001010101010000
11001010101010001
11001010101010010
11001010101010011
11001010101010100
11001010101010101
11001010101010110
11001010101010111
11001010101011000
11001010101011010
11001010101011101
11001010101011111
11001010101110000
11001010101110001
11001010101110010
11001010101110011
11001010101110101
11001010101110111
11001010101111000
11001010101111010
11001010101111101
11001010101111111
11001010111010000
11001010111010001
11001010111010010
11001010111010011
11001010111010100
11001010111010101
11001010111010110
11001010111010111
11001010111011000
11001010111011010
11001010111011101
11001010111011111
11001010111110000
11001010111110001
11001010111110010
11001010111110011
11001010111110101
11001010111110111
11001010111111000
11001010111111010
11001010111111101
11001010111111111
11001011001010000
11001011001010010
11001011001010100
11001011001010110
11001011001011000
11001011001011010
11001011001110000
11001011001110010
11001011001111000
11001011001111010
11001011011010000
11001011011010010
11001011011010100
11001011011010110
11001011011011000
11001011011011010
11001011011110000
11001011011110010
11001011011111000
11001011011111010
11001011101010000
11001011101010010
11001011101010100
11001011101010110
11001011101011000
11001011101011010
11001011101110000
11001011101110010
11001011101111000
11001011101111010
11001011111010000
11001011111010010
11001011111010100
11001011111010110
11001011111011000
11001011111011010
11001011111110000
11001011111110010
11001011111111000
11001011111111010
11001110001010000
11001110001010001
11001110001010010
11001110001010011
11001110001010100
11001110001010101
11001110001010110
11001110001010111
11001110001011000
11001110001011010
11001110001011101
11001110001011111
11001110001110000
11001110001110001
11001110001110010
11001110001110011
11001110001110101
11001110001110111
11001110001111101
11001110001111111
11001110011010000
11001110011010001
11001110011010010
11001110011010011
11001110011010100
11001110011010101
11001110011010110
11001110011010111
11001110011011000
11001110011011010
11001110011011101
11001110011011111
11001110011110000
11001110011110001
11001110011110010
11001110011110011
11001110011110101
11001110011110111
11001110011111101
11001110011111111
11001110101010000
11001110101010001
11001110101010010
11001110101010011
11001110101010100
11001110101010101
11001110101010110
11001110101010111
11001110101011000
11001110101011010
11001110101011101
11001110101011111
11001110101110000
11001110101110001
11001110101110010
11001110101110011
11001110101110101
11001110101110111
11001110101111101
11001110101111111
11001110111010000
11001110111010001
11001110111010010
11001110111010011
11001110111010100
11001110111010101
11001110111010110
11001110111010111
11001110111011000
11001110111011010
11001110111011101
11001110111011111
11001110111110000
11001110111110001
11001110111110010
11001110111110011
11001110111110101
11001110111110111
11001110111111101
11001110111111111
11001111001010000
11001111001010010
11001111001010100
11001111001010110
11001111001011000
11001111001011010
11001111001110000
11001111001110010
11001111011010000
11001111011010010
11001111011010100
11001111011010110
11001111011011000
11001111011011010
11001111011110000
11001111011110010
11001111101010000
11001111101010010
11001111101010100
11001111101010110
11001111101011000
11001111101011010
11001111101110000
11001111101110010
11001111111010000
11001111111010010
11001111111010100
11001111111010110
11001111111011000
11001111111011010
11001111111110000
11001111111110010
11011010001010000
11011010001010001
11011010001010010
11011010001010011
11011010001010100
11011010001010101
11011010001010110
11011010001010111
11011010001011000
11011010001011010
11011010001011101
11011010001011111
11011010001110000
11011010001110001
11011010001110010
11011010001110011
11011010001110101
11011010001110111
11011010001111000
11011010001111010
11011010001111101
11011010001111111
11011010011010000
11011010011010001
11011010011010010
11011010011010011
11011010011010100
11011010011010101
11011010011010110
11011010011010111
11011010011011000
11011010011011010
11011010011011101
11011010011011111
11011010011110000
11011010011110001
11011010011110010
11011010011110011
11011010011110101
11011010011110111
11011010011111000
11011010011111010
11011010011111101
11011010011111111
11011010101010000
11011010101010001
11011010101010010
11011010101010011
11011010101010100
11011010101010101
11011010101010110
11011010101010111
11011010101011000
11011010101011010
11011010101011101
11011010101011111
11011010101110000
11011010101110001
11011010101110010
11011010101110011
11011010101110101
11011010101110111
11011010101111000
11011010101111010
11011010101111101
11011010101111111
11011010111010000
11011010111010001
11011010111010010
11011010111010011
11011010111010100
11011010111010101
11011010111010110
11011010111010111
11011010111011000
11011010111011010
11011010111011101
11011010111011111
11011010111110000
11011010111110001
11011010111110010
11011010111110011
11011010111110101
11011010111110111
11011010111111000
11011010111111010
11011010111111101
11011010111111111
11011011001010000
11011011001010010
11011011001010100
11011011001010110
11011011001011000
11011011001011010
11011011001110000
11011011001110010
11011011001111000
11011011001111010
11011011011010000
11011011011010010
11011011011010100
11011011011010110
11011011011011000
11011011011011010
11011011011110000
11011011011110010
11011011011111000
11011011011111010
11011011101010000
11011011101010010
11011011101010100
11011011101010110
11011011101011000
11011011101011010
11011011101110000
11011011101110010
11011011101111000
11011011101111010
11011011111010000
11011011111010010
11011011111010100
11011011111010110
11011011111011000
11011011111011010
11011011111110000
11011011111110010
11011011111111000
11011011111111010
11011110001010000
11011110001010001
11011110001010010
11011110001010011
11011110001010100
11011110001010101
11011110001010110
11011110001010111
11011110001011000
11011110001011010
11011110001011101
11011110001011111
11011110001110000
11011110001110001
11011110001110010
11011110001110011
11011110001110101
11011110001110111
11011110001111101
11011110001111111
11011110011010000
11011110011010001
11011110011010010
11011110011010011
11011110011010100
11011110011010101
11011110011010110
11011110011010111
11011110011011000
11011110011011010
11011110011011101
11011110011011111
11011110011110000
11011110011110001
11011110011110010
11011110011110011
11011110011110101
11011110011110111
11011110011111101
11011110011111111
11011110101010000
11011110101010001
11011110101010010
11011110101010011
11011110101010100
11011110101010101
11011110101010110
11011110101010111
11011110101011000
11011110101011010
11011110101011101
11011110101011111
11011110101110000
11011110101110001
11011110101110010
11011110101110011
11011110101110101
11011110101110111
11011110101111101
11011110101111111
11011110111010000
11011110111010001
11011110111010010
11011110111010011
11011110111010100
11011110111010101
11011110111010110
11011110111010111
11011110111011000
11011110111011010
11011110111011101
11011110111011111
11011110111110000
11011110111110001
11011110111110010
11011110111110011
11011110111110101
11011110111110111
11011110111111101
11011110111111111
11011111001010000
11011111001010010
11011111001010100
11011111001010110
11011111001011000
11011111001011010
11011111001110000
11011111001110010
11011111011010000
11011111011010010
11011111011010100
11011111011010110
11011111011011000
11011111011011010
11011111011110000
11011111011110010
11011111101010000
11011111101010010
11011111101010100
11011111101010110
11011111101011000
11011111101011010
11011111101110000
11011111101110010
11011111111010000
11011111111010010
11011111111010100
11011111111010110
11011111111011000
11011111111011010
11011111111110000
11011111111110010
11101010000010000
11101010000010001
11101010000010010
11101010000010011
11101010000010100
11101010000010101
11101010000010110
11101010000010111
11101010000011000
11101010000011010
11101010000011101
11101010000011111
11101010000110000
11101010000110001
11101010000110010
11101010000110011
11101010000110101
11101010000110111
11101010000111000
11101010000111010
11101010000111101
11101010000111111
11101010001010000
11101010001010001
11101010001010010
11101010001010011
11101010001010100
11101010001010101
11101010001010110
11101010001010111
11101010001011000
11101010001011010
11101010001011101
11101010001011111
11101010001110000
11101010001110001
11101010001110010
11101010001110011
11101010001110101
11101010001110111
11101010001111000
11101010001111010
11101010001111101
11101010001111111
11101010011010000
11101010011010001
11101010011010010
11101010011010011
11101010011010100
11101010011010101
11101010011010110
11101010011010111
11101010011011000
11101010011011010
11101010011011101
11101010011011111
11101010011110000
11101010011110001
11101010011110010
11101010011110011
11101010011110101
11101010011110111
11101010011111000
11101010011111010
11101010011111101
11101010011111111
11101010100010000
11101010100010001
11101010100010010
11101010100010011
11101010100010100
11101010100010101
11101010100010110
11101010100010111
11101010100011000
11101010100011010
11101010100011101
11101010100011111
11101010100110000
11101010100110001
11101010100110010
11101010100110011
11101010100110101
11101010100110111
11101010100111000
11101010100111010
11101010100111101
11101010100111111
11101010101010000
11101010101010001
11101010101010010
11101010101010011
11101010101010100
11101010101010101
11101010101010110
11101010101010111
11101010101011000
11101010101011010
11101010101011101
11101010101011111
11101010101110000
11101010101110001
11101010101110010
11101010101110011
11101010101110101
11101010101110111
11101010101111000
11101010101111010
11101010101111101
11101010101111111
11101010110010000
11101010110010001
11101010110010010
11101010110010011
11101010110010100
11101010110010101
11101010110010110
11101010110010111
11101010110011000
11101010110011010
11101010110011101
11101010110011111
11101010110110000
11101010110110001
11101010110110010
11101010110110011
11101010110110101
11101010110110111
11101010110111000
11101010110111010
11101010110111101
11101010110111111
11101010111010000
11101010111010001
11101010111010010
11101010111010011
11101010111010100
11101010111010101
11101010111010110
11101010111010111
11101010111011000
11101010111011010
11101010111011101
11101010111011111
11101010111110000
11101010111110001
11101010111110010
11101010111110011
11101010111110101
11101010111110111
11101010111111000
11101010111111010
11101010111111101
11101010111111111
11101011000010000
11101011000010010
11101011000010100
11101011000010110
11101011000011000
11101011000011010
11101011000110000
11101011000110010
11101011000111000
11101011000111010
11101011001010000
11101011001010010
11101011001010100
11101011001010110
11101011001011000
11101011001011010
11101011001110000
11101011001110010
11101011001111000
11101011001111010
11101011011010000
11101011011110000
11101011100010000
11101011100010010
11101011100010100
11101011100010110
11101011100011000
11101011100011010
11101011100110000
11101011100110010
11101011100111000
11101011100111010
11101011101010000
11101011101010010
11101011101010100
11101011101010110
11101011101011000
11101011101011010
11101011101110000
11101011101110010
11101011101111000
11101011101111010
11101011110010000
11101011110010010
11101011110010100
11101011110010110
11101011110011000
11101011110011010
11101011110110000
11101011110110010
11101011110111000
11101011110111010
11101011111010000
11101011111010010
11101011111010100
11101011111010110
11101011111011000
11101011111011010
11101011111110000
11101011111110010
11101011111111000
11101011111111010
11101110000010000
11101110000010001
11101110000010010
11101110000010011
11101110000010100
11101110000010101
11101110000010110
11101110000010111
11101110000011000
11101110000011010
11101110000011101
11101110000011111
11101110000110000
11101110000110001
11101110000110010
11101110000110011
11101110000110101
11101110000110111
11101110000111101
11101110000111111
11101110001010000
11101110001010001
11101110001010010
11101110001010011
11101110001010100
11101110001010101
11101110001010110
11101110001010111
11101110001011000
11101110001011010
11101110001011101
11101110001011111
11101110001110000
11101110001110001
11101110001110010
11101110001110011
11101110001110101
11101110001110111
11101110001111101
11101110001111111
11101110011010000
11101110011010001
11101110011010010
11101110011010011
11101110011010100
11101110011010101
11101110011010110
11101110011010111
11101110011011000
11101110011011010
11101110011011101
11101110011011111
11101110011110000
11101110011110001
11101110011110010
11101110011110011
11101110011110101
11101110011110111
11101110011111101
11101110011111111
11101110100010000
11101110100010001
11101110100010010
11101110100010011
11101110100010100
11101110100010101
11101110100010110
11101110100010111
11101110100011000
11101110100011010
11101110100011101
11101110100011111
11101110100110000
11101110100110001
11101110100110010
11101110100110011
11101110100110101
11101110100110111
11101110100111101
11101110100111111
11101110101010000
11101110101010001
11101110101010010
11101110101010011
11101110101010100
11101110101010101
11101110101010110
11101110101010111
11101110101011000
11101110101011010
11101110101011101
11101110101011111
11101110101110000
11101110101110001
11101110101110010
11101110101110011
11101110101110101
11101110101110111
11101110101111101
11101110101111111
11101110110010000
11101110110010001
11101110110010010
11101110110010011
11101110110010100
11101110110010101
11101110110010110
11101110110010111
11101110110011000
11101110110011010
11101110110011101
11101110110011111
11101110110110000
11101110110110001
11101110110110010
11101110110110011
11101110110110101
11101110110110111
11101110110111101
11101110110111111
11101110111010000
11101110111010001
11101110111010010
11101110111010011
11101110111010100
11101110111010101
11101110111010110
11101110111010111
11101110111011000
11101110111011010
11101110111011101
11101110111011111
11101110111110000
11101110111110001
11101110111110010
11101110111110011
11101110111110101
11101110111110111
11101110111111101
11101110111111111
11101111000010000
11101111000010010
11101111000010100
11101111000010110
11101111000011000
11101111000011010
11101111000110000
11101111000110010
11101111001010000
11101111001010010
11101111001010100
11101111001010110
11101111001011000
11101111001011010
11101111001110000
11101111001110010
11101111011010000
11101111011110000
11101111100010000
11101111100010010
11101111100010100
11101111100010110
11101111100011000
11101111100011010
11101111100110000
11101111100110010
11101111101010000
11101111101010010
11101111101010100
11101111101010110
11101111101011000
11101111101011010
11101111101110000
11101111101110010
11101111110010000
11101111110010010
11101111110010100
11101111110010110
11101111110011000
11101111110011010
11101111110110000
11101111110110010
11101111111010000
11101111111010010
11101111111010100
11101111111010110
11101111111011000
11101111111011010
11101111111110000
11101111111110010
11111010000010000
11111010000010001
11111010000010010
11111010000010011
11111010000010100
11111010000010101
11111010000010110
11111010000010111
11111010000011000
11111010000011010
11111010000011101
11111010000011111
11111010000110000
11111010000110001
11111010000110010
11111010000110011
11111010000110101
11111010000110111
11111010000111000
11111010000111010
11111010000111101
11111010000111111
11111010001010000
11111010001010001
11111010001010010
11111010001010011
11111010001010100
11111010001010101
11111010001010110
11111010001010111
11111010001011000
11111010001011010
11111010001011101
11111010001011111
11111010001110000
11111010001110001
11111010001110010
11111010001110011
11111010001110101
11111010001110111
11111010001111000
11111010001111010
11111010001111101
11111010001111111
11111010011010000
11111010011010001
11111010011010010
11111010011010011
11111010011010100
11111010011010101
11111010011010110
11111010011010111
11111010011011000
11111010011011010
11111010011011101
11111010011011111
11111010011110000
11111010011110001
11111010011110010
11111010011110011
11111010011110101
11111010011110111
11111010011111000
11111010011111010
11111010011111101
11111010011111111
11111010100010000
11111010100010001
11111010100010010
11111010100010011
11111010100010100
11111010100010101
11111010100010110
11111010100010111
11111010100011000
11111010100011010
11111010100011101
11111010100011111
11111010100110000
11111010100110001
11111010100110010
11111010100110011
11111010100110101
11111010100110111
11111010100111000
11111010100111010
11111010100111101
11111010100111111
11111010101010000
11111010101010001
11111010101010010
11111010101010011
11111010101010100
11111010101010101
11111010101010110
11111010101010111
11111010101011000
11111010101011010
11111010101011101
11111010101011111
11111010101110000
11111010101110001
11111010101110010
11111010101110011
11111010101110101
11111010101110111
11111010101111000
11111010101111010
11111010101111101
11111010101111111
11111010110010000
11111010110010001
11111010110010010
11111010110010011
11111010110010100
11111010110010101
11111010110010110
11111010110010111
11111010110011000
11111010110011010
11111010110011101
11111010110011111
11111010110110000
11111010110110001
11111010110110010
11111010110110011
11111010110110101
11111010110110111
11111010110111000
11111010110111010
11111010110111101
11111010110111111
11111010111010000
11111010111010001
11111010111010010
11111010111010011
11111010111010100
11111010111010101
11111010111010110
11111010111010111
11111010111011000
11111010111011010
11111010111011101
11111010111011111
11111010111110000
11111010111110001
11111010111110010
11111010111110011
11111010111110101
11111010111110111
11111010111111000
11111010111111010
11111010111111101
11111010111111111
11111011000010000
11111011000010010
11111011000010100
11111011000010110
11111011000011000
11111011000011010
11111011000110000
11111011000110010
11111011000111000
11111011000111010
11111011001010000
11111011001010010
11111011001010100
11111011001010110
11111011001011000
11111011001011010
11111011001110000
11111011001110010
11111011001111000
11111011001111010
11111011011010000
11111011011110000
11111011100010000
11111011100010010
11111011100010100
11111011100010110
11111011100011000
11111011100011010
11111011100110000
11111011100110010
11111011100111000
11111011100111010
11111011101010000
11111011101010010
11111011101010100
11111011101010110
11111011101011000
11111011101011010
11111011101110000
11111011101110010
11111011101111000
11111011101111010
11111011110010000
11111011110010010
11111011110010100
11111011110010110
11111011110011000
11111011110011010
11111011110110000
11111011110110010
11111011110111000
11111011110111010
11111011111010000
11111011111010010
11111011111010100
11111011111010110
11111011111011000
11111011111011010
11111011111110000
11111011111110010
11111011111111000
11111011111111010
11111110000010000
11111110000010001
11111110000010010
11111110000010011
11111110000010100
11111110000010101
11111110000010110
11111110000010111
11111110000011000
11111110000011010
11111110000011101
11111110000011111
11111110000110000
11111110000110001
11111110000110010
11111110000110011
11111110000110101
11111110000110111
11111110000111101
11111110000111111
11111110001010000
11111110001010001
11111110001010010
11111110001010011
11111110001010100
11111110001010101
11111110001010110
11111110001010111
11111110001011000
11111110001011010
11111110001011101
11111110001011111
11111110001110000
11111110001110001
11111110001110010
11111110001110011
11111110001110101
11111110001110111
11111110001111101
11111110001111111
11111110011010000
11111110011010001
11111110011010010
11111110011010011
11111110011010100
11111110011010101
11111110011010110
11111110011010111
11111110011011000
11111110011011010
11111110011011101
11111110011011111
11111110011110000
11111110011110001
11111110011110010
11111110011110011
11111110011110101
11111110011110111
11111110011111101
11111110011111111
11111110100010000
11111110100010001
11111110100010010
11111110100010011
11111110100010100
11111110100010101
11111110100010110
11111110100010111
11111110100011000
11111110100011010
11111110100011101
11111110100011111
11111110100110000
11111110100110001
11111110100110010
11111110100110011
11111110100110101
11111110100110111
11111110100111101
11111110100111111
11111110101010000
11111110101010001
11111110101010010
11111110101010011
11111110101010100
11111110101010101
11111110101010110
11111110101010111
11111110101011000
11111110101011010
11111110101011101
11111110101011111
11111110101110000
11111110101110001
11111110101110010
11111110101110011
11111110101110101
11111110101110111
11111110101111101
11111110101111111
11111110110010000
11111110110010001
11111110110010010
11111110110010011
11111110110010100
11111110110010101
11111110110010110
11111110110010111
11111110110011000
11111110110011010
11111110110011101
11111110110011111
11111110110110000
11111110110110001
11111110110110010
11111110110110011
11111110110110101
11111110110110111
11111110110111101
11111110110111111
11111110111010000
11111110111010001
11111110111010010
11111110111010011
11111110111010100
11111110111010101
11111110111010110
11111110111010111
11111110111011000
11111110111011010
11111110111011101
11111110111011111
11111110111110000
11111110111110001
11111110111110010
11111110111110011
11111110111110101
11111110111110111
11111110111111101
11111110111111111
11111111000010000
11111111000010010
11111111000010100
11111111000010110
11111111000011000
11111111000011010
11111111000110000
11111111000110010
11111111001010000
11111111001010010
11111111001010100
11111111001010110
11111111001011000
11111111001011010
11111111001110000
11111111001110010
11111111011010000
11111111011110000
11111111100010000
11111111100010010
11111111100010100
11111111100010110
11111111100011000
11111111100011010
11111111100110000
11111111100110010
11111111101010000
11111111101010010
11111111101010100
11111111101010110
11111111101011000
11111111101011010
11111111101110000
11111111101110010
11111111110010000
11111111110010010
11111111110010100
11111111110010110
11111111110011000
11111111110011010
11111111110110000
11111111110110010
11111111111010000
11111111111010010
11111111111010100
11111111111010110
11111111111011000
11111111111011010
11111111111110000
11111111111110010
