10001010000000000
10001010000000001
10001010000000010
10001010000000011
10001010000000100
10001010000000101
10001010000000110
10001010000000111
10001010000001000
10001010000001010
10001010000001101
10001010000001111
10001010000010000
10001010000010001
10001010000010010
10001010000010011
10001010000010100
10001010000010101
10001010000010110
10001010000010111
10001010000011000
10001010000011010
10001010000011101
10001010000011111
10001010000100000
10001010000100001
10001010000100010
10001010000100011
10001010000100101
10001010000100111
10001010000101000
10001010000101010
10001010000101101
10001010000101111
10001010000110000
10001010000110001
10001010000110010
10001010000110011
10001010000110101
10001010000110111
10001010000111000
10001010000111010
10001010000111101
10001010000111111
10001010001000000
10001010001000001
10001010001000010
10001010001000011
10001010001000100
10001010001000101
10001010001000110
10001010001000111
10001010001001000
10001010001001010
10001010001001101
10001010001001111
10001010001100000
10001010001100001
10001010001100010
10001010001100011
10001010001100101
10001010001100111
10001010001101000
10001010001101010
10001010001101101
10001010001101111
10001010001110001
10001010001110011
10001010011000000
10001010011000001
10001010011000010
10001010011000011
10001010011000100
10001010011000101
10001010011000110
10001010011000111
10001010011001000
10001010011001010
10001010011001101
10001010011001111
10001010011100000
10001010011100001
10001010011100010
10001010011100011
10001010011100101
10001010011100111
10001010011101000
10001010011101010
10001010011101101
10001010011101111
10001010011110001
10001010011110011
10001010100000000
10001010100000001
10001010100000010
10001010100000011
10001010100000100
10001010100000101
10001010100000110
10001010100000111
10001010100001000
10001010100001010
10001010100001101
10001010100001111
10001010100010000
10001010100010001
10001010100010010
10001010100010011
10001010100010100
10001010100010101
10001010100010110
10001010100010111
10001010100011000
10001010100011010
10001010100011101
10001010100011111
10001010100100000
10001010100100001
10001010100100010
10001010100100011
10001010100100101
10001010100100111
10001010100101000
10001010100101010
10001010100101101
10001010100101111
10001010100110000
10001010100110001
10001010100110010
10001010100110011
10001010100110101
10001010100110111
10001010100111000
10001010100111010
10001010100111101
10001010100111111
10001010101000000
10001010101000001
10001010101000010
10001010101000011
10001010101000100
10001010101000101
10001010101000110
10001010101000111
10001010101001000
10001010101001010
10001010101001101
10001010101001111
10001010101100000
10001010101100001
10001010101100010
10001010101100011
10001010101100101
10001010101100111
10001010101101000
10001010101101010
10001010101101101
10001010101101111
10001010101110001
10001010101110011
10001010110000000
10001010110000001
10001010110000010
10001010110000011
10001010110000100
10001010110000101
10001010110000110
10001010110000111
10001010110001000
10001010110001010
10001010110001101
10001010110001111
10001010110010000
10001010110010001
10001010110010010
10001010110010011
10001010110010100
10001010110010101
10001010110010110
10001010110010111
10001010110011000
10001010110011010
10001010110011101
10001010110011111
10001010110100000
10001010110100001
10001010110100010
10001010110100011
10001010110100101
10001010110100111
10001010110101000
10001010110101010
10001010110101101
10001010110101111
10001010110110000
10001010110110001
10001010110110010
10001010110110011
10001010110110101
10001010110110111
10001010110111000
10001010110111010
10001010110111101
10001010110111111
10001010111000000
10001010111000001
10001010111000010
10001010111000011
10001010111000100
10001010111000101
10001010111000110
10001010111000111
10001010111001000
10001010111001010
10001010111001101
10001010111001111
10001010111100000
10001010111100001
10001010111100010
10001010111100011
10001010111100101
10001010111100111
10001010111101000
10001010111101010
10001010111101101
10001010111101111
10001010111110001
10001010111110011
10001011000000000
10001011000000010
10001011000000100
10001011000000110
10001011000001000
10001011000001010
10001011000010000
10001011000010010
10001011000010100
10001011000010110
10001011000011000
10001011000011010
10001011000100000
10001011000100010
10001011000101000
10001011000101010
10001011000110000
10001011000110010
10001011000111000
10001011000111010
10001011001000000
10001011001000010
10001011001000100
10001011001000110
10001011001001000
10001011001001010
10001011001100000
10001011001100010
10001011001101000
10001011001101010
10001011011000000
10001011011000010
10001011011000100
10001011011000110
10001011011001000
10001011011001010
10001011011100000
10001011011100010
10001011011101000
10001011011101010
10001011100000000
10001011100000010
10001011100000100
10001011100000110
10001011100001000
10001011100001010
10001011100010000
10001011100010010
10001011100010100
10001011100010110
10001011100011000
10001011100011010
10001011100100000
10001011100100010
10001011100101000
10001011100101010
10001011100110000
10001011100110010
10001011100111000
10001011100111010
10001011101000000
10001011101000010
10001011101000100
10001011101000110
10001011101001000
10001011101001010
10001011101100000
10001011101100010
10001011101101000
10001011101101010
10001011110000000
10001011110000010
10001011110000100
10001011110000110
10001011110001000
10001011110001010
10001011110010000
10001011110010010
10001011110010100
10001011110010110
10001011110011000
10001011110011010
10001011110100000
10001011110100010
10001011110101000
10001011110101010
10001011110110000
10001011110110010
10001011110111000
10001011110111010
10001011111000000
10001011111000010
10001011111000100
10001011111000110
10001011111001000
10001011111001010
10001011111100000
10001011111100010
10001011111101000
10001011111101010
10001110000000000
10001110000000001
10001110000000010
10001110000000011
10001110000000100
10001110000000101
10001110000000110
10001110000000111
10001110000001000
10001110000001010
10001110000001101
10001110000001111
10001110000010000
10001110000010001
10001110000010010
10001110000010011
10001110000010100
10001110000010101
10001110000010110
10001110000010111
10001110000011000
10001110000011010
10001110000011101
10001110000011111
10001110000100000
10001110000100001
10001110000100010
10001110000100011
10001110000100101
10001110000100111
10001110000101101
10001110000101111
10001110000110000
10001110000110001
10001110000110010
10001110000110011
10001110000110101
10001110000110111
10001110000111101
10001110000111111
10001110001000000
10001110001000001
10001110001000010
10001110001000011
10001110001000100
10001110001000101
10001110001000110
10001110001000111
10001110001001000
10001110001001010
10001110001001101
10001110001001111
10001110001100000
10001110001100001
10001110001100010
10001110001100011
10001110001100101
10001110001100111
10001110001101101
10001110001101111
10001110001110001
10001110001110011
10001110011000000
10001110011000001
10001110011000010
10001110011000011
10001110011000100
10001110011000101
10001110011000110
10001110011000111
10001110011001000
10001110011001010
10001110011001101
10001110011001111
10001110011100000
10001110011100001
10001110011100010
10001110011100011
10001110011100101
10001110011100111
10001110011101101
10001110011101111
10001110011110001
10001110011110011
10001110100000000
10001110100000001
10001110100000010
10001110100000011
10001110100000100
10001110100000101
10001110100000110
10001110100000111
10001110100001000
10001110100001010
10001110100001101
10001110100001111
10001110100010000
10001110100010001
10001110100010010
10001110100010011
10001110100010100
10001110100010101
10001110100010110
10001110100010111
10001110100011000
10001110100011010
10001110100011101
10001110100011111
10001110100100000
10001110100100001
10001110100100010
10001110100100011
10001110100100101
10001110100100111
10001110100101101
10001110100101111
10001110100110000
10001110100110001
10001110100110010
10001110100110011
10001110100110101
10001110100110111
10001110100111101
10001110100111111
10001110101000000
10001110101000001
10001110101000010
10001110101000011
10001110101000100
10001110101000101
10001110101000110
10001110101000111
10001110101001000
10001110101001010
10001110101001101
10001110101001111
10001110101100000
10001110101100001
10001110101100010
10001110101100011
10001110101100101
10001110101100111
10001110101101101
10001110101101111
10001110101110001
10001110101110011
10001110110000000
10001110110000001
10001110110000010
10001110110000011
10001110110000100
10001110110000101
10001110110000110
10001110110000111
10001110110001000
10001110110001010
10001110110001101
10001110110001111
10001110110010000
10001110110010001
10001110110010010
10001110110010011
10001110110010100
10001110110010101
10001110110010110
10001110110010111
10001110110011000
10001110110011010
10001110110011101
10001110110011111
10001110110100000
10001110110100001
10001110110100010
10001110110100011
10001110110100101
10001110110100111
10001110110101101
10001110110101111
10001110110110000
10001110110110001
10001110110110010
10001110110110011
10001110110110101
10001110110110111
10001110110111101
10001110110111111
10001110111000000
10001110111000001
10001110111000010
10001110111000011
10001110111000100
10001110111000101
10001110111000110
10001110111000111
10001110111001000
10001110111001010
10001110111001101
10001110111001111
10001110111100000
10001110111100001
10001110111100010
10001110111100011
10001110111100101
10001110111100111
10001110111101101
10001110111101111
10001110111110001
10001110111110011
10001111000000000
10001111000000010
10001111000000100
10001111000000110
10001111000001000
10001111000001010
10001111000010000
10001111000010010
10001111000010100
10001111000010110
10001111000011000
10001111000011010
10001111000100000
10001111000100010
10001111000110000
10001111000110010
10001111001000000
10001111001000010
10001111001000100
10001111001000110
10001111001001000
10001111001001010
10001111001100000
10001111001100010
10001111011000000
10001111011000010
10001111011000100
10001111011000110
10001111011001000
10001111011001010
10001111011100000
10001111011100010
10001111100000000
10001111100000010
10001111100000100
10001111100000110
10001111100001000
10001111100001010
10001111100010000
10001111100010010
10001111100010100
10001111100010110
10001111100011000
10001111100011010
10001111100100000
10001111100100010
10001111100110000
10001111100110010
10001111101000000
10001111101000010
10001111101000100
10001111101000110
10001111101001000
10001111101001010
10001111101100000
10001111101100010
10001111110000000
10001111110000010
10001111110000100
10001111110000110
10001111110001000
10001111110001010
10001111110010000
10001111110010010
10001111110010100
10001111110010110
10001111110011000
10001111110011010
10001111110100000
10001111110100010
10001111110110000
10001111110110010
10001111111000000
10001111111000010
10001111111000100
10001111111000110
10001111111001000
10001111111001010
10001111111100000
10001111111100010
10011010000000000
10011010000000001
10011010000000010
10011010000000011
10011010000000100
10011010000000101
10011010000000110
10011010000000111
10011010000001000
10011010000001010
10011010000001101
10011010000001111
10011010000010000
10011010000010001
10011010000010010
10011010000010011
10011010000010100
10011010000010101
10011010000010110
10011010000010111
10011010000011000
10011010000011010
10011010000011101
10011010000011111
10011010000100000
10011010000100001
10011010000100010
10011010000100011
10011010000100101
10011010000100111
10011010000101000
10011010000101010
10011010000101101
10011010000101111
10011010000110000
10011010000110001
10011010000110010
10011010000110011
10011010000110101
10011010000110111
10011010000111000
10011010000111010
10011010000111101
10011010000111111
10011010001000000
10011010001000001
10011010001000010
10011010001000011
10011010001000100
10011010001000101
10011010001000110
10011010001000111
10011010001001000
10011010001001010
10011010001001101
10011010001001111
10011010001100000
10011010001100001
10011010001100010
10011010001100011
10011010001100101
10011010001100111
10011010001101000
10011010001101010
10011010001101101
10011010001101111
10011010001110001
10011010001110011
10011010011000000
10011010011000001
10011010011000010
10011010011000011
10011010011000100
10011010011000101
10011010011000110
10011010011000111
10011010011001000
10011010011001010
10011010011001101
10011010011001111
10011010011100000
10011010011100001
10011010011100010
10011010011100011
10011010011100101
10011010011100111
10011010011101000
10011010011101010
10011010011101101
10011010011101111
10011010011110001
10011010011110011
10011010100000000
10011010100000001
10011010100000010
10011010100000011
10011010100000100
10011010100000101
10011010100000110
10011010100000111
10011010100001000
10011010100001010
10011010100001101
10011010100001111
10011010100010000
10011010100010001
10011010100010010
10011010100010011
10011010100010100
10011010100010101
10011010100010110
10011010100010111
10011010100011000
10011010100011010
10011010100011101
10011010100011111
10011010100100000
10011010100100001
10011010100100010
10011010100100011
10011010100100101
10011010100100111
10011010100101000
10011010100101010
10011010100101101
10011010100101111
10011010100110000
10011010100110001
10011010100110010
10011010100110011
10011010100110101
10011010100110111
10011010100111000
10011010100111010
10011010100111101
10011010100111111
10011010101000000
10011010101000001
10011010101000010
10011010101000011
10011010101000100
10011010101000101
10011010101000110
10011010101000111
10011010101001000
10011010101001010
10011010101001101
10011010101001111
10011010101100000
10011010101100001
10011010101100010
10011010101100011
10011010101100101
10011010101100111
10011010101101000
10011010101101010
10011010101101101
10011010101101111
10011010101110001
10011010101110011
10011010110000000
10011010110000001
10011010110000010
10011010110000011
10011010110000100
10011010110000101
10011010110000110
10011010110000111
10011010110001000
10011010110001010
10011010110001101
10011010110001111
10011010110010000
10011010110010001
10011010110010010
10011010110010011
10011010110010100
10011010110010101
10011010110010110
10011010110010111
10011010110011000
10011010110011010
10011010110011101
10011010110011111
10011010110100000
10011010110100001
10011010110100010
10011010110100011
10011010110100101
10011010110100111
10011010110101000
10011010110101010
10011010110101101
10011010110101111
10011010110110000
10011010110110001
10011010110110010
10011010110110011
10011010110110101
10011010110110111
10011010110111000
10011010110111010
10011010110111101
10011010110111111
10011010111000000
10011010111000001
10011010111000010
10011010111000011
10011010111000100
10011010111000101
10011010111000110
10011010111000111
10011010111001000
10011010111001010
10011010111001101
10011010111001111
10011010111100000
10011010111100001
10011010111100010
10011010111100011
10011010111100101
10011010111100111
10011010111101000
10011010111101010
10011010111101101
10011010111101111
10011010111110001
10011010111110011
10011011000000000
10011011000000010
10011011000000100
10011011000000110
10011011000001000
10011011000001010
10011011000010000
10011011000010010
10011011000010100
10011011000010110
10011011000011000
10011011000011010
10011011000100000
10011011000100010
10011011000101000
10011011000101010
10011011000110000
10011011000110010
10011011000111000
10011011000111010
10011011001000000
10011011001000010
10011011001000100
10011011001000110
10011011001001000
10011011001001010
10011011001100000
10011011001100010
10011011001101000
10011011001101010
10011011011000000
10011011011000010
10011011011000100
10011011011000110
10011011011001000
10011011011001010
10011011011100000
10011011011100010
10011011011101000
10011011011101010
10011011100000000
10011011100000010
10011011100000100
10011011100000110
10011011100001000
10011011100001010
10011011100010000
10011011100010010
10011011100010100
10011011100010110
10011011100011000
10011011100011010
10011011100100000
10011011100100010
10011011100101000
10011011100101010
10011011100110000
10011011100110010
10011011100111000
10011011100111010
10011011101000000
10011011101000010
10011011101000100
10011011101000110
10011011101001000
10011011101001010
10011011101100000
10011011101100010
10011011101101000
10011011101101010
10011011110000000
10011011110000010
10011011110000100
10011011110000110
10011011110001000
10011011110001010
10011011110010000
10011011110010010
10011011110010100
10011011110010110
10011011110011000
10011011110011010
10011011110100000
10011011110100010
10011011110101000
10011011110101010
10011011110110000
10011011110110010
10011011110111000
10011011110111010
10011011111000000
10011011111000010
10011011111000100
10011011111000110
10011011111001000
10011011111001010
10011011111100000
10011011111100010
10011011111101000
10011011111101010
10011110000000000
10011110000000001
10011110000000010
10011110000000011
10011110000000100
10011110000000101
10011110000000110
10011110000000111
10011110000001000
10011110000001010
10011110000001101
10011110000001111
10011110000010000
10011110000010001
10011110000010010
10011110000010011
10011110000010100
10011110000010101
10011110000010110
10011110000010111
10011110000011000
10011110000011010
10011110000011101
10011110000011111
10011110000100000
10011110000100001
10011110000100010
10011110000100011
10011110000100101
10011110000100111
10011110000101101
10011110000101111
10011110000110000
10011110000110001
10011110000110010
10011110000110011
10011110000110101
10011110000110111
10011110000111101
10011110000111111
10011110001000000
10011110001000001
10011110001000010
10011110001000011
10011110001000100
10011110001000101
10011110001000110
10011110001000111
10011110001001000
10011110001001010
10011110001001101
10011110001001111
10011110001100000
10011110001100001
10011110001100010
10011110001100011
10011110001100101
10011110001100111
10011110001101101
10011110001101111
10011110001110001
10011110001110011
10011110011000000
10011110011000001
10011110011000010
10011110011000011
10011110011000100
10011110011000101
10011110011000110
10011110011000111
10011110011001000
10011110011001010
10011110011001101
10011110011001111
10011110011100000
10011110011100001
10011110011100010
10011110011100011
10011110011100101
10011110011100111
10011110011101101
10011110011101111
10011110011110001
10011110011110011
10011110100000000
10011110100000001
10011110100000010
10011110100000011
10011110100000100
10011110100000101
10011110100000110
10011110100000111
10011110100001000
10011110100001010
10011110100001101
10011110100001111
10011110100010000
10011110100010001
10011110100010010
10011110100010011
10011110100010100
10011110100010101
10011110100010110
10011110100010111
10011110100011000
10011110100011010
10011110100011101
10011110100011111
10011110100100000
10011110100100001
10011110100100010
10011110100100011
10011110100100101
10011110100100111
10011110100101101
10011110100101111
10011110100110000
10011110100110001
10011110100110010
10011110100110011
10011110100110101
10011110100110111
10011110100111101
10011110100111111
10011110101000000
10011110101000001
10011110101000010
10011110101000011
10011110101000100
10011110101000101
10011110101000110
10011110101000111
10011110101001000
10011110101001010
10011110101001101
10011110101001111
10011110101100000
10011110101100001
10011110101100010
10011110101100011
10011110101100101
10011110101100111
10011110101101101
10011110101101111
10011110101110001
10011110101110011
10011110110000000
10011110110000001
10011110110000010
10011110110000011
10011110110000100
10011110110000101
10011110110000110
10011110110000111
10011110110001000
10011110110001010
10011110110001101
10011110110001111
10011110110010000
10011110110010001
10011110110010010
10011110110010011
10011110110010100
10011110110010101
10011110110010110
10011110110010111
10011110110011000
10011110110011010
10011110110011101
10011110110011111
10011110110100000
10011110110100001
10011110110100010
10011110110100011
10011110110100101
10011110110100111
10011110110101101
10011110110101111
10011110110110000
10011110110110001
10011110110110010
10011110110110011
10011110110110101
10011110110110111
10011110110111101
10011110110111111
10011110111000000
10011110111000001
10011110111000010
10011110111000011
10011110111000100
10011110111000101
10011110111000110
10011110111000111
10011110111001000
10011110111001010
10011110111001101
10011110111001111
10011110111100000
10011110111100001
10011110111100010
10011110111100011
10011110111100101
10011110111100111
10011110111101101
10011110111101111
10011110111110001
10011110111110011
10011111000000000
10011111000000010
10011111000000100
10011111000000110
10011111000001000
10011111000001010
10011111000010000
10011111000010010
10011111000010100
10011111000010110
10011111000011000
10011111000011010
10011111000100000
10011111000100010
10011111000110000
10011111000110010
10011111001000000
10011111001000010
10011111001000100
10011111001000110
10011111001001000
10011111001001010
10011111001100000
10011111001100010
10011111011000000
10011111011000010
10011111011000100
10011111011000110
10011111011001000
10011111011001010
10011111011100000
10011111011100010
10011111100000000
10011111100000010
10011111100000100
10011111100000110
10011111100001000
10011111100001010
10011111100010000
10011111100010010
10011111100010100
10011111100010110
10011111100011000
10011111100011010
10011111100100000
10011111100100010
10011111100110000
10011111100110010
10011111101000000
10011111101000010
10011111101000100
10011111101000110
10011111101001000
10011111101001010
10011111101100000
10011111101100010
10011111110000000
10011111110000010
10011111110000100
10011111110000110
10011111110001000
10011111110001010
10011111110010000
10011111110010010
10011111110010100
10011111110010110
10011111110011000
10011111110011010
10011111110100000
10011111110100010
10011111110110000
10011111110110010
10011111111000000
10011111111000010
10011111111000100
10011111111000110
10011111111001000
10011111111001010
10011111111100000
10011111111100010
10101010000000000
10101010000000001
10101010000000010
10101010000000011
10101010000000100
10101010000000101
10101010000000110
10101010000000111
10101010000001000
10101010000001010
10101010000001101
10101010000001111
10101010000100000
10101010000100001
10101010000100010
10101010000100011
10101010000100101
10101010000100111
10101010000101000
10101010000101010
10101010000101101
10101010000101111
10101010000110001
10101010000110011
10101010001000000
10101010001000001
10101010001000010
10101010001000011
10101010001000100
10101010001000101
10101010001000110
10101010001000111
10101010001001000
10101010001001010
10101010001001101
10101010001001111
10101010001100000
10101010001100001
10101010001100010
10101010001100011
10101010001100101
10101010001100111
10101010001101000
10101010001101010
10101010001101101
10101010001101111
10101010001110001
10101010001110011
10101010011000000
10101010011000001
10101010011000010
10101010011000011
10101010011000100
10101010011000101
10101010011000110
10101010011000111
10101010011001000
10101010011001010
10101010011001101
10101010011001111
10101010011100000
10101010011100001
10101010011100010
10101010011100011
10101010011100101
10101010011100111
10101010011101000
10101010011101010
10101010011101101
10101010011101111
10101010011110001
10101010011110011
10101010100000000
10101010100000001
10101010100000010
10101010100000011
10101010100000100
10101010100000101
10101010100000110
10101010100000111
10101010100001000
10101010100001010
10101010100001101
10101010100001111
10101010100100000
10101010100100001
10101010100100010
10101010100100011
10101010100100101
10101010100100111
10101010100101000
10101010100101010
10101010100101101
10101010100101111
10101010100110001
10101010100110011
10101010101000000
10101010101000001
10101010101000010
10101010101000011
10101010101000100
10101010101000101
10101010101000110
10101010101000111
10101010101001000
10101010101001010
10101010101001101
10101010101001111
10101010101100000
10101010101100001
10101010101100010
10101010101100011
10101010101100101
10101010101100111
10101010101101000
10101010101101010
10101010101101101
10101010101101111
10101010101110001
10101010101110011
10101010110000000
10101010110000001
10101010110000010
10101010110000011
10101010110000100
10101010110000101
10101010110000110
10101010110000111
10101010110001000
10101010110001010
10101010110001101
10101010110001111
10101010110100000
10101010110100001
10101010110100010
10101010110100011
10101010110100101
10101010110100111
10101010110101000
10101010110101010
10101010110101101
10101010110101111
10101010110110001
10101010110110011
10101010111000000
10101010111000001
10101010111000010
10101010111000011
10101010111000100
10101010111000101
10101010111000110
10101010111000111
10101010111001000
10101010111001010
10101010111001101
10101010111001111
10101010111100000
10101010111100001
10101010111100010
10101010111100011
10101010111100101
10101010111100111
10101010111101000
10101010111101010
10101010111101101
10101010111101111
10101010111110001
10101010111110011
10101011000000000
10101011000000010
10101011000000100
10101011000000110
10101011000001000
10101011000001010
10101011000100000
10101011000100010
10101011000101000
10101011000101010
10101011001000000
10101011001000010
10101011001000100
10101011001000110
10101011001001000
10101011001001010
10101011001100000
10101011001100010
10101011001101000
10101011001101010
10101011011000000
10101011011100000
10101011100000000
10101011100000010
10101011100000100
10101011100000110
10101011100001000
10101011100001010
10101011100100000
10101011100100010
10101011100101000
10101011100101010
10101011101000000
10101011101000010
10101011101000100
10101011101000110
10101011101001000
10101011101001010
10101011101100000
10101011101100010
10101011101101000
10101011101101010
10101011110000000
10101011110000010
10101011110000100
10101011110000110
10101011110001000
10101011110001010
10101011110100000
10101011110100010
10101011110101000
10101011110101010
10101011111000000
10101011111000010
10101011111000100
10101011111000110
10101011111001000
10101011111001010
10101011111100000
10101011111100010
10101011111101000
10101011111101010
10101110000000000
10101110000000001
10101110000000010
10101110000000011
10101110000000100
10101110000000101
10101110000000110
10101110000000111
10101110000001000
10101110000001010
10101110000001101
10101110000001111
10101110000100000
10101110000100001
10101110000100010
10101110000100011
10101110000100101
10101110000100111
10101110000101101
10101110000101111
10101110000110001
10101110000110011
10101110001000000
10101110001000001
10101110001000010
10101110001000011
10101110001000100
10101110001000101
10101110001000110
10101110001000111
10101110001001000
10101110001001010
10101110001001101
10101110001001111
10101110001100000
10101110001100001
10101110001100010
10101110001100011
10101110001100101
10101110001100111
10101110001101101
10101110001101111
10101110001110001
10101110001110011
10101110011000000
10101110011000001
10101110011000010
10101110011000011
10101110011000100
10101110011000101
10101110011000110
10101110011000111
10101110011001000
10101110011001010
10101110011001101
10101110011001111
10101110011100000
10101110011100001
10101110011100010
10101110011100011
10101110011100101
10101110011100111
10101110011101101
10101110011101111
10101110011110001
10101110011110011
10101110100000000
10101110100000001
10101110100000010
10101110100000011
10101110100000100
10101110100000101
10101110100000110
10101110100000111
10101110100001000
10101110100001010
10101110100001101
10101110100001111
10101110100100000
10101110100100001
10101110100100010
10101110100100011
10101110100100101
10101110100100111
10101110100101101
10101110100101111
10101110100110001
10101110100110011
10101110101000000
10101110101000001
10101110101000010
10101110101000011
10101110101000100
10101110101000101
10101110101000110
10101110101000111
10101110101001000
10101110101001010
10101110101001101
10101110101001111
10101110101100000
10101110101100001
10101110101100010
10101110101100011
10101110101100101
10101110101100111
10101110101101101
10101110101101111
10101110101110001
10101110101110011
10101110110000000
10101110110000001
10101110110000010
10101110110000011
10101110110000100
10101110110000101
10101110110000110
10101110110000111
10101110110001000
10101110110001010
10101110110001101
10101110110001111
10101110110100000
10101110110100001
10101110110100010
10101110110100011
10101110110100101
10101110110100111
10101110110101101
10101110110101111
10101110110110001
10101110110110011
10101110111000000
10101110111000001
10101110111000010
10101110111000011
10101110111000100
10101110111000101
10101110111000110
10101110111000111
10101110111001000
10101110111001010
10101110111001101
10101110111001111
10101110111100000
10101110111100001
10101110111100010
10101110111100011
10101110111100101
10101110111100111
10101110111101101
10101110111101111
10101110111110001
10101110111110011
10101111000000000
10101111000000010
10101111000000100
10101111000000110
10101111000001000
10101111000001010
10101111000100000
10101111000100010
10101111001000000
10101111001000010
10101111001000100
10101111001000110
10101111001001000
10101111001001010
10101111001100000
10101111001100010
10101111011000000
10101111011100000
10101111100000000
10101111100000010
10101111100000100
10101111100000110
10101111100001000
10101111100001010
10101111100100000
10101111100100010
10101111101000000
10101111101000010
10101111101000100
10101111101000110
10101111101001000
10101111101001010
10101111101100000
10101111101100010
10101111110000000
10101111110000010
10101111110000100
10101111110000110
10101111110001000
10101111110001010
10101111110100000
10101111110100010
10101111111000000
10101111111000010
10101111111000100
10101111111000110
10101111111001000
10101111111001010
10101111111100000
10101111111100010
10111010000000000
10111010000000001
10111010000000010
10111010000000011
10111010000000100
10111010000000101
10111010000000110
10111010000000111
10111010000001000
10111010000001010
10111010000001101
10111010000001111
10111010000100000
10111010000100001
10111010000100010
10111010000100011
10111010000100101
10111010000100111
10111010000101000
10111010000101010
10111010000101101
10111010000101111
10111010000110001
10111010000110011
10111010001000000
10111010001000001
10111010001000010
10111010001000011
10111010001000100
10111010001000101
10111010001000110
10111010001000111
10111010001001000
10111010001001010
10111010001001101
10111010001001111
10111010001100000
10111010001100001
10111010001100010
10111010001100011
10111010001100101
10111010001100111
10111010001101000
10111010001101010
10111010001101101
10111010001101111
10111010001110001
10111010001110011
10111010011000000
10111010011000001
10111010011000010
10111010011000011
10111010011000100
10111010011000101
10111010011000110
10111010011000111
10111010011001000
10111010011001010
10111010011001101
10111010011001111
10111010011100000
10111010011100001
10111010011100010
10111010011100011
10111010011100101
10111010011100111
10111010011101000
10111010011101010
10111010011101101
10111010011101111
10111010011110001
10111010011110011
10111010100000000
10111010100000001
10111010100000010
10111010100000011
10111010100000100
10111010100000101
10111010100000110
10111010100000111
10111010100001000
10111010100001010
10111010100001101
10111010100001111
10111010100100000
10111010100100001
10111010100100010
10111010100100011
10111010100100101
10111010100100111
10111010100101000
10111010100101010
10111010100101101
10111010100101111
10111010100110001
10111010100110011
10111010101000000
10111010101000001
10111010101000010
10111010101000011
10111010101000100
10111010101000101
10111010101000110
10111010101000111
10111010101001000
10111010101001010
10111010101001101
10111010101001111
10111010101100000
10111010101100001
10111010101100010
10111010101100011
10111010101100101
10111010101100111
10111010101101000
10111010101101010
10111010101101101
10111010101101111
10111010101110001
10111010101110011
10111010110000000
10111010110000001
10111010110000010
10111010110000011
10111010110000100
10111010110000101
10111010110000110
10111010110000111
10111010110001000
10111010110001010
10111010110001101
10111010110001111
10111010110100000
10111010110100001
10111010110100010
10111010110100011
10111010110100101
10111010110100111
10111010110101000
10111010110101010
10111010110101101
10111010110101111
10111010110110001
10111010110110011
10111010111000000
10111010111000001
10111010111000010
10111010111000011
10111010111000100
10111010111000101
10111010111000110
10111010111000111
10111010111001000
10111010111001010
10111010111001101
10111010111001111
10111010111100000
10111010111100001
10111010111100010
10111010111100011
10111010111100101
10111010111100111
10111010111101000
10111010111101010
10111010111101101
10111010111101111
10111010111110001
10111010111110011
10111011000000000
10111011000000010
10111011000000100
10111011000000110
10111011000001000
10111011000001010
10111011000100000
10111011000100010
10111011000101000
10111011000101010
10111011001000000
10111011001000010
10111011001000100
10111011001000110
10111011001001000
10111011001001010
10111011001100000
10111011001100010
10111011001101000
10111011001101010
10111011011000000
10111011011100000
10111011100000000
10111011100000010
10111011100000100
10111011100000110
10111011100001000
10111011100001010
10111011100100000
10111011100100010
10111011100101000
10111011100101010
10111011101000000
10111011101000010
10111011101000100
10111011101000110
10111011101001000
10111011101001010
10111011101100000
10111011101100010
10111011101101000
10111011101101010
10111011110000000
10111011110000010
10111011110000100
10111011110000110
10111011110001000
10111011110001010
10111011110100000
10111011110100010
10111011110101000
10111011110101010
10111011111000000
10111011111000010
10111011111000100
10111011111000110
10111011111001000
10111011111001010
10111011111100000
10111011111100010
10111011111101000
10111011111101010
10111110000000000
10111110000000001
10111110000000010
10111110000000011
10111110000000100
10111110000000101
10111110000000110
10111110000000111
10111110000001000
10111110000001010
10111110000001101
10111110000001111
10111110000100000
10111110000100001
10111110000100010
10111110000100011
10111110000100101
10111110000100111
10111110000101101
10111110000101111
10111110000110001
10111110000110011
10111110001000000
10111110001000001
10111110001000010
10111110001000011
10111110001000100
10111110001000101
10111110001000110
10111110001000111
10111110001001000
10111110001001010
10111110001001101
10111110001001111
10111110001100000
10111110001100001
10111110001100010
10111110001100011
10111110001100101
10111110001100111
10111110001101101
10111110001101111
10111110001110001
10111110001110011
10111110011000000
10111110011000001
10111110011000010
10111110011000011
10111110011000100
10111110011000101
10111110011000110
10111110011000111
10111110011001000
10111110011001010
10111110011001101
10111110011001111
10111110011100000
10111110011100001
10111110011100010
10111110011100011
10111110011100101
10111110011100111
10111110011101101
10111110011101111
10111110011110001
10111110011110011
10111110100000000
10111110100000001
10111110100000010
10111110100000011
10111110100000100
10111110100000101
10111110100000110
10111110100000111
10111110100001000
10111110100001010
10111110100001101
10111110100001111
10111110100100000
10111110100100001
10111110100100010
10111110100100011
10111110100100101
10111110100100111
10111110100101101
10111110100101111
10111110100110001
10111110100110011
10111110101000000
10111110101000001
10111110101000010
10111110101000011
10111110101000100
10111110101000101
10111110101000110
10111110101000111
10111110101001000
10111110101001010
10111110101001101
10111110101001111
10111110101100000
10111110101100001
10111110101100010
10111110101100011
10111110101100101
10111110101100111
10111110101101101
10111110101101111
10111110101110001
10111110101110011
10111110110000000
10111110110000001
10111110110000010
10111110110000011
10111110110000100
10111110110000101
10111110110000110
10111110110000111
10111110110001000
10111110110001010
10111110110001101
10111110110001111
10111110110100000
10111110110100001
10111110110100010
10111110110100011
10111110110100101
10111110110100111
10111110110101101
10111110110101111
10111110110110001
10111110110110011
10111110111000000
10111110111000001
10111110111000010
10111110111000011
10111110111000100
10111110111000101
10111110111000110
10111110111000111
10111110111001000
10111110111001010
10111110111001101
10111110111001111
10111110111100000
10111110111100001
10111110111100010
10111110111100011
10111110111100101
10111110111100111
10111110111101101
10111110111101111
10111110111110001
10111110111110011
10111111000000000
10111111000000010
10111111000000100
10111111000000110
10111111000001000
10111111000001010
10111111000100000
10111111000100010
10111111001000000
10111111001000010
10111111001000100
10111111001000110
10111111001001000
10111111001001010
10111111001100000
10111111001100010
10111111011000000
10111111011100000
10111111100000000
10111111100000010
10111111100000100
10111111100000110
10111111100001000
10111111100001010
10111111100100000
10111111100100010
10111111101000000
10111111101000010
10111111101000100
10111111101000110
10111111101001000
10111111101001010
10111111101100000
10111111101100010
10111111110000000
10111111110000010
10111111110000100
10111111110000110
10111111110001000
10111111110001010
10111111110100000
10111111110100010
10111111111000000
10111111111000010
10111111111000100
10111111111000110
10111111111001000
10111111111001010
10111111111100000
10111111111100010
11001010000000000
11001010000000001
11001010000000010
11001010000000011
11001010000000100
11001010000000101
11001010000000110
11001010000000111
11001010000001000
11001010000001010
11001010000001101
11001010000001111
11001010000010000
11001010000010001
11001010000010010
11001010000010011
11001010000010100
11001010000010101
11001010000010110
11001010000010111
11001010000011000
11001010000011010
11001010000011101
11001010000011111
11001010000100000
11001010000100001
11001010000100010
11001010000100011
11001010000100101
11001010000100111
11001010000101000
11001010000101010
11001010000101101
11001010000101111
11001010000110000
11001010000110001
11001010000110010
11001010000110011
11001010000110101
11001010000110111
11001010000111000
11001010000111010
11001010000111101
11001010000111111
11001010001000000
11001010001000001
11001010001000010
11001010001000011
11001010001000100
11001010001000101
11001010001000110
11001010001000111
11001010001001000
11001010001001010
11001010001001101
11001010001001111
11001010001100000
11001010001100001
11001010001100010
11001010001100011
11001010001100101
11001010001100111
11001010001101000
11001010001101010
11001010001101101
11001010001101111
11001010011000000
11001010011000001
11001010011000010
11001010011000011
11001010011000100
11001010011000101
11001010011000110
11001010011000111
11001010011001000
11001010011001010
11001010011001101
11001010011001111
11001010011100000
11001010011100001
11001010011100010
11001010011100011
11001010011100101
11001010011100111
11001010011101000
11001010011101010
11001010011101101
11001010011101111
11001010100000000
11001010100000001
11001010100000010
11001010100000011
11001010100000100
11001010100000101
11001010100000110
11001010100000111
11001010100001000
11001010100001010
11001010100001101
11001010100001111
11001010100010000
11001010100010001
11001010100010010
11001010100010011
11001010100010100
11001010100010101
11001010100010110
11001010100010111
11001010100011000
11001010100011010
11001010100011101
11001010100011111
11001010100100000
11001010100100001
11001010100100010
11001010100100011
11001010100100101
11001010100100111
11001010100101000
11001010100101010
11001010100101101
11001010100101111
11001010100110000
11001010100110001
11001010100110010
11001010100110011
11001010100110101
11001010100110111
11001010100111000
11001010100111010
11001010100111101
11001010100111111
11001010101000000
11001010101000001
11001010101000010
11001010101000011
11001010101000100
11001010101000101
11001010101000110
11001010101000111
11001010101001000
11001010101001010
11001010101001101
11001010101001111
11001010101100000
11001010101100001
11001010101100010
11001010101100011
11001010101100101
11001010101100111
11001010101101000
11001010101101010
11001010101101101
11001010101101111
11001010110000000
11001010110000001
11001010110000010
11001010110000011
11001010110000100
11001010110000101
11001010110000110
11001010110000111
11001010110001000
11001010110001010
11001010110001101
11001010110001111
11001010110010000
11001010110010001
11001010110010010
11001010110010011
11001010110010100
11001010110010101
11001010110010110
11001010110010111
11001010110011000
11001010110011010
11001010110011101
11001010110011111
11001010110100000
11001010110100001
11001010110100010
11001010110100011
11001010110100101
11001010110100111
11001010110101000
11001010110101010
11001010110101101
11001010110101111
11001010110110000
11001010110110001
11001010110110010
11001010110110011
11001010110110101
11001010110110111
11001010110111000
11001010110111010
11001010110111101
11001010110111111
11001010111000000
11001010111000001
11001010111000010
11001010111000011
11001010111000100
11001010111000101
11001010111000110
11001010111000111
11001010111001000
11001010111001010
11001010111001101
11001010111001111
11001010111100000
11001010111100001
11001010111100010
11001010111100011
11001010111100101
11001010111100111
11001010111101000
11001010111101010
11001010111101101
11001010111101111
11001011000000000
11001011000000010
11001011000000100
11001011000000110
11001011000001000
11001011000001010
11001011000010000
11001011000010010
11001011000010100
11001011000010110
11001011000011000
11001011000011010
11001011000100000
11001011000100010
11001011000101000
11001011000101010
11001011000110000
11001011000110010
11001011000111000
11001011000111010
11001011001000000
11001011001000010
11001011001000100
11001011001000110
11001011001001000
11001011001001010
11001011001100000
11001011001100010
11001011001101000
11001011001101010
11001011011000000
11001011011000010
11001011011000100
11001011011000110
11001011011001000
11001011011001010
11001011011100000
11001011011100010
11001011011101000
11001011011101010
11001011100000000
11001011100000010
11001011100000100
11001011100000110
11001011100001000
11001011100001010
11001011100010000
11001011100010010
11001011100010100
11001011100010110
11001011100011000
11001011100011010
11001011100100000
11001011100100010
11001011100101000
11001011100101010
11001011100110000
11001011100110010
11001011100111000
11001011100111010
11001011101000000
11001011101000010
11001011101000100
11001011101000110
11001011101001000
11001011101001010
11001011101100000
11001011101100010
11001011101101000
11001011101101010
11001011110000000
11001011110000010
11001011110000100
11001011110000110
11001011110001000
11001011110001010
11001011110010000
11001011110010010
11001011110010100
11001011110010110
11001011110011000
11001011110011010
11001011110100000
11001011110100010
11001011110101000
11001011110101010
11001011110110000
11001011110110010
11001011110111000
11001011110111010
11001011111000000
11001011111000010
11001011111000100
11001011111000110
11001011111001000
11001011111001010
11001011111100000
11001011111100010
11001011111101000
11001011111101010
11001110000000000
11001110000000001
11001110000000010
11001110000000011
11001110000000100
11001110000000101
11001110000000110
11001110000000111
11001110000001000
11001110000001010
11001110000001101
11001110000001111
11001110000010000
11001110000010001
11001110000010010
11001110000010011
11001110000010100
11001110000010101
11001110000010110
11001110000010111
11001110000011000
11001110000011010
11001110000011101
11001110000011111
11001110000100000
11001110000100001
11001110000100010
11001110000100011
11001110000100101
11001110000100111
11001110000101101
11001110000101111
11001110000110000
11001110000110001
11001110000110010
11001110000110011
11001110000110101
11001110000110111
11001110000111101
11001110000111111
11001110001000000
11001110001000001
11001110001000010
11001110001000011
11001110001000100
11001110001000101
11001110001000110
11001110001000111
11001110001001000
11001110001001010
11001110001001101
11001110001001111
11001110001100000
11001110001100001
11001110001100010
11001110001100011
11001110001100101
11001110001100111
11001110001101101
11001110001101111
11001110011000000
11001110011000001
11001110011000010
11001110011000011
11001110011000100
11001110011000101
11001110011000110
11001110011000111
11001110011001000
11001110011001010
11001110011001101
11001110011001111
11001110011100000
11001110011100001
11001110011100010
11001110011100011
11001110011100101
11001110011100111
11001110011101101
11001110011101111
11001110100000000
11001110100000001
11001110100000010
11001110100000011
11001110100000100
11001110100000101
11001110100000110
11001110100000111
11001110100001000
11001110100001010
11001110100001101
11001110100001111
11001110100010000
11001110100010001
11001110100010010
11001110100010011
11001110100010100
11001110100010101
11001110100010110
11001110100010111
11001110100011000
11001110100011010
11001110100011101
11001110100011111
11001110100100000
11001110100100001
11001110100100010
11001110100100011
11001110100100101
11001110100100111
11001110100101101
11001110100101111
11001110100110000
11001110100110001
11001110100110010
11001110100110011
11001110100110101
11001110100110111
11001110100111101
11001110100111111
11001110101000000
11001110101000001
11001110101000010
11001110101000011
11001110101000100
11001110101000101
11001110101000110
11001110101000111
11001110101001000
11001110101001010
11001110101001101
11001110101001111
11001110101100000
11001110101100001
11001110101100010
11001110101100011
11001110101100101
11001110101100111
11001110101101101
11001110101101111
11001110110000000
11001110110000001
11001110110000010
11001110110000011
11001110110000100
11001110110000101
11001110110000110
11001110110000111
11001110110001000
11001110110001010
11001110110001101
11001110110001111
11001110110010000
11001110110010001
11001110110010010
11001110110010011
11001110110010100
11001110110010101
11001110110010110
11001110110010111
11001110110011000
11001110110011010
11001110110011101
11001110110011111
11001110110100000
11001110110100001
11001110110100010
11001110110100011
11001110110100101
11001110110100111
11001110110101101
11001110110101111
11001110110110000
11001110110110001
11001110110110010
11001110110110011
11001110110110101
11001110110110111
11001110110111101
11001110110111111
11001110111000000
11001110111000001
11001110111000010
11001110111000011
11001110111000100
11001110111000101
11001110111000110
11001110111000111
11001110111001000
11001110111001010
11001110111001101
11001110111001111
11001110111100000
11001110111100001
11001110111100010
11001110111100011
11001110111100101
11001110111100111
11001110111101101
11001110111101111
11001111000000000
11001111000000010
11001111000000100
11001111000000110
11001111000001000
11001111000001010
11001111000010000
11001111000010010
11001111000010100
11001111000010110
11001111000011000
11001111000011010
11001111000100000
11001111000100010
11001111000110000
11001111000110010
11001111001000000
11001111001000010
11001111001000100
11001111001000110
11001111001001000
11001111001001010
11001111001100000
11001111001100010
11001111011000000
11001111011000010
11001111011000100
11001111011000110
11001111011001000
11001111011001010
11001111011100000
11001111011100010
11001111100000000
11001111100000010
11001111100000100
11001111100000110
11001111100001000
11001111100001010
11001111100010000
11001111100010010
11001111100010100
11001111100010110
11001111100011000
11001111100011010
11001111100100000
11001111100100010
11001111100110000
11001111100110010
11001111101000000
11001111101000010
11001111101000100
11001111101000110
11001111101001000
11001111101001010
11001111101100000
11001111101100010
11001111110000000
11001111110000010
11001111110000100
11001111110000110
11001111110001000
11001111110001010
11001111110010000
11001111110010010
11001111110010100
11001111110010110
11001111110011000
11001111110011010
11001111110100000
11001111110100010
11001111110110000
11001111110110010
11001111111000000
11001111111000010
11001111111000100
11001111111000110
11001111111001000
11001111111001010
11001111111100000
11001111111100010
11011010000000000
11011010000000001
11011010000000010
11011010000000011
11011010000000100
11011010000000101
11011010000000110
11011010000000111
11011010000001000
11011010000001010
11011010000001101
11011010000001111
11011010000010000
11011010000010001
11011010000010010
11011010000010011
11011010000010100
11011010000010101
11011010000010110
11011010000010111
11011010000011000
11011010000011010
11011010000011101
11011010000011111
11011010000100000
11011010000100001
11011010000100010
11011010000100011
11011010000100101
11011010000100111
11011010000101000
11011010000101010
11011010000101101
11011010000101111
11011010000110000
11011010000110001
11011010000110010
11011010000110011
11011010000110101
11011010000110111
11011010000111000
11011010000111010
11011010000111101
11011010000111111
11011010001000000
11011010001000001
11011010001000010
11011010001000011
11011010001000100
11011010001000101
11011010001000110
11011010001000111
11011010001001000
11011010001001010
11011010001001101
11011010001001111
11011010001100000
11011010001100001
11011010001100010
11011010001100011
11011010001100101
11011010001100111
11011010001101000
11011010001101010
11011010001101101
11011010001101111
11011010011000000
11011010011000001
11011010011000010
11011010011000011
11011010011000100
11011010011000101
11011010011000110
11011010011000111
11011010011001000
11011010011001010
11011010011001101
11011010011001111
11011010011100000
11011010011100001
11011010011100010
11011010011100011
11011010011100101
11011010011100111
11011010011101000
11011010011101010
11011010011101101
11011010011101111
11011010100000000
11011010100000001
11011010100000010
11011010100000011
11011010100000100
11011010100000101
11011010100000110
11011010100000111
11011010100001000
11011010100001010
11011010100001101
11011010100001111
11011010100010000
11011010100010001
11011010100010010
11011010100010011
11011010100010100
11011010100010101
11011010100010110
11011010100010111
11011010100011000
11011010100011010
11011010100011101
11011010100011111
11011010100100000
11011010100100001
11011010100100010
11011010100100011
11011010100100101
11011010100100111
11011010100101000
11011010100101010
11011010100101101
11011010100101111
11011010100110000
11011010100110001
11011010100110010
11011010100110011
11011010100110101
11011010100110111
11011010100111000
11011010100111010
11011010100111101
11011010100111111
11011010101000000
11011010101000001
11011010101000010
11011010101000011
11011010101000100
11011010101000101
11011010101000110
11011010101000111
11011010101001000
11011010101001010
11011010101001101
11011010101001111
11011010101100000
11011010101100001
11011010101100010
11011010101100011
11011010101100101
11011010101100111
11011010101101000
11011010101101010
11011010101101101
11011010101101111
11011010110000000
11011010110000001
11011010110000010
11011010110000011
11011010110000100
11011010110000101
11011010110000110
11011010110000111
11011010110001000
11011010110001010
11011010110001101
11011010110001111
11011010110010000
11011010110010001
11011010110010010
11011010110010011
11011010110010100
11011010110010101
11011010110010110
11011010110010111
11011010110011000
11011010110011010
11011010110011101
11011010110011111
11011010110100000
11011010110100001
11011010110100010
11011010110100011
11011010110100101
11011010110100111
11011010110101000
11011010110101010
11011010110101101
11011010110101111
11011010110110000
11011010110110001
11011010110110010
11011010110110011
11011010110110101
11011010110110111
11011010110111000
11011010110111010
11011010110111101
11011010110111111
11011010111000000
11011010111000001
11011010111000010
11011010111000011
11011010111000100
11011010111000101
11011010111000110
11011010111000111
11011010111001000
11011010111001010
11011010111001101
11011010111001111
11011010111100000
11011010111100001
11011010111100010
11011010111100011
11011010111100101
11011010111100111
11011010111101000
11011010111101010
11011010111101101
11011010111101111
11011011000000000
11011011000000010
11011011000000100
11011011000000110
11011011000001000
11011011000001010
11011011000010000
11011011000010010
11011011000010100
11011011000010110
11011011000011000
11011011000011010
11011011000100000
11011011000100010
11011011000101000
11011011000101010
11011011000110000
11011011000110010
11011011000111000
11011011000111010
11011011001000000
11011011001000010
11011011001000100
11011011001000110
11011011001001000
11011011001001010
11011011001100000
11011011001100010
11011011001101000
11011011001101010
11011011011000000
11011011011000010
11011011011000100
11011011011000110
11011011011001000
11011011011001010
11011011011100000
11011011011100010
11011011011101000
11011011011101010
11011011100000000
11011011100000010
11011011100000100
11011011100000110
11011011100001000
11011011100001010
11011011100010000
11011011100010010
11011011100010100
11011011100010110
11011011100011000
11011011100011010
11011011100100000
11011011100100010
11011011100101000
11011011100101010
11011011100110000
11011011100110010
11011011100111000
11011011100111010
11011011101000000
11011011101000010
11011011101000100
11011011101000110
11011011101001000
11011011101001010
11011011101100000
11011011101100010
11011011101101000
11011011101101010
11011011110000000
11011011110000010
11011011110000100
11011011110000110
11011011110001000
11011011110001010
11011011110010000
11011011110010010
11011011110010100
11011011110010110
11011011110011000
11011011110011010
11011011110100000
11011011110100010
11011011110101000
11011011110101010
11011011110110000
11011011110110010
11011011110111000
11011011110111010
11011011111000000
11011011111000010
11011011111000100
11011011111000110
11011011111001000
11011011111001010
11011011111100000
11011011111100010
11011011111101000
11011011111101010
11011110000000000
11011110000000001
11011110000000010
11011110000000011
11011110000000100
11011110000000101
11011110000000110
11011110000000111
11011110000001000
11011110000001010
11011110000001101
11011110000001111
11011110000010000
11011110000010001
11011110000010010
11011110000010011
11011110000010100
11011110000010101
11011110000010110
11011110000010111
11011110000011000
11011110000011010
11011110000011101
11011110000011111
11011110000100000
11011110000100001
11011110000100010
11011110000100011
11011110000100101
11011110000100111
11011110000101101
11011110000101111
11011110000110000
11011110000110001
11011110000110010
11011110000110011
11011110000110101
11011110000110111
11011110000111101
11011110000111111
11011110001000000
11011110001000001
11011110001000010
11011110001000011
11011110001000100
11011110001000101
11011110001000110
11011110001000111
11011110001001000
11011110001001010
11011110001001101
11011110001001111
11011110001100000
11011110001100001
11011110001100010
11011110001100011
11011110001100101
11011110001100111
11011110001101101
11011110001101111
11011110011000000
11011110011000001
11011110011000010
11011110011000011
11011110011000100
11011110011000101
11011110011000110
11011110011000111
11011110011001000
11011110011001010
11011110011001101
11011110011001111
11011110011100000
11011110011100001
11011110011100010
11011110011100011
11011110011100101
11011110011100111
11011110011101101
11011110011101111
11011110100000000
11011110100000001
11011110100000010
11011110100000011
11011110100000100
11011110100000101
11011110100000110
11011110100000111
11011110100001000
11011110100001010
11011110100001101
11011110100001111
11011110100010000
11011110100010001
11011110100010010
11011110100010011
11011110100010100
11011110100010101
11011110100010110
11011110100010111
11011110100011000
11011110100011010
11011110100011101
11011110100011111
11011110100100000
11011110100100001
11011110100100010
11011110100100011
11011110100100101
11011110100100111
11011110100101101
11011110100101111
11011110100110000
11011110100110001
11011110100110010
11011110100110011
11011110100110101
11011110100110111
11011110100111101
11011110100111111
11011110101000000
11011110101000001
11011110101000010
11011110101000011
11011110101000100
11011110101000101
11011110101000110
11011110101000111
11011110101001000
11011110101001010
11011110101001101
11011110101001111
11011110101100000
11011110101100001
11011110101100010
11011110101100011
11011110101100101
11011110101100111
11011110101101101
11011110101101111
11011110110000000
11011110110000001
11011110110000010
11011110110000011
11011110110000100
11011110110000101
11011110110000110
11011110110000111
11011110110001000
11011110110001010
11011110110001101
11011110110001111
11011110110010000
11011110110010001
11011110110010010
11011110110010011
11011110110010100
11011110110010101
11011110110010110
11011110110010111
11011110110011000
11011110110011010
11011110110011101
11011110110011111
11011110110100000
11011110110100001
11011110110100010
11011110110100011
11011110110100101
11011110110100111
11011110110101101
11011110110101111
11011110110110000
11011110110110001
11011110110110010
11011110110110011
11011110110110101
11011110110110111
11011110110111101
11011110110111111
11011110111000000
11011110111000001
11011110111000010
11011110111000011
11011110111000100
11011110111000101
11011110111000110
11011110111000111
11011110111001000
11011110111001010
11011110111001101
11011110111001111
11011110111100000
11011110111100001
11011110111100010
11011110111100011
11011110111100101
11011110111100111
11011110111101101
11011110111101111
11011111000000000
11011111000000010
11011111000000100
11011111000000110
11011111000001000
11011111000001010
11011111000010000
11011111000010010
11011111000010100
11011111000010110
11011111000011000
11011111000011010
11011111000100000
11011111000100010
11011111000110000
11011111000110010
11011111001000000
11011111001000010
11011111001000100
11011111001000110
11011111001001000
11011111001001010
11011111001100000
11011111001100010
11011111011000000
11011111011000010
11011111011000100
11011111011000110
11011111011001000
11011111011001010
11011111011100000
11011111011100010
11011111100000000
11011111100000010
11011111100000100
11011111100000110
11011111100001000
11011111100001010
11011111100010000
11011111100010010
11011111100010100
11011111100010110
11011111100011000
11011111100011010
11011111100100000
11011111100100010
11011111100110000
11011111100110010
11011111101000000
11011111101000010
11011111101000100
11011111101000110
11011111101001000
11011111101001010
11011111101100000
11011111101100010
11011111110000000
11011111110000010
11011111110000100
11011111110000110
11011111110001000
11011111110001010
11011111110010000
11011111110010010
11011111110010100
11011111110010110
11011111110011000
11011111110011010
11011111110100000
11011111110100010
11011111110110000
11011111110110010
11011111111000000
11011111111000010
11011111111000100
11011111111000110
11011111111001000
11011111111001010
11011111111100000
11011111111100010
11101010000000000
11101010000000001
11101010000000010
11101010000000011
11101010000000100
11101010000000101
11101010000000110
11101010000000111
11101010000001000
11101010000001010
11101010000001101
11101010000001111
11101010000100000
11101010000100001
11101010000100010
11101010000100011
11101010000100101
11101010000100111
11101010000101000
11101010000101010
11101010000101101
11101010000101111
11101010001000000
11101010001000001
11101010001000010
11101010001000011
11101010001000100
11101010001000101
11101010001000110
11101010001000111
11101010001001000
11101010001001010
11101010001001101
11101010001001111
11101010001100000
11101010001100001
11101010001100010
11101010001100011
11101010001100101
11101010001100111
11101010001101000
11101010001101010
11101010001101101
11101010001101111
11101010011000000
11101010011000001
11101010011000010
11101010011000011
11101010011000100
11101010011000101
11101010011000110
11101010011000111
11101010011001000
11101010011001010
11101010011001101
11101010011001111
11101010011100000
11101010011100001
11101010011100010
11101010011100011
11101010011100101
11101010011100111
11101010011101000
11101010011101010
11101010011101101
11101010011101111
11101010100000000
11101010100000001
11101010100000010
11101010100000011
11101010100000100
11101010100000101
11101010100000110
11101010100000111
11101010100001000
11101010100001010
11101010100001101
11101010100001111
11101010100100000
11101010100100001
11101010100100010
11101010100100011
11101010100100101
11101010100100111
11101010100101000
11101010100101010
11101010100101101
11101010100101111
11101010101000000
11101010101000001
11101010101000010
11101010101000011
11101010101000100
11101010101000101
11101010101000110
11101010101000111
11101010101001000
11101010101001010
11101010101001101
11101010101001111
11101010101100000
11101010101100001
11101010101100010
11101010101100011
11101010101100101
11101010101100111
11101010101101000
11101010101101010
11101010101101101
11101010101101111
11101010110000000
11101010110000001
11101010110000010
11101010110000011
11101010110000100
11101010110000101
11101010110000110
11101010110000111
11101010110001000
11101010110001010
11101010110001101
11101010110001111
11101010110100000
11101010110100001
11101010110100010
11101010110100011
11101010110100101
11101010110100111
11101010110101000
11101010110101010
11101010110101101
11101010110101111
11101010111000000
11101010111000001
11101010111000010
11101010111000011
11101010111000100
11101010111000101
11101010111000110
11101010111000111
11101010111001000
11101010111001010
11101010111001101
11101010111001111
11101010111100000
11101010111100001
11101010111100010
11101010111100011
11101010111100101
11101010111100111
11101010111101000
11101010111101010
11101010111101101
11101010111101111
11101011000000000
11101011000000010
11101011000000100
11101011000000110
11101011000001000
11101011000001010
11101011000100000
11101011000100010
11101011000101000
11101011000101010
11101011001000000
11101011001000010
11101011001000100
11101011001000110
11101011001001000
11101011001001010
11101011001100000
11101011001100010
11101011001101000
11101011001101010
11101011011000000
11101011011100000
11101011100000000
11101011100000010
11101011100000100
11101011100000110
11101011100001000
11101011100001010
11101011100100000
11101011100100010
11101011100101000
11101011100101010
11101011101000000
11101011101000010
11101011101000100
11101011101000110
11101011101001000
11101011101001010
11101011101100000
11101011101100010
11101011101101000
11101011101101010
11101011110000000
11101011110000010
11101011110000100
11101011110000110
11101011110001000
11101011110001010
11101011110100000
11101011110100010
11101011110101000
11101011110101010
11101011111000000
11101011111000010
11101011111000100
11101011111000110
11101011111001000
11101011111001010
11101011111100000
11101011111100010
11101011111101000
11101011111101010
11101110000000000
11101110000000001
11101110000000010
11101110000000011
11101110000000100
11101110000000101
11101110000000110
11101110000000111
11101110000001000
11101110000001010
11101110000001101
11101110000001111
11101110000100000
11101110000100001
11101110000100010
11101110000100011
11101110000100101
11101110000100111
11101110000101101
11101110000101111
11101110001000000
11101110001000001
11101110001000010
11101110001000011
11101110001000100
11101110001000101
11101110001000110
11101110001000111
11101110001001000
11101110001001010
11101110001001101
11101110001001111
11101110001100000
11101110001100001
11101110001100010
11101110001100011
11101110001100101
11101110001100111
11101110001101101
11101110001101111
11101110011000000
11101110011000001
11101110011000010
11101110011000011
11101110011000100
11101110011000101
11101110011000110
11101110011000111
11101110011001000
11101110011001010
11101110011001101
11101110011001111
11101110011100000
11101110011100001
11101110011100010
11101110011100011
11101110011100101
11101110011100111
11101110011101101
11101110011101111
11101110100000000
11101110100000001
11101110100000010
11101110100000011
11101110100000100
11101110100000101
11101110100000110
11101110100000111
11101110100001000
11101110100001010
11101110100001101
11101110100001111
11101110100100000
11101110100100001
11101110100100010
11101110100100011
11101110100100101
11101110100100111
11101110100101101
11101110100101111
11101110101000000
11101110101000001
11101110101000010
11101110101000011
11101110101000100
11101110101000101
11101110101000110
11101110101000111
11101110101001000
11101110101001010
11101110101001101
11101110101001111
11101110101100000
11101110101100001
11101110101100010
11101110101100011
11101110101100101
11101110101100111
11101110101101101
11101110101101111
11101110110000000
11101110110000001
11101110110000010
11101110110000011
11101110110000100
11101110110000101
11101110110000110
11101110110000111
11101110110001000
11101110110001010
11101110110001101
11101110110001111
11101110110100000
11101110110100001
11101110110100010
11101110110100011
11101110110100101
11101110110100111
11101110110101101
11101110110101111
11101110111000000
11101110111000001
11101110111000010
11101110111000011
11101110111000100
11101110111000101
11101110111000110
11101110111000111
11101110111001000
11101110111001010
11101110111001101
11101110111001111
11101110111100000
11101110111100001
11101110111100010
11101110111100011
11101110111100101
11101110111100111
11101110111101101
11101110111101111
11101111000000000
11101111000000010
11101111000000100
11101111000000110
11101111000001000
11101111000001010
11101111000100000
11101111000100010
11101111001000000
11101111001000010
11101111001000100
11101111001000110
11101111001001000
11101111001001010
11101111001100000
11101111001100010
11101111011000000
11101111011100000
11101111100000000
11101111100000010
11101111100000100
11101111100000110
11101111100001000
11101111100001010
11101111100100000
11101111100100010
11101111101000000
11101111101000010
11101111101000100
11101111101000110
11101111101001000
11101111101001010
11101111101100000
11101111101100010
11101111110000000
11101111110000010
11101111110000100
11101111110000110
11101111110001000
11101111110001010
11101111110100000
11101111110100010
11101111111000000
11101111111000010
11101111111000100
11101111111000110
11101111111001000
11101111111001010
11101111111100000
11101111111100010
11111010000000000
11111010000000001
11111010000000010
11111010000000011
11111010000000100
11111010000000101
11111010000000110
11111010000000111
11111010000001000
11111010000001010
11111010000001101
11111010000001111
11111010000100000
11111010000100001
11111010000100010
11111010000100011
11111010000100101
11111010000100111
11111010000101000
11111010000101010
11111010000101101
11111010000101111
11111010001000000
11111010001000001
11111010001000010
11111010001000011
11111010001000100
11111010001000101
11111010001000110
11111010001000111
11111010001001000
11111010001001010
11111010001001101
11111010001001111
11111010001100000
11111010001100001
11111010001100010
11111010001100011
11111010001100101
11111010001100111
11111010001101000
11111010001101010
11111010001101101
11111010001101111
11111010011000000
11111010011000001
11111010011000010
11111010011000011
11111010011000100
11111010011000101
11111010011000110
11111010011000111
11111010011001000
11111010011001010
11111010011001101
11111010011001111
11111010011100000
11111010011100001
11111010011100010
11111010011100011
11111010011100101
11111010011100111
11111010011101000
11111010011101010
11111010011101101
11111010011101111
11111010100000000
11111010100000001
11111010100000010
11111010100000011
11111010100000100
11111010100000101
11111010100000110
11111010100000111
11111010100001000
11111010100001010
11111010100001101
11111010100001111
11111010100100000
11111010100100001
11111010100100010
11111010100100011
11111010100100101
11111010100100111
11111010100101000
11111010100101010
11111010100101101
11111010100101111
11111010101000000
11111010101000001
11111010101000010
11111010101000011
11111010101000100
11111010101000101
11111010101000110
11111010101000111
11111010101001000
11111010101001010
11111010101001101
11111010101001111
11111010101100000
11111010101100001
11111010101100010
11111010101100011
11111010101100101
11111010101100111
11111010101101000
11111010101101010
11111010101101101
11111010101101111
11111010110000000
11111010110000001
11111010110000010
11111010110000011
11111010110000100
11111010110000101
11111010110000110
11111010110000111
11111010110001000
11111010110001010
11111010110001101
11111010110001111
11111010110100000
11111010110100001
11111010110100010
11111010110100011
11111010110100101
11111010110100111
11111010110101000
11111010110101010
11111010110101101
11111010110101111
11111010111000000
11111010111000001
11111010111000010
11111010111000011
11111010111000100
11111010111000101
11111010111000110
11111010111000111
11111010111001000
11111010111001010
11111010111001101
11111010111001111
11111010111100000
11111010111100001
11111010111100010
11111010111100011
11111010111100101
11111010111100111
11111010111101000
11111010111101010
11111010111101101
11111010111101111
11111011000000000
11111011000000010
11111011000000100
11111011000000110
11111011000001000
11111011000001010
11111011000100000
11111011000100010
11111011000101000
11111011000101010
11111011001000000
11111011001000010
11111011001000100
11111011001000110
11111011001001000
11111011001001010
11111011001100000
11111011001100010
11111011001101000
11111011001101010
11111011011000000
11111011011100000
11111011100000000
11111011100000010
11111011100000100
11111011100000110
11111011100001000
11111011100001010
11111011100100000
11111011100100010
11111011100101000
11111011100101010
11111011101000000
11111011101000010
11111011101000100
11111011101000110
11111011101001000
11111011101001010
11111011101100000
11111011101100010
11111011101101000
11111011101101010
11111011110000000
11111011110000010
11111011110000100
11111011110000110
11111011110001000
11111011110001010
11111011110100000
11111011110100010
11111011110101000
11111011110101010
11111011111000000
11111011111000010
11111011111000100
11111011111000110
11111011111001000
11111011111001010
11111011111100000
11111011111100010
11111011111101000
11111011111101010
11111110000000000
11111110000000001
11111110000000010
11111110000000011
11111110000000100
11111110000000101
11111110000000110
11111110000000111
11111110000001000
11111110000001010
11111110000001101
11111110000001111
11111110000100000
11111110000100001
11111110000100010
11111110000100011
11111110000100101
11111110000100111
11111110000101101
11111110000101111
11111110001000000
11111110001000001
11111110001000010
11111110001000011
11111110001000100
11111110001000101
11111110001000110
11111110001000111
11111110001001000
11111110001001010
11111110001001101
11111110001001111
11111110001100000
11111110001100001
11111110001100010
11111110001100011
11111110001100101
11111110001100111
11111110001101101
11111110001101111
11111110011000000
11111110011000001
11111110011000010
11111110011000011
11111110011000100
11111110011000101
11111110011000110
11111110011000111
11111110011001000
11111110011001010
11111110011001101
11111110011001111
11111110011100000
11111110011100001
11111110011100010
11111110011100011
11111110011100101
11111110011100111
11111110011101101
11111110011101111
11111110100000000
11111110100000001
11111110100000010
11111110100000011
11111110100000100
11111110100000101
11111110100000110
11111110100000111
11111110100001000
11111110100001010
11111110100001101
11111110100001111
11111110100100000
11111110100100001
11111110100100010
11111110100100011
11111110100100101
11111110100100111
11111110100101101
11111110100101111
11111110101000000
11111110101000001
11111110101000010
11111110101000011
11111110101000100
11111110101000101
11111110101000110
11111110101000111
11111110101001000
11111110101001010
11111110101001101
11111110101001111
11111110101100000
11111110101100001
11111110101100010
11111110101100011
11111110101100101
11111110101100111
11111110101101101
11111110101101111
11111110110000000
11111110110000001
11111110110000010
11111110110000011
11111110110000100
11111110110000101
11111110110000110
11111110110000111
11111110110001000
11111110110001010
11111110110001101
11111110110001111
11111110110100000
11111110110100001
11111110110100010
11111110110100011
11111110110100101
11111110110100111
11111110110101101
11111110110101111
11111110111000000
11111110111000001
11111110111000010
11111110111000011
11111110111000100
11111110111000101
11111110111000110
11111110111000111
11111110111001000
11111110111001010
11111110111001101
11111110111001111
11111110111100000
11111110111100001
11111110111100010
11111110111100011
11111110111100101
11111110111100111
11111110111101101
11111110111101111
11111111000000000
11111111000000010
11111111000000100
11111111000000110
11111111000001000
11111111000001010
11111111000100000
11111111000100010
11111111001000000
11111111001000010
11111111001000100
11111111001000110
11111111001001000
11111111001001010
11111111001100000
11111111001100010
11111111011000000
11111111011100000
11111111100000000
11111111100000010
11111111100000100
11111111100000110
11111111100001000
11111111100001010
11111111100100000
11111111100100010
11111111101000000
11111111101000010
11111111101000100
11111111101000110
11111111101001000
11111111101001010
11111111101100000
11111111101100010
11111111110000000
11111111110000010
11111111110000100
11111111110000110
11111111110001000
11111111110001010
11111111110100000
11111111110100010
11111111111000000
11111111111000010
11111111111000100
11111111111000110
11111111111001000
11111111111001010
11111111111100000
11111111111100010
