0001110001111000
0001110001111010
0001110011111000
0001110011111010
0001110101111000
0001110101111010
0001110111111000
0001110111111010
0001111001111000
0001111001111010
0001111011111000
0001111011111010
0001111101111000
0001111101111010
0001111111111000
0001111111111010
0011110001111000
0011110001111010
0011110011111000
0011110011111010
0011110101111000
0011110101111010
0011110111111000
0011110111111010
0011111001111000
0011111001111010
0011111011111000
0011111011111010
0011111101111000
0011111101111010
0011111111111000
0011111111111010
0101110000111000
0101110000111010
0101110001111000
0101110001111010
0101110011111000
0101110011111010
0101110100111000
0101110100111010
0101110101111000
0101110101111010
0101110110111000
0101110110111010
0101110111111000
0101110111111010
0101111000111000
0101111000111010
0101111001111000
0101111001111010
0101111100111000
0101111100111010
0101111101111000
0101111101111010
0101111110111000
0101111110111010
0101111111111000
0101111111111010
0111110000111000
0111110000111010
0111110001111000
0111110001111010
0111110011111000
0111110011111010
0111110100111000
0111110100111010
0111110101111000
0111110101111010
0111110110111000
0111110110111010
0111110111111000
0111110111111010
0111111000111000
0111111000111010
0111111001111000
0111111001111010
0111111100111000
0111111100111010
0111111101111000
0111111101111010
0111111110111000
0111111110111010
0111111111111000
0111111111111010
1001110001111000
1001110001111010
1001110011111000
1001110011111010
1001110101111000
1001110101111010
1001110111111000
1001110111111010
1001111001111000
1001111001111010
1001111011111000
1001111011111010
1001111101111000
1001111101111010
1001111111111000
1001111111111010
1011110001111000
1011110001111010
1011110011111000
1011110011111010
1011110101111000
1011110101111010
1011110111111000
1011110111111010
1011111001111000
1011111001111010
1011111011111000
1011111011111010
1011111101111000
1011111101111010
1011111111111000
1011111111111010
1101110000111000
1101110000111010
1101110001111000
1101110001111010
1101110011111000
1101110011111010
1101110100111000
1101110100111010
1101110101111000
1101110101111010
1101110110111000
1101110110111010
1101110111111000
1101110111111010
1101111000111000
1101111000111010
1101111001111000
1101111001111010
1101111100111000
1101111100111010
1101111101111000
1101111101111010
1101111110111000
1101111110111010
1101111111111000
1101111111111010
1111110000111000
1111110000111010
1111110001111000
1111110001111010
1111110011111000
1111110011111010
1111110100111000
1111110100111010
1111110101111000
1111110101111010
1111110110111000
1111110110111010
1111110111111000
1111110111111010
1111111000111000
1111111000111010
1111111001111000
1111111001111010
1111111100111000
1111111100111010
1111111101111000
1111111101111010
1111111110111000
1111111110111010
1111111111111000
1111111111111010
