0000110001111000
0000110001111010
0000110011111000
0000110011111010
0000110101111000
0000110101111010
0000110111111000
0000110111111010
0000111001111000
0000111001111010
0000111011111000
0000111011111010
0000111101111000
0000111101111010
0000111111111000
0000111111111010
0010110001111000
0010110001111010
0010110011111000
0010110011111010
0010110101111000
0010110101111010
0010110111111000
0010110111111010
0010111001111000
0010111001111010
0010111011111000
0010111011111010
0010111101111000
0010111101111010
0010111111111000
0010111111111010
0100110000111000
0100110000111010
0100110001111000
0100110001111010
0100110011111000
0100110011111010
0100110100111000
0100110100111010
0100110101111000
0100110101111010
0100110110111000
0100110110111010
0100110111111000
0100110111111010
0100111000111000
0100111000111010
0100111001111000
0100111001111010
0100111011111000
0100111011111010
0100111100111000
0100111100111010
0100111101111000
0100111101111010
0100111110111000
0100111110111010
0100111111111000
0100111111111010
0110110000111000
0110110000111010
0110110001111000
0110110001111010
0110110011111000
0110110011111010
0110110100111000
0110110100111010
0110110101111000
0110110101111010
0110110110111000
0110110110111010
0110110111111000
0110110111111010
0110111000111000
0110111000111010
0110111001111000
0110111001111010
0110111011111000
0110111011111010
0110111100111000
0110111100111010
0110111101111000
0110111101111010
0110111110111000
0110111110111010
0110111111111000
0110111111111010
1000110001111000
1000110001111010
1000110011111000
1000110011111010
1000110101111000
1000110101111010
1000110111111000
1000110111111010
1000111001111000
1000111001111010
1000111011111000
1000111011111010
1000111101111000
1000111101111010
1000111111111000
1000111111111010
1010110001111000
1010110001111010
1010110011111000
1010110011111010
1010110101111000
1010110101111010
1010110111111000
1010110111111010
1010111001111000
1010111001111010
1010111011111000
1010111011111010
1010111101111000
1010111101111010
1010111111111000
1010111111111010
1100110000111000
1100110000111010
1100110001111000
1100110001111010
1100110011111000
1100110011111010
1100110100111000
1100110100111010
1100110101111000
1100110101111010
1100110110111000
1100110110111010
1100110111111000
1100110111111010
1100111000111000
1100111000111010
1100111001111000
1100111001111010
1100111011111000
1100111011111010
1100111100111000
1100111100111010
1100111101111000
1100111101111010
1100111110111000
1100111110111010
1100111111111000
1100111111111010
1110110000111000
1110110000111010
1110110001111000
1110110001111010
1110110011111000
1110110011111010
1110110100111000
1110110100111010
1110110101111000
1110110101111010
1110110110111000
1110110110111010
1110110111111000
1110110111111010
1110111000111000
1110111000111010
1110111001111000
1110111001111010
1110111011111000
1110111011111010
1110111100111000
1110111100111010
1110111101111000
1110111101111010
1110111110111000
1110111110111010
1110111111111000
1110111111111010
