10000010001010000
10000010001010001
10000010001010010
10000010001010011
10000010001010100
10000010001010101
10000010001010110
10000010001010111
10000010001011000
10000010001011001
10000010001011010
10000010001011011
10000010001011100
10000010001011101
10000010001011110
10000010001011111
10000010001110000
10000010001110010
10000010001110101
10000010001110111
10000010001111000
10000010001111010
10000010001111100
10000010001111101
10000010001111110
10000010001111111
10000010011010000
10000010011010001
10000010011010010
10000010011010011
10000010011010100
10000010011010101
10000010011010110
10000010011010111
10000010011011000
10000010011011001
10000010011011010
10000010011011011
10000010011011100
10000010011011101
10000010011011110
10000010011011111
10000010011110000
10000010011110010
10000010011110101
10000010011110111
10000010011111000
10000010011111010
10000010011111100
10000010011111101
10000010011111110
10000010011111111
10000010101010000
10000010101010001
10000010101010010
10000010101010011
10000010101010100
10000010101010101
10000010101010110
10000010101010111
10000010101011000
10000010101011001
10000010101011010
10000010101011011
10000010101011100
10000010101011101
10000010101011110
10000010101011111
10000010101110000
10000010101110010
10000010101110101
10000010101110111
10000010101111000
10000010101111010
10000010101111100
10000010101111101
10000010101111110
10000010101111111
10000010111010000
10000010111010001
10000010111010010
10000010111010011
10000010111010100
10000010111010101
10000010111010110
10000010111010111
10000010111011000
10000010111011001
10000010111011010
10000010111011011
10000010111011100
10000010111011101
10000010111011110
10000010111011111
10000010111110000
10000010111110010
10000010111110101
10000010111110111
10000010111111000
10000010111111010
10000010111111100
10000010111111101
10000010111111110
10000010111111111
10000011001010000
10000011001010010
10000011001010100
10000011001010110
10000011001011000
10000011001011010
10000011001011100
10000011001011110
10000011001110000
10000011001110010
10000011001111000
10000011001111010
10000011001111100
10000011001111110
10000011011010000
10000011011010010
10000011011010100
10000011011010110
10000011011011000
10000011011011010
10000011011011100
10000011011011110
10000011011110000
10000011011110010
10000011011111000
10000011011111010
10000011011111100
10000011011111110
10000011101010000
10000011101010010
10000011101010100
10000011101010110
10000011101011000
10000011101011010
10000011101011100
10000011101011110
10000011101110000
10000011101110010
10000011101111000
10000011101111010
10000011101111100
10000011101111110
10000011111010000
10000011111010010
10000011111010100
10000011111010110
10000011111011000
10000011111011010
10000011111011100
10000011111011110
10000011111110000
10000011111110010
10000011111111000
10000011111111010
10000011111111100
10000011111111110
10000110001010000
10000110001010001
10000110001010010
10000110001010011
10000110001010100
10000110001010101
10000110001010110
10000110001010111
10000110001011000
10000110001011001
10000110001011010
10000110001011011
10000110001011100
10000110001011101
10000110001011110
10000110001011111
10000110001110000
10000110001110010
10000110001110101
10000110001110111
10000110001111100
10000110001111101
10000110001111110
10000110001111111
10000110011010000
10000110011010001
10000110011010010
10000110011010011
10000110011010100
10000110011010101
10000110011010110
10000110011010111
10000110011011000
10000110011011001
10000110011011010
10000110011011011
10000110011011100
10000110011011101
10000110011011110
10000110011011111
10000110011110000
10000110011110010
10000110011110101
10000110011110111
10000110011111100
10000110011111101
10000110011111110
10000110011111111
10000110101010000
10000110101010001
10000110101010010
10000110101010011
10000110101010100
10000110101010101
10000110101010110
10000110101010111
10000110101011000
10000110101011001
10000110101011010
10000110101011011
10000110101011100
10000110101011101
10000110101011110
10000110101011111
10000110101110000
10000110101110010
10000110101110101
10000110101110111
10000110101111100
10000110101111101
10000110101111110
10000110101111111
10000110111010000
10000110111010001
10000110111010010
10000110111010011
10000110111010100
10000110111010101
10000110111010110
10000110111010111
10000110111011000
10000110111011001
10000110111011010
10000110111011011
10000110111011100
10000110111011101
10000110111011110
10000110111011111
10000110111110000
10000110111110010
10000110111110101
10000110111110111
10000110111111100
10000110111111101
10000110111111110
10000110111111111
10000111001010000
10000111001010010
10000111001010100
10000111001010110
10000111001011000
10000111001011010
10000111001011100
10000111001011110
10000111001110000
10000111001110010
10000111001111100
10000111001111110
10000111011010000
10000111011010010
10000111011010100
10000111011010110
10000111011011000
10000111011011010
10000111011011100
10000111011011110
10000111011110000
10000111011110010
10000111011111100
10000111011111110
10000111101010000
10000111101010010
10000111101010100
10000111101010110
10000111101011000
10000111101011010
10000111101011100
10000111101011110
10000111101110000
10000111101110010
10000111101111100
10000111101111110
10000111111010000
10000111111010010
10000111111010100
10000111111010110
10000111111011000
10000111111011010
10000111111011100
10000111111011110
10000111111110000
10000111111110010
10000111111111100
10000111111111110
10001010001011001
10001010001011011
10001010001011100
10001010001011110
10001010001111100
10001010001111110
10001010011011001
10001010011011011
10001010011011100
10001010011011110
10001010011111100
10001010011111110
10001010101011001
10001010101011011
10001010101011100
10001010101011110
10001010101111100
10001010101111110
10001010111011001
10001010111011011
10001010111011100
10001010111011110
10001010111111100
10001010111111110
10001011001011100
10001011001011110
10001011001111100
10001011001111110
10001011011011100
10001011011011110
10001011011111100
10001011011111110
10001011101011100
10001011101011110
10001011101111100
10001011101111110
10001011111011100
10001011111011110
10001011111111100
10001011111111110
10001110001011001
10001110001011011
10001110001011100
10001110001011110
10001110001111100
10001110001111110
10001110011011001
10001110011011011
10001110011011100
10001110011011110
10001110011111100
10001110011111110
10001110101011001
10001110101011011
10001110101011100
10001110101011110
10001110101111100
10001110101111110
10001110111011001
10001110111011011
10001110111011100
10001110111011110
10001110111111100
10001110111111110
10001111001011100
10001111001011110
10001111001111100
10001111001111110
10001111011011100
10001111011011110
10001111011111100
10001111011111110
10001111101011100
10001111101011110
10001111101111100
10001111101111110
10001111111011100
10001111111011110
10001111111111100
10001111111111110
10010010001010000
10010010001010001
10010010001010010
10010010001010011
10010010001010100
10010010001010101
10010010001010110
10010010001010111
10010010001011000
10010010001011001
10010010001011010
10010010001011011
10010010001011100
10010010001011101
10010010001011110
10010010001011111
10010010001110000
10010010001110010
10010010001110101
10010010001110111
10010010001111000
10010010001111010
10010010001111100
10010010001111101
10010010001111110
10010010001111111
10010010011010000
10010010011010001
10010010011010010
10010010011010011
10010010011010100
10010010011010101
10010010011010110
10010010011010111
10010010011011000
10010010011011001
10010010011011010
10010010011011011
10010010011011100
10010010011011101
10010010011011110
10010010011011111
10010010011110000
10010010011110010
10010010011110101
10010010011110111
10010010011111000
10010010011111010
10010010011111100
10010010011111101
10010010011111110
10010010011111111
10010010101010000
10010010101010001
10010010101010010
10010010101010011
10010010101010100
10010010101010101
10010010101010110
10010010101010111
10010010101011000
10010010101011001
10010010101011010
10010010101011011
10010010101011100
10010010101011101
10010010101011110
10010010101011111
10010010101110000
10010010101110010
10010010101110101
10010010101110111
10010010101111000
10010010101111010
10010010101111100
10010010101111101
10010010101111110
10010010101111111
10010010111010000
10010010111010001
10010010111010010
10010010111010011
10010010111010100
10010010111010101
10010010111010110
10010010111010111
10010010111011000
10010010111011001
10010010111011010
10010010111011011
10010010111011100
10010010111011101
10010010111011110
10010010111011111
10010010111110000
10010010111110010
10010010111110101
10010010111110111
10010010111111000
10010010111111010
10010010111111100
10010010111111101
10010010111111110
10010010111111111
10010011001010000
10010011001010010
10010011001010100
10010011001010110
10010011001011000
10010011001011010
10010011001011100
10010011001011110
10010011001110000
10010011001110010
10010011001111000
10010011001111010
10010011001111100
10010011001111110
10010011011010000
10010011011010010
10010011011010100
10010011011010110
10010011011011000
10010011011011010
10010011011011100
10010011011011110
10010011011110000
10010011011110010
10010011011111000
10010011011111010
10010011011111100
10010011011111110
10010011101010000
10010011101010010
10010011101010100
10010011101010110
10010011101011000
10010011101011010
10010011101011100
10010011101011110
10010011101110000
10010011101110010
10010011101111000
10010011101111010
10010011101111100
10010011101111110
10010011111010000
10010011111010010
10010011111010100
10010011111010110
10010011111011000
10010011111011010
10010011111011100
10010011111011110
10010011111110000
10010011111110010
10010011111111000
10010011111111010
10010011111111100
10010011111111110
10010110001010000
10010110001010001
10010110001010010
10010110001010011
10010110001010100
10010110001010101
10010110001010110
10010110001010111
10010110001011000
10010110001011001
10010110001011010
10010110001011011
10010110001011100
10010110001011101
10010110001011110
10010110001011111
10010110001110000
10010110001110010
10010110001110101
10010110001110111
10010110001111100
10010110001111101
10010110001111110
10010110001111111
10010110011010000
10010110011010001
10010110011010010
10010110011010011
10010110011010100
10010110011010101
10010110011010110
10010110011010111
10010110011011000
10010110011011001
10010110011011010
10010110011011011
10010110011011100
10010110011011101
10010110011011110
10010110011011111
10010110011110000
10010110011110010
10010110011110101
10010110011110111
10010110011111100
10010110011111101
10010110011111110
10010110011111111
10010110101010000
10010110101010001
10010110101010010
10010110101010011
10010110101010100
10010110101010101
10010110101010110
10010110101010111
10010110101011000
10010110101011001
10010110101011010
10010110101011011
10010110101011100
10010110101011101
10010110101011110
10010110101011111
10010110101110000
10010110101110010
10010110101110101
10010110101110111
10010110101111100
10010110101111101
10010110101111110
10010110101111111
10010110111010000
10010110111010001
10010110111010010
10010110111010011
10010110111010100
10010110111010101
10010110111010110
10010110111010111
10010110111011000
10010110111011001
10010110111011010
10010110111011011
10010110111011100
10010110111011101
10010110111011110
10010110111011111
10010110111110000
10010110111110010
10010110111110101
10010110111110111
10010110111111100
10010110111111101
10010110111111110
10010110111111111
10010111001010000
10010111001010010
10010111001010100
10010111001010110
10010111001011000
10010111001011010
10010111001011100
10010111001011110
10010111001110000
10010111001110010
10010111001111100
10010111001111110
10010111011010000
10010111011010010
10010111011010100
10010111011010110
10010111011011000
10010111011011010
10010111011011100
10010111011011110
10010111011110000
10010111011110010
10010111011111100
10010111011111110
10010111101010000
10010111101010010
10010111101010100
10010111101010110
10010111101011000
10010111101011010
10010111101011100
10010111101011110
10010111101110000
10010111101110010
10010111101111100
10010111101111110
10010111111010000
10010111111010010
10010111111010100
10010111111010110
10010111111011000
10010111111011010
10010111111011100
10010111111011110
10010111111110000
10010111111110010
10010111111111100
10010111111111110
10011010001011001
10011010001011011
10011010001011100
10011010001011110
10011010001111100
10011010001111110
10011010011011001
10011010011011011
10011010011011100
10011010011011110
10011010011111100
10011010011111110
10011010101011001
10011010101011011
10011010101011100
10011010101011110
10011010101111100
10011010101111110
10011010111011001
10011010111011011
10011010111011100
10011010111011110
10011010111111100
10011010111111110
10011011001011100
10011011001011110
10011011001111100
10011011001111110
10011011011011100
10011011011011110
10011011011111100
10011011011111110
10011011101011100
10011011101011110
10011011101111100
10011011101111110
10011011111011100
10011011111011110
10011011111111100
10011011111111110
10011110001011001
10011110001011011
10011110001011100
10011110001011110
10011110001111100
10011110001111110
10011110011011001
10011110011011011
10011110011011100
10011110011011110
10011110011111100
10011110011111110
10011110101011001
10011110101011011
10011110101011100
10011110101011110
10011110101111100
10011110101111110
10011110111011001
10011110111011011
10011110111011100
10011110111011110
10011110111111100
10011110111111110
10011111001011100
10011111001011110
10011111001111100
10011111001111110
10011111011011100
10011111011011110
10011111011111100
10011111011111110
10011111101011100
10011111101011110
10011111101111100
10011111101111110
10011111111011100
10011111111011110
10011111111111100
10011111111111110
10100010000010000
10100010000010001
10100010000010010
10100010000010011
10100010000010100
10100010000010101
10100010000010110
10100010000010111
10100010000011000
10100010000011001
10100010000011010
10100010000011011
10100010000011100
10100010000011101
10100010000011110
10100010000011111
10100010000110000
10100010000110010
10100010000110101
10100010000110111
10100010000111000
10100010000111010
10100010000111100
10100010000111101
10100010000111110
10100010000111111
10100010001010000
10100010001010001
10100010001010010
10100010001010011
10100010001010100
10100010001010101
10100010001010110
10100010001010111
10100010001011000
10100010001011001
10100010001011010
10100010001011011
10100010001011100
10100010001011101
10100010001011110
10100010001011111
10100010001110000
10100010001110010
10100010001110101
10100010001110111
10100010001111000
10100010001111010
10100010001111100
10100010001111101
10100010001111110
10100010001111111
10100010011010000
10100010011010001
10100010011010010
10100010011010011
10100010011010100
10100010011010101
10100010011010110
10100010011010111
10100010011011000
10100010011011001
10100010011011010
10100010011011011
10100010011011100
10100010011011101
10100010011011110
10100010011011111
10100010011110000
10100010011110010
10100010011110101
10100010011110111
10100010011111000
10100010011111010
10100010011111100
10100010011111101
10100010011111110
10100010011111111
10100010100010000
10100010100010001
10100010100010010
10100010100010011
10100010100010100
10100010100010101
10100010100010110
10100010100010111
10100010100011000
10100010100011001
10100010100011010
10100010100011011
10100010100011100
10100010100011101
10100010100011110
10100010100011111
10100010100110000
10100010100110010
10100010100110101
10100010100110111
10100010100111000
10100010100111010
10100010100111100
10100010100111101
10100010100111110
10100010100111111
10100010101010000
10100010101010001
10100010101010010
10100010101010011
10100010101010100
10100010101010101
10100010101010110
10100010101010111
10100010101011000
10100010101011001
10100010101011010
10100010101011011
10100010101011100
10100010101011101
10100010101011110
10100010101011111
10100010101110000
10100010101110010
10100010101110101
10100010101110111
10100010101111000
10100010101111010
10100010101111100
10100010101111101
10100010101111110
10100010101111111
10100010110010000
10100010110010001
10100010110010010
10100010110010011
10100010110010100
10100010110010101
10100010110010110
10100010110010111
10100010110011000
10100010110011001
10100010110011010
10100010110011011
10100010110011100
10100010110011101
10100010110011110
10100010110011111
10100010110110000
10100010110110010
10100010110110101
10100010110110111
10100010110111000
10100010110111010
10100010110111100
10100010110111101
10100010110111110
10100010110111111
10100010111010000
10100010111010001
10100010111010010
10100010111010011
10100010111010100
10100010111010101
10100010111010110
10100010111010111
10100010111011000
10100010111011001
10100010111011010
10100010111011011
10100010111011100
10100010111011101
10100010111011110
10100010111011111
10100010111110000
10100010111110010
10100010111110101
10100010111110111
10100010111111000
10100010111111010
10100010111111100
10100010111111101
10100010111111110
10100010111111111
10100011000010000
10100011000010010
10100011000010100
10100011000010110
10100011000011000
10100011000011010
10100011000011100
10100011000011110
10100011000110000
10100011000110010
10100011000111000
10100011000111010
10100011000111100
10100011000111110
10100011001010000
10100011001010010
10100011001010100
10100011001010110
10100011001011000
10100011001011010
10100011001011100
10100011001011110
10100011001110000
10100011001110010
10100011001111000
10100011001111010
10100011001111100
10100011001111110
10100011011010000
10100011011010010
10100011011010100
10100011011010110
10100011011011000
10100011011011010
10100011011011100
10100011011011110
10100011011110000
10100011011110010
10100011011111000
10100011011111010
10100011011111100
10100011011111110
10100011100010000
10100011100010010
10100011100010100
10100011100010110
10100011100011000
10100011100011010
10100011100011100
10100011100011110
10100011100110000
10100011100110010
10100011100111000
10100011100111010
10100011100111100
10100011100111110
10100011101010000
10100011101010010
10100011101010100
10100011101010110
10100011101011000
10100011101011010
10100011101011100
10100011101011110
10100011101110000
10100011101110010
10100011101111000
10100011101111010
10100011101111100
10100011101111110
10100011110010000
10100011110010010
10100011110010100
10100011110010110
10100011110011000
10100011110011010
10100011110011100
10100011110011110
10100011110110000
10100011110110010
10100011110111000
10100011110111010
10100011110111100
10100011110111110
10100011111010000
10100011111010010
10100011111010100
10100011111010110
10100011111011000
10100011111011010
10100011111011100
10100011111011110
10100011111110000
10100011111110010
10100011111111000
10100011111111010
10100011111111100
10100011111111110
10100110000010000
10100110000010001
10100110000010010
10100110000010011
10100110000010100
10100110000010101
10100110000010110
10100110000010111
10100110000011000
10100110000011001
10100110000011010
10100110000011011
10100110000011100
10100110000011101
10100110000011110
10100110000011111
10100110000110000
10100110000110010
10100110000110101
10100110000110111
10100110000111100
10100110000111101
10100110000111110
10100110000111111
10100110001010000
10100110001010001
10100110001010010
10100110001010011
10100110001010100
10100110001010101
10100110001010110
10100110001010111
10100110001011000
10100110001011001
10100110001011010
10100110001011011
10100110001011100
10100110001011101
10100110001011110
10100110001011111
10100110001110000
10100110001110010
10100110001110101
10100110001110111
10100110001111100
10100110001111101
10100110001111110
10100110001111111
10100110011010000
10100110011010001
10100110011010010
10100110011010011
10100110011010100
10100110011010101
10100110011010110
10100110011010111
10100110011011000
10100110011011001
10100110011011010
10100110011011011
10100110011011100
10100110011011101
10100110011011110
10100110011011111
10100110011110000
10100110011110010
10100110011110101
10100110011110111
10100110011111100
10100110011111101
10100110011111110
10100110011111111
10100110100010000
10100110100010001
10100110100010010
10100110100010011
10100110100010100
10100110100010101
10100110100010110
10100110100010111
10100110100011000
10100110100011001
10100110100011010
10100110100011011
10100110100011100
10100110100011101
10100110100011110
10100110100011111
10100110100110000
10100110100110010
10100110100110101
10100110100110111
10100110100111100
10100110100111101
10100110100111110
10100110100111111
10100110101010000
10100110101010001
10100110101010010
10100110101010011
10100110101010100
10100110101010101
10100110101010110
10100110101010111
10100110101011000
10100110101011001
10100110101011010
10100110101011011
10100110101011100
10100110101011101
10100110101011110
10100110101011111
10100110101110000
10100110101110010
10100110101110101
10100110101110111
10100110101111100
10100110101111101
10100110101111110
10100110101111111
10100110110010000
10100110110010001
10100110110010010
10100110110010011
10100110110010100
10100110110010101
10100110110010110
10100110110010111
10100110110011000
10100110110011001
10100110110011010
10100110110011011
10100110110011100
10100110110011101
10100110110011110
10100110110011111
10100110110110000
10100110110110010
10100110110110101
10100110110110111
10100110110111100
10100110110111101
10100110110111110
10100110110111111
10100110111010000
10100110111010001
10100110111010010
10100110111010011
10100110111010100
10100110111010101
10100110111010110
10100110111010111
10100110111011000
10100110111011001
10100110111011010
10100110111011011
10100110111011100
10100110111011101
10100110111011110
10100110111011111
10100110111110000
10100110111110010
10100110111110101
10100110111110111
10100110111111100
10100110111111101
10100110111111110
10100110111111111
10100111000010000
10100111000010010
10100111000010100
10100111000010110
10100111000011000
10100111000011010
10100111000011100
10100111000011110
10100111000110000
10100111000110010
10100111000111100
10100111000111110
10100111001010000
10100111001010010
10100111001010100
10100111001010110
10100111001011000
10100111001011010
10100111001011100
10100111001011110
10100111001110000
10100111001110010
10100111001111100
10100111001111110
10100111011010000
10100111011010010
10100111011010100
10100111011010110
10100111011011000
10100111011011010
10100111011011100
10100111011011110
10100111011110000
10100111011110010
10100111011111100
10100111011111110
10100111100010000
10100111100010010
10100111100010100
10100111100010110
10100111100011000
10100111100011010
10100111100011100
10100111100011110
10100111100110000
10100111100110010
10100111100111100
10100111100111110
10100111101010000
10100111101010010
10100111101010100
10100111101010110
10100111101011000
10100111101011010
10100111101011100
10100111101011110
10100111101110000
10100111101110010
10100111101111100
10100111101111110
10100111110010000
10100111110010010
10100111110010100
10100111110010110
10100111110011000
10100111110011010
10100111110011100
10100111110011110
10100111110110000
10100111110110010
10100111110111100
10100111110111110
10100111111010000
10100111111010010
10100111111010100
10100111111010110
10100111111011000
10100111111011010
10100111111011100
10100111111011110
10100111111110000
10100111111110010
10100111111111100
10100111111111110
10101010000011001
10101010000011011
10101010000011100
10101010000011110
10101010000111100
10101010000111110
10101010001011001
10101010001011011
10101010001011100
10101010001011110
10101010001111100
10101010001111110
10101010011011001
10101010011011011
10101010011011100
10101010011011110
10101010011111100
10101010011111110
10101010100011001
10101010100011011
10101010100011100
10101010100011110
10101010100111100
10101010100111110
10101010101011001
10101010101011011
10101010101011100
10101010101011110
10101010101111100
10101010101111110
10101010110011001
10101010110011011
10101010110011100
10101010110011110
10101010110111100
10101010110111110
10101010111011001
10101010111011011
10101010111011100
10101010111011110
10101010111111100
10101010111111110
10101011000011100
10101011000011110
10101011000111100
10101011000111110
10101011001011100
10101011001011110
10101011001111100
10101011001111110
10101011011011100
10101011011011110
10101011011111100
10101011011111110
10101011100011100
10101011100011110
10101011100111100
10101011100111110
10101011101011100
10101011101011110
10101011101111100
10101011101111110
10101011110011100
10101011110011110
10101011110111100
10101011110111110
10101011111011100
10101011111011110
10101011111111100
10101011111111110
10101110000011001
10101110000011011
10101110000011100
10101110000011110
10101110000111100
10101110000111110
10101110001011001
10101110001011011
10101110001011100
10101110001011110
10101110001111100
10101110001111110
10101110011011001
10101110011011011
10101110011011100
10101110011011110
10101110011111100
10101110011111110
10101110100011001
10101110100011011
10101110100011100
10101110100011110
10101110100111100
10101110100111110
10101110101011001
10101110101011011
10101110101011100
10101110101011110
10101110101111100
10101110101111110
10101110110011001
10101110110011011
10101110110011100
10101110110011110
10101110110111100
10101110110111110
10101110111011001
10101110111011011
10101110111011100
10101110111011110
10101110111111100
10101110111111110
10101111000011100
10101111000011110
10101111000111100
10101111000111110
10101111001011100
10101111001011110
10101111001111100
10101111001111110
10101111011011100
10101111011011110
10101111011111100
10101111011111110
10101111100011100
10101111100011110
10101111100111100
10101111100111110
10101111101011100
10101111101011110
10101111101111100
10101111101111110
10101111110011100
10101111110011110
10101111110111100
10101111110111110
10101111111011100
10101111111011110
10101111111111100
10101111111111110
10110010000010000
10110010000010001
10110010000010010
10110010000010011
10110010000010100
10110010000010101
10110010000010110
10110010000010111
10110010000011000
10110010000011001
10110010000011010
10110010000011011
10110010000011100
10110010000011101
10110010000011110
10110010000011111
10110010000110000
10110010000110010
10110010000110101
10110010000110111
10110010000111000
10110010000111010
10110010000111100
10110010000111101
10110010000111110
10110010000111111
10110010001010000
10110010001010001
10110010001010010
10110010001010011
10110010001010100
10110010001010101
10110010001010110
10110010001010111
10110010001011000
10110010001011001
10110010001011010
10110010001011011
10110010001011100
10110010001011101
10110010001011110
10110010001011111
10110010001110000
10110010001110010
10110010001110101
10110010001110111
10110010001111000
10110010001111010
10110010001111100
10110010001111101
10110010001111110
10110010001111111
10110010011010000
10110010011010001
10110010011010010
10110010011010011
10110010011010100
10110010011010101
10110010011010110
10110010011010111
10110010011011000
10110010011011001
10110010011011010
10110010011011011
10110010011011100
10110010011011101
10110010011011110
10110010011011111
10110010011110000
10110010011110010
10110010011110101
10110010011110111
10110010011111000
10110010011111010
10110010011111100
10110010011111101
10110010011111110
10110010011111111
10110010100010000
10110010100010001
10110010100010010
10110010100010011
10110010100010100
10110010100010101
10110010100010110
10110010100010111
10110010100011000
10110010100011001
10110010100011010
10110010100011011
10110010100011100
10110010100011101
10110010100011110
10110010100011111
10110010100110000
10110010100110010
10110010100110101
10110010100110111
10110010100111000
10110010100111010
10110010100111100
10110010100111101
10110010100111110
10110010100111111
10110010101010000
10110010101010001
10110010101010010
10110010101010011
10110010101010100
10110010101010101
10110010101010110
10110010101010111
10110010101011000
10110010101011001
10110010101011010
10110010101011011
10110010101011100
10110010101011101
10110010101011110
10110010101011111
10110010101110000
10110010101110010
10110010101110101
10110010101110111
10110010101111000
10110010101111010
10110010101111100
10110010101111101
10110010101111110
10110010101111111
10110010110010000
10110010110010001
10110010110010010
10110010110010011
10110010110010100
10110010110010101
10110010110010110
10110010110010111
10110010110011000
10110010110011001
10110010110011010
10110010110011011
10110010110011100
10110010110011101
10110010110011110
10110010110011111
10110010110110000
10110010110110010
10110010110110101
10110010110110111
10110010110111000
10110010110111010
10110010110111100
10110010110111101
10110010110111110
10110010110111111
10110010111010000
10110010111010001
10110010111010010
10110010111010011
10110010111010100
10110010111010101
10110010111010110
10110010111010111
10110010111011000
10110010111011001
10110010111011010
10110010111011011
10110010111011100
10110010111011101
10110010111011110
10110010111011111
10110010111110000
10110010111110010
10110010111110101
10110010111110111
10110010111111000
10110010111111010
10110010111111100
10110010111111101
10110010111111110
10110010111111111
10110011000010000
10110011000010010
10110011000010100
10110011000010110
10110011000011000
10110011000011010
10110011000011100
10110011000011110
10110011000110000
10110011000110010
10110011000111000
10110011000111010
10110011000111100
10110011000111110
10110011001010000
10110011001010010
10110011001010100
10110011001010110
10110011001011000
10110011001011010
10110011001011100
10110011001011110
10110011001110000
10110011001110010
10110011001111000
10110011001111010
10110011001111100
10110011001111110
10110011011010000
10110011011010010
10110011011010100
10110011011010110
10110011011011000
10110011011011010
10110011011011100
10110011011011110
10110011011110000
10110011011110010
10110011011111000
10110011011111010
10110011011111100
10110011011111110
10110011100010000
10110011100010010
10110011100010100
10110011100010110
10110011100011000
10110011100011010
10110011100011100
10110011100011110
10110011100110000
10110011100110010
10110011100111000
10110011100111010
10110011100111100
10110011100111110
10110011101010000
10110011101010010
10110011101010100
10110011101010110
10110011101011000
10110011101011010
10110011101011100
10110011101011110
10110011101110000
10110011101110010
10110011101111000
10110011101111010
10110011101111100
10110011101111110
10110011110010000
10110011110010010
10110011110010100
10110011110010110
10110011110011000
10110011110011010
10110011110011100
10110011110011110
10110011110110000
10110011110110010
10110011110111000
10110011110111010
10110011110111100
10110011110111110
10110011111010000
10110011111010010
10110011111010100
10110011111010110
10110011111011000
10110011111011010
10110011111011100
10110011111011110
10110011111110000
10110011111110010
10110011111111000
10110011111111010
10110011111111100
10110011111111110
10110110000010000
10110110000010001
10110110000010010
10110110000010011
10110110000010100
10110110000010101
10110110000010110
10110110000010111
10110110000011000
10110110000011001
10110110000011010
10110110000011011
10110110000011100
10110110000011101
10110110000011110
10110110000011111
10110110000110000
10110110000110010
10110110000110101
10110110000110111
10110110000111100
10110110000111101
10110110000111110
10110110000111111
10110110001010000
10110110001010001
10110110001010010
10110110001010011
10110110001010100
10110110001010101
10110110001010110
10110110001010111
10110110001011000
10110110001011001
10110110001011010
10110110001011011
10110110001011100
10110110001011101
10110110001011110
10110110001011111
10110110001110000
10110110001110010
10110110001110101
10110110001110111
10110110001111100
10110110001111101
10110110001111110
10110110001111111
10110110011010000
10110110011010001
10110110011010010
10110110011010011
10110110011010100
10110110011010101
10110110011010110
10110110011010111
10110110011011000
10110110011011001
10110110011011010
10110110011011011
10110110011011100
10110110011011101
10110110011011110
10110110011011111
10110110011110000
10110110011110010
10110110011110101
10110110011110111
10110110011111100
10110110011111101
10110110011111110
10110110011111111
10110110100010000
10110110100010001
10110110100010010
10110110100010011
10110110100010100
10110110100010101
10110110100010110
10110110100010111
10110110100011000
10110110100011001
10110110100011010
10110110100011011
10110110100011100
10110110100011101
10110110100011110
10110110100011111
10110110100110000
10110110100110010
10110110100110101
10110110100110111
10110110100111100
10110110100111101
10110110100111110
10110110100111111
10110110101010000
10110110101010001
10110110101010010
10110110101010011
10110110101010100
10110110101010101
10110110101010110
10110110101010111
10110110101011000
10110110101011001
10110110101011010
10110110101011011
10110110101011100
10110110101011101
10110110101011110
10110110101011111
10110110101110000
10110110101110010
10110110101110101
10110110101110111
10110110101111100
10110110101111101
10110110101111110
10110110101111111
10110110110010000
10110110110010001
10110110110010010
10110110110010011
10110110110010100
10110110110010101
10110110110010110
10110110110010111
10110110110011000
10110110110011001
10110110110011010
10110110110011011
10110110110011100
10110110110011101
10110110110011110
10110110110011111
10110110110110000
10110110110110010
10110110110110101
10110110110110111
10110110110111100
10110110110111101
10110110110111110
10110110110111111
10110110111010000
10110110111010001
10110110111010010
10110110111010011
10110110111010100
10110110111010101
10110110111010110
10110110111010111
10110110111011000
10110110111011001
10110110111011010
10110110111011011
10110110111011100
10110110111011101
10110110111011110
10110110111011111
10110110111110000
10110110111110010
10110110111110101
10110110111110111
10110110111111100
10110110111111101
10110110111111110
10110110111111111
10110111000010000
10110111000010010
10110111000010100
10110111000010110
10110111000011000
10110111000011010
10110111000011100
10110111000011110
10110111000110000
10110111000110010
10110111000111100
10110111000111110
10110111001010000
10110111001010010
10110111001010100
10110111001010110
10110111001011000
10110111001011010
10110111001011100
10110111001011110
10110111001110000
10110111001110010
10110111001111100
10110111001111110
10110111011010000
10110111011010010
10110111011010100
10110111011010110
10110111011011000
10110111011011010
10110111011011100
10110111011011110
10110111011110000
10110111011110010
10110111011111100
10110111011111110
10110111100010000
10110111100010010
10110111100010100
10110111100010110
10110111100011000
10110111100011010
10110111100011100
10110111100011110
10110111100110000
10110111100110010
10110111100111100
10110111100111110
10110111101010000
10110111101010010
10110111101010100
10110111101010110
10110111101011000
10110111101011010
10110111101011100
10110111101011110
10110111101110000
10110111101110010
10110111101111100
10110111101111110
10110111110010000
10110111110010010
10110111110010100
10110111110010110
10110111110011000
10110111110011010
10110111110011100
10110111110011110
10110111110110000
10110111110110010
10110111110111100
10110111110111110
10110111111010000
10110111111010010
10110111111010100
10110111111010110
10110111111011000
10110111111011010
10110111111011100
10110111111011110
10110111111110000
10110111111110010
10110111111111100
10110111111111110
10111010000011001
10111010000011011
10111010000011100
10111010000011110
10111010000111100
10111010000111110
10111010001011001
10111010001011011
10111010001011100
10111010001011110
10111010001111100
10111010001111110
10111010011011001
10111010011011011
10111010011011100
10111010011011110
10111010011111100
10111010011111110
10111010100011001
10111010100011011
10111010100011100
10111010100011110
10111010100111100
10111010100111110
10111010101011001
10111010101011011
10111010101011100
10111010101011110
10111010101111100
10111010101111110
10111010110011001
10111010110011011
10111010110011100
10111010110011110
10111010110111100
10111010110111110
10111010111011001
10111010111011011
10111010111011100
10111010111011110
10111010111111100
10111010111111110
10111011000011100
10111011000011110
10111011000111100
10111011000111110
10111011001011100
10111011001011110
10111011001111100
10111011001111110
10111011011011100
10111011011011110
10111011011111100
10111011011111110
10111011100011100
10111011100011110
10111011100111100
10111011100111110
10111011101011100
10111011101011110
10111011101111100
10111011101111110
10111011110011100
10111011110011110
10111011110111100
10111011110111110
10111011111011100
10111011111011110
10111011111111100
10111011111111110
10111110000011001
10111110000011011
10111110000011100
10111110000011110
10111110000111100
10111110000111110
10111110001011001
10111110001011011
10111110001011100
10111110001011110
10111110001111100
10111110001111110
10111110011011001
10111110011011011
10111110011011100
10111110011011110
10111110011111100
10111110011111110
10111110100011001
10111110100011011
10111110100011100
10111110100011110
10111110100111100
10111110100111110
10111110101011001
10111110101011011
10111110101011100
10111110101011110
10111110101111100
10111110101111110
10111110110011001
10111110110011011
10111110110011100
10111110110011110
10111110110111100
10111110110111110
10111110111011001
10111110111011011
10111110111011100
10111110111011110
10111110111111100
10111110111111110
10111111000011100
10111111000011110
10111111000111100
10111111000111110
10111111001011100
10111111001011110
10111111001111100
10111111001111110
10111111011011100
10111111011011110
10111111011111100
10111111011111110
10111111100011100
10111111100011110
10111111100111100
10111111100111110
10111111101011100
10111111101011110
10111111101111100
10111111101111110
10111111110011100
10111111110011110
10111111110111100
10111111110111110
10111111111011100
10111111111011110
10111111111111100
10111111111111110
11000010001010000
11000010001010001
11000010001010010
11000010001010011
11000010001010100
11000010001010101
11000010001010110
11000010001010111
11000010001011000
11000010001011001
11000010001011010
11000010001011011
11000010001011100
11000010001011101
11000010001011110
11000010001011111
11000010001110000
11000010001110001
11000010001110010
11000010001110011
11000010001110101
11000010001110111
11000010001111000
11000010001111010
11000010001111100
11000010001111101
11000010001111110
11000010001111111
11000010011010000
11000010011010001
11000010011010010
11000010011010011
11000010011010100
11000010011010101
11000010011010110
11000010011010111
11000010011011000
11000010011011001
11000010011011010
11000010011011011
11000010011011100
11000010011011101
11000010011011110
11000010011011111
11000010011110000
11000010011110001
11000010011110010
11000010011110011
11000010011110101
11000010011110111
11000010011111000
11000010011111010
11000010011111100
11000010011111101
11000010011111110
11000010011111111
11000010101010000
11000010101010001
11000010101010010
11000010101010011
11000010101010100
11000010101010101
11000010101010110
11000010101010111
11000010101011000
11000010101011001
11000010101011010
11000010101011011
11000010101011100
11000010101011101
11000010101011110
11000010101011111
11000010101110000
11000010101110001
11000010101110010
11000010101110011
11000010101110101
11000010101110111
11000010101111000
11000010101111010
11000010101111100
11000010101111101
11000010101111110
11000010101111111
11000010111010000
11000010111010001
11000010111010010
11000010111010011
11000010111010100
11000010111010101
11000010111010110
11000010111010111
11000010111011000
11000010111011001
11000010111011010
11000010111011011
11000010111011100
11000010111011101
11000010111011110
11000010111011111
11000010111110000
11000010111110001
11000010111110010
11000010111110011
11000010111110101
11000010111110111
11000010111111000
11000010111111010
11000010111111100
11000010111111101
11000010111111110
11000010111111111
11000011001010000
11000011001010010
11000011001010100
11000011001010110
11000011001011000
11000011001011010
11000011001011100
11000011001011110
11000011001110000
11000011001110010
11000011001111000
11000011001111010
11000011001111100
11000011001111110
11000011011010000
11000011011010010
11000011011010100
11000011011010110
11000011011011000
11000011011011010
11000011011011100
11000011011011110
11000011011110000
11000011011110010
11000011011111000
11000011011111010
11000011011111100
11000011011111110
11000011101010000
11000011101010010
11000011101010100
11000011101010110
11000011101011000
11000011101011010
11000011101011100
11000011101011110
11000011101110000
11000011101110010
11000011101111000
11000011101111010
11000011101111100
11000011101111110
11000011111010000
11000011111010010
11000011111010100
11000011111010110
11000011111011000
11000011111011010
11000011111011100
11000011111011110
11000011111110000
11000011111110010
11000011111111000
11000011111111010
11000011111111100
11000011111111110
11000110001010000
11000110001010001
11000110001010010
11000110001010011
11000110001010100
11000110001010101
11000110001010110
11000110001010111
11000110001011000
11000110001011001
11000110001011010
11000110001011011
11000110001011100
11000110001011101
11000110001011110
11000110001011111
11000110001110000
11000110001110001
11000110001110010
11000110001110011
11000110001110101
11000110001110111
11000110001111100
11000110001111101
11000110001111110
11000110001111111
11000110011010000
11000110011010001
11000110011010010
11000110011010011
11000110011010100
11000110011010101
11000110011010110
11000110011010111
11000110011011000
11000110011011001
11000110011011010
11000110011011011
11000110011011100
11000110011011101
11000110011011110
11000110011011111
11000110011110000
11000110011110001
11000110011110010
11000110011110011
11000110011110101
11000110011110111
11000110011111100
11000110011111101
11000110011111110
11000110011111111
11000110101010000
11000110101010001
11000110101010010
11000110101010011
11000110101010100
11000110101010101
11000110101010110
11000110101010111
11000110101011000
11000110101011001
11000110101011010
11000110101011011
11000110101011100
11000110101011101
11000110101011110
11000110101011111
11000110101110000
11000110101110001
11000110101110010
11000110101110011
11000110101110101
11000110101110111
11000110101111100
11000110101111101
11000110101111110
11000110101111111
11000110111010000
11000110111010001
11000110111010010
11000110111010011
11000110111010100
11000110111010101
11000110111010110
11000110111010111
11000110111011000
11000110111011001
11000110111011010
11000110111011011
11000110111011100
11000110111011101
11000110111011110
11000110111011111
11000110111110000
11000110111110001
11000110111110010
11000110111110011
11000110111110101
11000110111110111
11000110111111100
11000110111111101
11000110111111110
11000110111111111
11000111001010000
11000111001010010
11000111001010100
11000111001010110
11000111001011000
11000111001011010
11000111001011100
11000111001011110
11000111001110000
11000111001110010
11000111001111100
11000111001111110
11000111011010000
11000111011010010
11000111011010100
11000111011010110
11000111011011000
11000111011011010
11000111011011100
11000111011011110
11000111011110000
11000111011110010
11000111011111100
11000111011111110
11000111101010000
11000111101010010
11000111101010100
11000111101010110
11000111101011000
11000111101011010
11000111101011100
11000111101011110
11000111101110000
11000111101110010
11000111101111100
11000111101111110
11000111111010000
11000111111010010
11000111111010100
11000111111010110
11000111111011000
11000111111011010
11000111111011100
11000111111011110
11000111111110000
11000111111110010
11000111111111100
11000111111111110
11001010001011001
11001010001011011
11001010001011100
11001010001011110
11001010001111100
11001010001111110
11001010011011001
11001010011011011
11001010011011100
11001010011011110
11001010011111100
11001010011111110
11001010101011001
11001010101011011
11001010101011100
11001010101011110
11001010101111100
11001010101111110
11001010111011001
11001010111011011
11001010111011100
11001010111011110
11001010111111100
11001010111111110
11001011001011100
11001011001011110
11001011001111100
11001011001111110
11001011011011100
11001011011011110
11001011011111100
11001011011111110
11001011101011100
11001011101011110
11001011101111100
11001011101111110
11001011111011100
11001011111011110
11001011111111100
11001011111111110
11001110001011001
11001110001011011
11001110001011100
11001110001011110
11001110001111100
11001110001111110
11001110011011001
11001110011011011
11001110011011100
11001110011011110
11001110011111100
11001110011111110
11001110101011001
11001110101011011
11001110101011100
11001110101011110
11001110101111100
11001110101111110
11001110111011001
11001110111011011
11001110111011100
11001110111011110
11001110111111100
11001110111111110
11001111001011100
11001111001011110
11001111001111100
11001111001111110
11001111011011100
11001111011011110
11001111011111100
11001111011111110
11001111101011100
11001111101011110
11001111101111100
11001111101111110
11001111111011100
11001111111011110
11001111111111100
11001111111111110
11010010001010000
11010010001010001
11010010001010010
11010010001010011
11010010001010100
11010010001010101
11010010001010110
11010010001010111
11010010001011000
11010010001011001
11010010001011010
11010010001011011
11010010001011100
11010010001011101
11010010001011110
11010010001011111
11010010001110000
11010010001110001
11010010001110010
11010010001110011
11010010001110101
11010010001110111
11010010001111000
11010010001111010
11010010001111100
11010010001111101
11010010001111110
11010010001111111
11010010011010000
11010010011010001
11010010011010010
11010010011010011
11010010011010100
11010010011010101
11010010011010110
11010010011010111
11010010011011000
11010010011011001
11010010011011010
11010010011011011
11010010011011100
11010010011011101
11010010011011110
11010010011011111
11010010011110000
11010010011110001
11010010011110010
11010010011110011
11010010011110101
11010010011110111
11010010011111000
11010010011111010
11010010011111100
11010010011111101
11010010011111110
11010010011111111
11010010101010000
11010010101010001
11010010101010010
11010010101010011
11010010101010100
11010010101010101
11010010101010110
11010010101010111
11010010101011000
11010010101011001
11010010101011010
11010010101011011
11010010101011100
11010010101011101
11010010101011110
11010010101011111
11010010101110000
11010010101110001
11010010101110010
11010010101110011
11010010101110101
11010010101110111
11010010101111000
11010010101111010
11010010101111100
11010010101111101
11010010101111110
11010010101111111
11010010111010000
11010010111010001
11010010111010010
11010010111010011
11010010111010100
11010010111010101
11010010111010110
11010010111010111
11010010111011000
11010010111011001
11010010111011010
11010010111011011
11010010111011100
11010010111011101
11010010111011110
11010010111011111
11010010111110000
11010010111110001
11010010111110010
11010010111110011
11010010111110101
11010010111110111
11010010111111000
11010010111111010
11010010111111100
11010010111111101
11010010111111110
11010010111111111
11010011001010000
11010011001010010
11010011001010100
11010011001010110
11010011001011000
11010011001011010
11010011001011100
11010011001011110
11010011001110000
11010011001110010
11010011001111000
11010011001111010
11010011001111100
11010011001111110
11010011011010000
11010011011010010
11010011011010100
11010011011010110
11010011011011000
11010011011011010
11010011011011100
11010011011011110
11010011011110000
11010011011110010
11010011011111000
11010011011111010
11010011011111100
11010011011111110
11010011101010000
11010011101010010
11010011101010100
11010011101010110
11010011101011000
11010011101011010
11010011101011100
11010011101011110
11010011101110000
11010011101110010
11010011101111000
11010011101111010
11010011101111100
11010011101111110
11010011111010000
11010011111010010
11010011111010100
11010011111010110
11010011111011000
11010011111011010
11010011111011100
11010011111011110
11010011111110000
11010011111110010
11010011111111000
11010011111111010
11010011111111100
11010011111111110
11010110001010000
11010110001010001
11010110001010010
11010110001010011
11010110001010100
11010110001010101
11010110001010110
11010110001010111
11010110001011000
11010110001011001
11010110001011010
11010110001011011
11010110001011100
11010110001011101
11010110001011110
11010110001011111
11010110001110000
11010110001110001
11010110001110010
11010110001110011
11010110001110101
11010110001110111
11010110001111100
11010110001111101
11010110001111110
11010110001111111
11010110011010000
11010110011010001
11010110011010010
11010110011010011
11010110011010100
11010110011010101
11010110011010110
11010110011010111
11010110011011000
11010110011011001
11010110011011010
11010110011011011
11010110011011100
11010110011011101
11010110011011110
11010110011011111
11010110011110000
11010110011110001
11010110011110010
11010110011110011
11010110011110101
11010110011110111
11010110011111100
11010110011111101
11010110011111110
11010110011111111
11010110101010000
11010110101010001
11010110101010010
11010110101010011
11010110101010100
11010110101010101
11010110101010110
11010110101010111
11010110101011000
11010110101011001
11010110101011010
11010110101011011
11010110101011100
11010110101011101
11010110101011110
11010110101011111
11010110101110000
11010110101110001
11010110101110010
11010110101110011
11010110101110101
11010110101110111
11010110101111100
11010110101111101
11010110101111110
11010110101111111
11010110111010000
11010110111010001
11010110111010010
11010110111010011
11010110111010100
11010110111010101
11010110111010110
11010110111010111
11010110111011000
11010110111011001
11010110111011010
11010110111011011
11010110111011100
11010110111011101
11010110111011110
11010110111011111
11010110111110000
11010110111110001
11010110111110010
11010110111110011
11010110111110101
11010110111110111
11010110111111100
11010110111111101
11010110111111110
11010110111111111
11010111001010000
11010111001010010
11010111001010100
11010111001010110
11010111001011000
11010111001011010
11010111001011100
11010111001011110
11010111001110000
11010111001110010
11010111001111100
11010111001111110
11010111011010000
11010111011010010
11010111011010100
11010111011010110
11010111011011000
11010111011011010
11010111011011100
11010111011011110
11010111011110000
11010111011110010
11010111011111100
11010111011111110
11010111101010000
11010111101010010
11010111101010100
11010111101010110
11010111101011000
11010111101011010
11010111101011100
11010111101011110
11010111101110000
11010111101110010
11010111101111100
11010111101111110
11010111111010000
11010111111010010
11010111111010100
11010111111010110
11010111111011000
11010111111011010
11010111111011100
11010111111011110
11010111111110000
11010111111110010
11010111111111100
11010111111111110
11011010001011001
11011010001011011
11011010001011100
11011010001011110
11011010001111100
11011010001111110
11011010011011001
11011010011011011
11011010011011100
11011010011011110
11011010011111100
11011010011111110
11011010101011001
11011010101011011
11011010101011100
11011010101011110
11011010101111100
11011010101111110
11011010111011001
11011010111011011
11011010111011100
11011010111011110
11011010111111100
11011010111111110
11011011001011100
11011011001011110
11011011001111100
11011011001111110
11011011011011100
11011011011011110
11011011011111100
11011011011111110
11011011101011100
11011011101011110
11011011101111100
11011011101111110
11011011111011100
11011011111011110
11011011111111100
11011011111111110
11011110001011001
11011110001011011
11011110001011100
11011110001011110
11011110001111100
11011110001111110
11011110011011001
11011110011011011
11011110011011100
11011110011011110
11011110011111100
11011110011111110
11011110101011001
11011110101011011
11011110101011100
11011110101011110
11011110101111100
11011110101111110
11011110111011001
11011110111011011
11011110111011100
11011110111011110
11011110111111100
11011110111111110
11011111001011100
11011111001011110
11011111001111100
11011111001111110
11011111011011100
11011111011011110
11011111011111100
11011111011111110
11011111101011100
11011111101011110
11011111101111100
11011111101111110
11011111111011100
11011111111011110
11011111111111100
11011111111111110
11100010000010000
11100010000010001
11100010000010010
11100010000010011
11100010000010100
11100010000010101
11100010000010110
11100010000010111
11100010000011000
11100010000011001
11100010000011010
11100010000011011
11100010000011100
11100010000011101
11100010000011110
11100010000011111
11100010000110000
11100010000110001
11100010000110010
11100010000110011
11100010000110101
11100010000110111
11100010000111000
11100010000111010
11100010000111100
11100010000111101
11100010000111110
11100010000111111
11100010001010000
11100010001010001
11100010001010010
11100010001010011
11100010001010100
11100010001010101
11100010001010110
11100010001010111
11100010001011000
11100010001011001
11100010001011010
11100010001011011
11100010001011100
11100010001011101
11100010001011110
11100010001011111
11100010001110000
11100010001110001
11100010001110010
11100010001110011
11100010001110101
11100010001110111
11100010001111000
11100010001111010
11100010001111100
11100010001111101
11100010001111110
11100010001111111
11100010011010000
11100010011010001
11100010011010010
11100010011010011
11100010011010100
11100010011010101
11100010011010110
11100010011010111
11100010011011000
11100010011011001
11100010011011010
11100010011011011
11100010011011100
11100010011011101
11100010011011110
11100010011011111
11100010011110000
11100010011110001
11100010011110010
11100010011110011
11100010011110101
11100010011110111
11100010011111000
11100010011111010
11100010011111100
11100010011111101
11100010011111110
11100010011111111
11100010100010000
11100010100010001
11100010100010010
11100010100010011
11100010100010100
11100010100010101
11100010100010110
11100010100010111
11100010100011000
11100010100011001
11100010100011010
11100010100011011
11100010100011100
11100010100011101
11100010100011110
11100010100011111
11100010100110000
11100010100110001
11100010100110010
11100010100110011
11100010100110101
11100010100110111
11100010100111000
11100010100111010
11100010100111100
11100010100111101
11100010100111110
11100010100111111
11100010101010000
11100010101010001
11100010101010010
11100010101010011
11100010101010100
11100010101010101
11100010101010110
11100010101010111
11100010101011000
11100010101011001
11100010101011010
11100010101011011
11100010101011100
11100010101011101
11100010101011110
11100010101011111
11100010101110000
11100010101110001
11100010101110010
11100010101110011
11100010101110101
11100010101110111
11100010101111000
11100010101111010
11100010101111100
11100010101111101
11100010101111110
11100010101111111
11100010110010000
11100010110010001
11100010110010010
11100010110010011
11100010110010100
11100010110010101
11100010110010110
11100010110010111
11100010110011000
11100010110011001
11100010110011010
11100010110011011
11100010110011100
11100010110011101
11100010110011110
11100010110011111
11100010110110000
11100010110110001
11100010110110010
11100010110110011
11100010110110101
11100010110110111
11100010110111000
11100010110111010
11100010110111100
11100010110111101
11100010110111110
11100010110111111
11100010111010000
11100010111010001
11100010111010010
11100010111010011
11100010111010100
11100010111010101
11100010111010110
11100010111010111
11100010111011000
11100010111011001
11100010111011010
11100010111011011
11100010111011100
11100010111011101
11100010111011110
11100010111011111
11100010111110000
11100010111110001
11100010111110010
11100010111110011
11100010111110101
11100010111110111
11100010111111000
11100010111111010
11100010111111100
11100010111111101
11100010111111110
11100010111111111
11100011000010000
11100011000010010
11100011000010100
11100011000010110
11100011000011000
11100011000011010
11100011000011100
11100011000011110
11100011000110000
11100011000110010
11100011000111000
11100011000111010
11100011000111100
11100011000111110
11100011001010000
11100011001010010
11100011001010100
11100011001010110
11100011001011000
11100011001011010
11100011001011100
11100011001011110
11100011001110000
11100011001110010
11100011001111000
11100011001111010
11100011001111100
11100011001111110
11100011011010000
11100011011010010
11100011011010100
11100011011010110
11100011011011000
11100011011011010
11100011011011100
11100011011011110
11100011011110000
11100011011110010
11100011011111000
11100011011111010
11100011011111100
11100011011111110
11100011100010000
11100011100010010
11100011100010100
11100011100010110
11100011100011000
11100011100011010
11100011100011100
11100011100011110
11100011100110000
11100011100110010
11100011100111000
11100011100111010
11100011100111100
11100011100111110
11100011101010000
11100011101010010
11100011101010100
11100011101010110
11100011101011000
11100011101011010
11100011101011100
11100011101011110
11100011101110000
11100011101110010
11100011101111000
11100011101111010
11100011101111100
11100011101111110
11100011110010000
11100011110010010
11100011110010100
11100011110010110
11100011110011000
11100011110011010
11100011110011100
11100011110011110
11100011110110000
11100011110110010
11100011110111000
11100011110111010
11100011110111100
11100011110111110
11100011111010000
11100011111010010
11100011111010100
11100011111010110
11100011111011000
11100011111011010
11100011111011100
11100011111011110
11100011111110000
11100011111110010
11100011111111000
11100011111111010
11100011111111100
11100011111111110
11100110000010000
11100110000010001
11100110000010010
11100110000010011
11100110000010100
11100110000010101
11100110000010110
11100110000010111
11100110000011000
11100110000011001
11100110000011010
11100110000011011
11100110000011100
11100110000011101
11100110000011110
11100110000011111
11100110000110000
11100110000110001
11100110000110010
11100110000110011
11100110000110101
11100110000110111
11100110000111100
11100110000111101
11100110000111110
11100110000111111
11100110001010000
11100110001010001
11100110001010010
11100110001010011
11100110001010100
11100110001010101
11100110001010110
11100110001010111
11100110001011000
11100110001011001
11100110001011010
11100110001011011
11100110001011100
11100110001011101
11100110001011110
11100110001011111
11100110001110000
11100110001110001
11100110001110010
11100110001110011
11100110001110101
11100110001110111
11100110001111100
11100110001111101
11100110001111110
11100110001111111
11100110011010000
11100110011010001
11100110011010010
11100110011010011
11100110011010100
11100110011010101
11100110011010110
11100110011010111
11100110011011000
11100110011011001
11100110011011010
11100110011011011
11100110011011100
11100110011011101
11100110011011110
11100110011011111
11100110011110000
11100110011110001
11100110011110010
11100110011110011
11100110011110101
11100110011110111
11100110011111100
11100110011111101
11100110011111110
11100110011111111
11100110100010000
11100110100010001
11100110100010010
11100110100010011
11100110100010100
11100110100010101
11100110100010110
11100110100010111
11100110100011000
11100110100011001
11100110100011010
11100110100011011
11100110100011100
11100110100011101
11100110100011110
11100110100011111
11100110100110000
11100110100110001
11100110100110010
11100110100110011
11100110100110101
11100110100110111
11100110100111100
11100110100111101
11100110100111110
11100110100111111
11100110101010000
11100110101010001
11100110101010010
11100110101010011
11100110101010100
11100110101010101
11100110101010110
11100110101010111
11100110101011000
11100110101011001
11100110101011010
11100110101011011
11100110101011100
11100110101011101
11100110101011110
11100110101011111
11100110101110000
11100110101110001
11100110101110010
11100110101110011
11100110101110101
11100110101110111
11100110101111100
11100110101111101
11100110101111110
11100110101111111
11100110110010000
11100110110010001
11100110110010010
11100110110010011
11100110110010100
11100110110010101
11100110110010110
11100110110010111
11100110110011000
11100110110011001
11100110110011010
11100110110011011
11100110110011100
11100110110011101
11100110110011110
11100110110011111
11100110110110000
11100110110110001
11100110110110010
11100110110110011
11100110110110101
11100110110110111
11100110110111100
11100110110111101
11100110110111110
11100110110111111
11100110111010000
11100110111010001
11100110111010010
11100110111010011
11100110111010100
11100110111010101
11100110111010110
11100110111010111
11100110111011000
11100110111011001
11100110111011010
11100110111011011
11100110111011100
11100110111011101
11100110111011110
11100110111011111
11100110111110000
11100110111110001
11100110111110010
11100110111110011
11100110111110101
11100110111110111
11100110111111100
11100110111111101
11100110111111110
11100110111111111
11100111000010000
11100111000010010
11100111000010100
11100111000010110
11100111000011000
11100111000011010
11100111000011100
11100111000011110
11100111000110000
11100111000110010
11100111000111100
11100111000111110
11100111001010000
11100111001010010
11100111001010100
11100111001010110
11100111001011000
11100111001011010
11100111001011100
11100111001011110
11100111001110000
11100111001110010
11100111001111100
11100111001111110
11100111011010000
11100111011010010
11100111011010100
11100111011010110
11100111011011000
11100111011011010
11100111011011100
11100111011011110
11100111011110000
11100111011110010
11100111011111100
11100111011111110
11100111100010000
11100111100010010
11100111100010100
11100111100010110
11100111100011000
11100111100011010
11100111100011100
11100111100011110
11100111100110000
11100111100110010
11100111100111100
11100111100111110
11100111101010000
11100111101010010
11100111101010100
11100111101010110
11100111101011000
11100111101011010
11100111101011100
11100111101011110
11100111101110000
11100111101110010
11100111101111100
11100111101111110
11100111110010000
11100111110010010
11100111110010100
11100111110010110
11100111110011000
11100111110011010
11100111110011100
11100111110011110
11100111110110000
11100111110110010
11100111110111100
11100111110111110
11100111111010000
11100111111010010
11100111111010100
11100111111010110
11100111111011000
11100111111011010
11100111111011100
11100111111011110
11100111111110000
11100111111110010
11100111111111100
11100111111111110
11101010000011001
11101010000011011
11101010000011100
11101010000011110
11101010000111100
11101010000111110
11101010001011001
11101010001011011
11101010001011100
11101010001011110
11101010001111100
11101010001111110
11101010011011001
11101010011011011
11101010011011100
11101010011011110
11101010011111100
11101010011111110
11101010100011001
11101010100011011
11101010100011100
11101010100011110
11101010100111100
11101010100111110
11101010101011001
11101010101011011
11101010101011100
11101010101011110
11101010101111100
11101010101111110
11101010110011001
11101010110011011
11101010110011100
11101010110011110
11101010110111100
11101010110111110
11101010111011001
11101010111011011
11101010111011100
11101010111011110
11101010111111100
11101010111111110
11101011000011100
11101011000011110
11101011000111100
11101011000111110
11101011001011100
11101011001011110
11101011001111100
11101011001111110
11101011011011100
11101011011011110
11101011011111100
11101011011111110
11101011100011100
11101011100011110
11101011100111100
11101011100111110
11101011101011100
11101011101011110
11101011101111100
11101011101111110
11101011110011100
11101011110011110
11101011110111100
11101011110111110
11101011111011100
11101011111011110
11101011111111100
11101011111111110
11101110000011001
11101110000011011
11101110000011100
11101110000011110
11101110000111100
11101110000111110
11101110001011001
11101110001011011
11101110001011100
11101110001011110
11101110001111100
11101110001111110
11101110011011001
11101110011011011
11101110011011100
11101110011011110
11101110011111100
11101110011111110
11101110100011001
11101110100011011
11101110100011100
11101110100011110
11101110100111100
11101110100111110
11101110101011001
11101110101011011
11101110101011100
11101110101011110
11101110101111100
11101110101111110
11101110110011001
11101110110011011
11101110110011100
11101110110011110
11101110110111100
11101110110111110
11101110111011001
11101110111011011
11101110111011100
11101110111011110
11101110111111100
11101110111111110
11101111000011100
11101111000011110
11101111000111100
11101111000111110
11101111001011100
11101111001011110
11101111001111100
11101111001111110
11101111011011100
11101111011011110
11101111011111100
11101111011111110
11101111100011100
11101111100011110
11101111100111100
11101111100111110
11101111101011100
11101111101011110
11101111101111100
11101111101111110
11101111110011100
11101111110011110
11101111110111100
11101111110111110
11101111111011100
11101111111011110
11101111111111100
11101111111111110
11110010000010000
11110010000010001
11110010000010010
11110010000010011
11110010000010100
11110010000010101
11110010000010110
11110010000010111
11110010000011000
11110010000011001
11110010000011010
11110010000011011
11110010000011100
11110010000011101
11110010000011110
11110010000011111
11110010000110000
11110010000110001
11110010000110010
11110010000110011
11110010000110101
11110010000110111
11110010000111000
11110010000111010
11110010000111100
11110010000111101
11110010000111110
11110010000111111
11110010001010000
11110010001010001
11110010001010010
11110010001010011
11110010001010100
11110010001010101
11110010001010110
11110010001010111
11110010001011000
11110010001011001
11110010001011010
11110010001011011
11110010001011100
11110010001011101
11110010001011110
11110010001011111
11110010001110000
11110010001110001
11110010001110010
11110010001110011
11110010001110101
11110010001110111
11110010001111000
11110010001111010
11110010001111100
11110010001111101
11110010001111110
11110010001111111
11110010011010000
11110010011010001
11110010011010010
11110010011010011
11110010011010100
11110010011010101
11110010011010110
11110010011010111
11110010011011000
11110010011011001
11110010011011010
11110010011011011
11110010011011100
11110010011011101
11110010011011110
11110010011011111
11110010011110000
11110010011110001
11110010011110010
11110010011110011
11110010011110101
11110010011110111
11110010011111000
11110010011111010
11110010011111100
11110010011111101
11110010011111110
11110010011111111
11110010100010000
11110010100010001
11110010100010010
11110010100010011
11110010100010100
11110010100010101
11110010100010110
11110010100010111
11110010100011000
11110010100011001
11110010100011010
11110010100011011
11110010100011100
11110010100011101
11110010100011110
11110010100011111
11110010100110000
11110010100110001
11110010100110010
11110010100110011
11110010100110101
11110010100110111
11110010100111000
11110010100111010
11110010100111100
11110010100111101
11110010100111110
11110010100111111
11110010101010000
11110010101010001
11110010101010010
11110010101010011
11110010101010100
11110010101010101
11110010101010110
11110010101010111
11110010101011000
11110010101011001
11110010101011010
11110010101011011
11110010101011100
11110010101011101
11110010101011110
11110010101011111
11110010101110000
11110010101110001
11110010101110010
11110010101110011
11110010101110101
11110010101110111
11110010101111000
11110010101111010
11110010101111100
11110010101111101
11110010101111110
11110010101111111
11110010110010000
11110010110010001
11110010110010010
11110010110010011
11110010110010100
11110010110010101
11110010110010110
11110010110010111
11110010110011000
11110010110011001
11110010110011010
11110010110011011
11110010110011100
11110010110011101
11110010110011110
11110010110011111
11110010110110000
11110010110110001
11110010110110010
11110010110110011
11110010110110101
11110010110110111
11110010110111000
11110010110111010
11110010110111100
11110010110111101
11110010110111110
11110010110111111
11110010111010000
11110010111010001
11110010111010010
11110010111010011
11110010111010100
11110010111010101
11110010111010110
11110010111010111
11110010111011000
11110010111011001
11110010111011010
11110010111011011
11110010111011100
11110010111011101
11110010111011110
11110010111011111
11110010111110000
11110010111110001
11110010111110010
11110010111110011
11110010111110101
11110010111110111
11110010111111000
11110010111111010
11110010111111100
11110010111111101
11110010111111110
11110010111111111
11110011000010000
11110011000010010
11110011000010100
11110011000010110
11110011000011000
11110011000011010
11110011000011100
11110011000011110
11110011000110000
11110011000110010
11110011000111000
11110011000111010
11110011000111100
11110011000111110
11110011001010000
11110011001010010
11110011001010100
11110011001010110
11110011001011000
11110011001011010
11110011001011100
11110011001011110
11110011001110000
11110011001110010
11110011001111000
11110011001111010
11110011001111100
11110011001111110
11110011011010000
11110011011010010
11110011011010100
11110011011010110
11110011011011000
11110011011011010
11110011011011100
11110011011011110
11110011011110000
11110011011110010
11110011011111000
11110011011111010
11110011011111100
11110011011111110
11110011100010000
11110011100010010
11110011100010100
11110011100010110
11110011100011000
11110011100011010
11110011100011100
11110011100011110
11110011100110000
11110011100110010
11110011100111000
11110011100111010
11110011100111100
11110011100111110
11110011101010000
11110011101010010
11110011101010100
11110011101010110
11110011101011000
11110011101011010
11110011101011100
11110011101011110
11110011101110000
11110011101110010
11110011101111000
11110011101111010
11110011101111100
11110011101111110
11110011110010000
11110011110010010
11110011110010100
11110011110010110
11110011110011000
11110011110011010
11110011110011100
11110011110011110
11110011110110000
11110011110110010
11110011110111000
11110011110111010
11110011110111100
11110011110111110
11110011111010000
11110011111010010
11110011111010100
11110011111010110
11110011111011000
11110011111011010
11110011111011100
11110011111011110
11110011111110000
11110011111110010
11110011111111000
11110011111111010
11110011111111100
11110011111111110
11110110000010000
11110110000010001
11110110000010010
11110110000010011
11110110000010100
11110110000010101
11110110000010110
11110110000010111
11110110000011000
11110110000011001
11110110000011010
11110110000011011
11110110000011100
11110110000011101
11110110000011110
11110110000011111
11110110000110000
11110110000110001
11110110000110010
11110110000110011
11110110000110101
11110110000110111
11110110000111100
11110110000111101
11110110000111110
11110110000111111
11110110001010000
11110110001010001
11110110001010010
11110110001010011
11110110001010100
11110110001010101
11110110001010110
11110110001010111
11110110001011000
11110110001011001
11110110001011010
11110110001011011
11110110001011100
11110110001011101
11110110001011110
11110110001011111
11110110001110000
11110110001110001
11110110001110010
11110110001110011
11110110001110101
11110110001110111
11110110001111100
11110110001111101
11110110001111110
11110110001111111
11110110011010000
11110110011010001
11110110011010010
11110110011010011
11110110011010100
11110110011010101
11110110011010110
11110110011010111
11110110011011000
11110110011011001
11110110011011010
11110110011011011
11110110011011100
11110110011011101
11110110011011110
11110110011011111
11110110011110000
11110110011110001
11110110011110010
11110110011110011
11110110011110101
11110110011110111
11110110011111100
11110110011111101
11110110011111110
11110110011111111
11110110100010000
11110110100010001
11110110100010010
11110110100010011
11110110100010100
11110110100010101
11110110100010110
11110110100010111
11110110100011000
11110110100011001
11110110100011010
11110110100011011
11110110100011100
11110110100011101
11110110100011110
11110110100011111
11110110100110000
11110110100110001
11110110100110010
11110110100110011
11110110100110101
11110110100110111
11110110100111100
11110110100111101
11110110100111110
11110110100111111
11110110101010000
11110110101010001
11110110101010010
11110110101010011
11110110101010100
11110110101010101
11110110101010110
11110110101010111
11110110101011000
11110110101011001
11110110101011010
11110110101011011
11110110101011100
11110110101011101
11110110101011110
11110110101011111
11110110101110000
11110110101110001
11110110101110010
11110110101110011
11110110101110101
11110110101110111
11110110101111100
11110110101111101
11110110101111110
11110110101111111
11110110110010000
11110110110010001
11110110110010010
11110110110010011
11110110110010100
11110110110010101
11110110110010110
11110110110010111
11110110110011000
11110110110011001
11110110110011010
11110110110011011
11110110110011100
11110110110011101
11110110110011110
11110110110011111
11110110110110000
11110110110110001
11110110110110010
11110110110110011
11110110110110101
11110110110110111
11110110110111100
11110110110111101
11110110110111110
11110110110111111
11110110111010000
11110110111010001
11110110111010010
11110110111010011
11110110111010100
11110110111010101
11110110111010110
11110110111010111
11110110111011000
11110110111011001
11110110111011010
11110110111011011
11110110111011100
11110110111011101
11110110111011110
11110110111011111
11110110111110000
11110110111110001
11110110111110010
11110110111110011
11110110111110101
11110110111110111
11110110111111100
11110110111111101
11110110111111110
11110110111111111
11110111000010000
11110111000010010
11110111000010100
11110111000010110
11110111000011000
11110111000011010
11110111000011100
11110111000011110
11110111000110000
11110111000110010
11110111000111100
11110111000111110
11110111001010000
11110111001010010
11110111001010100
11110111001010110
11110111001011000
11110111001011010
11110111001011100
11110111001011110
11110111001110000
11110111001110010
11110111001111100
11110111001111110
11110111011010000
11110111011010010
11110111011010100
11110111011010110
11110111011011000
11110111011011010
11110111011011100
11110111011011110
11110111011110000
11110111011110010
11110111011111100
11110111011111110
11110111100010000
11110111100010010
11110111100010100
11110111100010110
11110111100011000
11110111100011010
11110111100011100
11110111100011110
11110111100110000
11110111100110010
11110111100111100
11110111100111110
11110111101010000
11110111101010010
11110111101010100
11110111101010110
11110111101011000
11110111101011010
11110111101011100
11110111101011110
11110111101110000
11110111101110010
11110111101111100
11110111101111110
11110111110010000
11110111110010010
11110111110010100
11110111110010110
11110111110011000
11110111110011010
11110111110011100
11110111110011110
11110111110110000
11110111110110010
11110111110111100
11110111110111110
11110111111010000
11110111111010010
11110111111010100
11110111111010110
11110111111011000
11110111111011010
11110111111011100
11110111111011110
11110111111110000
11110111111110010
11110111111111100
11110111111111110
11111010000011001
11111010000011011
11111010000011100
11111010000011110
11111010000111100
11111010000111110
11111010001011001
11111010001011011
11111010001011100
11111010001011110
11111010001111100
11111010001111110
11111010011011001
11111010011011011
11111010011011100
11111010011011110
11111010011111100
11111010011111110
11111010100011001
11111010100011011
11111010100011100
11111010100011110
11111010100111100
11111010100111110
11111010101011001
11111010101011011
11111010101011100
11111010101011110
11111010101111100
11111010101111110
11111010110011001
11111010110011011
11111010110011100
11111010110011110
11111010110111100
11111010110111110
11111010111011001
11111010111011011
11111010111011100
11111010111011110
11111010111111100
11111010111111110
11111011000011100
11111011000011110
11111011000111100
11111011000111110
11111011001011100
11111011001011110
11111011001111100
11111011001111110
11111011011011100
11111011011011110
11111011011111100
11111011011111110
11111011100011100
11111011100011110
11111011100111100
11111011100111110
11111011101011100
11111011101011110
11111011101111100
11111011101111110
11111011110011100
11111011110011110
11111011110111100
11111011110111110
11111011111011100
11111011111011110
11111011111111100
11111011111111110
11111110000011001
11111110000011011
11111110000011100
11111110000011110
11111110000111100
11111110000111110
11111110001011001
11111110001011011
11111110001011100
11111110001011110
11111110001111100
11111110001111110
11111110011011001
11111110011011011
11111110011011100
11111110011011110
11111110011111100
11111110011111110
11111110100011001
11111110100011011
11111110100011100
11111110100011110
11111110100111100
11111110100111110
11111110101011001
11111110101011011
11111110101011100
11111110101011110
11111110101111100
11111110101111110
11111110110011001
11111110110011011
11111110110011100
11111110110011110
11111110110111100
11111110110111110
11111110111011001
11111110111011011
11111110111011100
11111110111011110
11111110111111100
11111110111111110
11111111000011100
11111111000011110
11111111000111100
11111111000111110
11111111001011100
11111111001011110
11111111001111100
11111111001111110
11111111011011100
11111111011011110
11111111011111100
11111111011111110
11111111100011100
11111111100011110
11111111100111100
11111111100111110
11111111101011100
11111111101011110
11111111101111100
11111111101111110
11111111110011100
11111111110011110
11111111110111100
11111111110111110
11111111111011100
11111111111011110
11111111111111100
11111111111111110
