0000110000101000
0000110000101010
0000110000111000
0000110000111010
0000110001101000
0000110001101010
0000110011101000
0000110011101010
0000110100101000
0000110100101010
0000110100111000
0000110100111010
0000110101101000
0000110101101010
0000110110101000
0000110110101010
0000110110111000
0000110110111010
0000110111101000
0000110111101010
0000111000101000
0000111000101010
0000111000111000
0000111000111010
0000111001101000
0000111001101010
0000111011101000
0000111011101010
0000111100101000
0000111100101010
0000111100111000
0000111100111010
0000111101101000
0000111101101010
0000111110101000
0000111110101010
0000111110111000
0000111110111010
0000111111101000
0000111111101010
0010110000101000
0010110000101010
0010110000111000
0010110000111010
0010110001101000
0010110001101010
0010110011101000
0010110011101010
0010110100101000
0010110100101010
0010110100111000
0010110100111010
0010110101101000
0010110101101010
0010110110101000
0010110110101010
0010110110111000
0010110110111010
0010110111101000
0010110111101010
0010111000101000
0010111000101010
0010111000111000
0010111000111010
0010111001101000
0010111001101010
0010111011101000
0010111011101010
0010111100101000
0010111100101010
0010111100111000
0010111100111010
0010111101101000
0010111101101010
0010111110101000
0010111110101010
0010111110111000
0010111110111010
0010111111101000
0010111111101010
0100110000101000
0100110000101010
0100110001101000
0100110001101010
0100110011101000
0100110011101010
0100110100101000
0100110100101010
0100110101101000
0100110101101010
0100110110101000
0100110110101010
0100110111101000
0100110111101010
0100111000101000
0100111000101010
0100111001101000
0100111001101010
0100111011101000
0100111011101010
0100111100101000
0100111100101010
0100111101101000
0100111101101010
0100111110101000
0100111110101010
0100111111101000
0100111111101010
0110110000101000
0110110000101010
0110110001101000
0110110001101010
0110110011101000
0110110011101010
0110110100101000
0110110100101010
0110110101101000
0110110101101010
0110110110101000
0110110110101010
0110110111101000
0110110111101010
0110111000101000
0110111000101010
0110111001101000
0110111001101010
0110111011101000
0110111011101010
0110111100101000
0110111100101010
0110111101101000
0110111101101010
0110111110101000
0110111110101010
0110111111101000
0110111111101010
1000110000101000
1000110000101010
1000110000111000
1000110000111010
1000110001101000
1000110001101010
1000110011101000
1000110011101010
1000110100101000
1000110100101010
1000110100111000
1000110100111010
1000110101101000
1000110101101010
1000110110101000
1000110110101010
1000110110111000
1000110110111010
1000110111101000
1000110111101010
1000111000101000
1000111000101010
1000111000111000
1000111000111010
1000111001101000
1000111001101010
1000111011101000
1000111011101010
1000111100101000
1000111100101010
1000111100111000
1000111100111010
1000111101101000
1000111101101010
1000111110101000
1000111110101010
1000111110111000
1000111110111010
1000111111101000
1000111111101010
1010110000101000
1010110000101010
1010110000111000
1010110000111010
1010110001101000
1010110001101010
1010110011101000
1010110011101010
1010110100101000
1010110100101010
1010110100111000
1010110100111010
1010110101101000
1010110101101010
1010110110101000
1010110110101010
1010110110111000
1010110110111010
1010110111101000
1010110111101010
1010111000101000
1010111000101010
1010111000111000
1010111000111010
1010111001101000
1010111001101010
1010111011101000
1010111011101010
1010111100101000
1010111100101010
1010111100111000
1010111100111010
1010111101101000
1010111101101010
1010111110101000
1010111110101010
1010111110111000
1010111110111010
1010111111101000
1010111111101010
1100110000101000
1100110000101010
1100110001101000
1100110001101010
1100110011101000
1100110011101010
1100110100101000
1100110100101010
1100110101101000
1100110101101010
1100110110101000
1100110110101010
1100110111101000
1100110111101010
1100111000101000
1100111000101010
1100111001101000
1100111001101010
1100111011101000
1100111011101010
1100111100101000
1100111100101010
1100111101101000
1100111101101010
1100111110101000
1100111110101010
1100111111101000
1100111111101010
1110110000101000
1110110000101010
1110110001101000
1110110001101010
1110110011101000
1110110011101010
1110110100101000
1110110100101010
1110110101101000
1110110101101010
1110110110101000
1110110110101010
1110110111101000
1110110111101010
1110111000101000
1110111000101010
1110111001101000
1110111001101010
1110111011101000
1110111011101010
1110111100101000
1110111100101010
1110111101101000
1110111101101010
1110111110101000
1110111110101010
1110111111101000
1110111111101010
