10000100001111000
10000100001111001
10000100001111010
10000100001111011
10000100011111000
10000100011111001
10000100011111010
10000100011111011
10000100101111000
10000100101111001
10000100101111010
10000100101111011
10000100111111000
10000100111111001
10000100111111010
10000100111111011
10000101001111000
10000101001111010
10000101011111000
10000101011111010
10000101101111000
10000101101111010
10000101111111000
10000101111111010
10000110001111001
10000110001111011
10000110011111001
10000110011111011
10000110101111001
10000110101111011
10000110111111001
10000110111111011
10001100001111001
10001100001111011
10001100011111001
10001100011111011
10001100101111001
10001100101111011
10001100111111001
10001100111111011
10001110001111001
10001110001111011
10001110011111001
10001110011111011
10001110101111001
10001110101111011
10001110111111001
10001110111111011
10010100001111000
10010100001111001
10010100001111010
10010100001111011
10010100011111000
10010100011111001
10010100011111010
10010100011111011
10010100101111000
10010100101111001
10010100101111010
10010100101111011
10010100111111000
10010100111111001
10010100111111010
10010100111111011
10010101001111000
10010101001111010
10010101011111000
10010101011111010
10010101101111000
10010101101111010
10010101111111000
10010101111111010
10010110001111001
10010110001111011
10010110011111001
10010110011111011
10010110101111001
10010110101111011
10010110111111001
10010110111111011
10011100001111001
10011100001111011
10011100011111001
10011100011111011
10011100101111001
10011100101111011
10011100111111001
10011100111111011
10011110001111001
10011110001111011
10011110011111001
10011110011111011
10011110101111001
10011110101111011
10011110111111001
10011110111111011
10100100000111000
10100100000111001
10100100000111010
10100100000111011
10100100001111000
10100100001111001
10100100001111010
10100100001111011
10100100011111000
10100100011111001
10100100011111010
10100100011111011
10100100100111000
10100100100111001
10100100100111010
10100100100111011
10100100101111000
10100100101111001
10100100101111010
10100100101111011
10100100110111000
10100100110111001
10100100110111010
10100100110111011
10100100111111000
10100100111111001
10100100111111010
10100100111111011
10100101000111000
10100101000111010
10100101001111000
10100101001111010
10100101011111000
10100101011111010
10100101100111000
10100101100111010
10100101101111000
10100101101111010
10100101110111000
10100101110111010
10100101111111000
10100101111111010
10100110000111001
10100110000111011
10100110001111001
10100110001111011
10100110011111001
10100110011111011
10100110100111001
10100110100111011
10100110101111001
10100110101111011
10100110110111001
10100110110111011
10100110111111001
10100110111111011
10101100000111001
10101100000111011
10101100001111001
10101100001111011
10101100011111001
10101100011111011
10101100100111001
10101100100111011
10101100101111001
10101100101111011
10101100110111001
10101100110111011
10101100111111001
10101100111111011
10101110000111001
10101110000111011
10101110001111001
10101110001111011
10101110011111001
10101110011111011
10101110100111001
10101110100111011
10101110101111001
10101110101111011
10101110110111001
10101110110111011
10101110111111001
10101110111111011
10110100000111000
10110100000111001
10110100000111010
10110100000111011
10110100001111000
10110100001111001
10110100001111010
10110100001111011
10110100011111000
10110100011111001
10110100011111010
10110100011111011
10110100100111000
10110100100111001
10110100100111010
10110100100111011
10110100101111000
10110100101111001
10110100101111010
10110100101111011
10110100110111000
10110100110111001
10110100110111010
10110100110111011
10110100111111000
10110100111111001
10110100111111010
10110100111111011
10110101000111000
10110101000111010
10110101001111000
10110101001111010
10110101011111000
10110101011111010
10110101100111000
10110101100111010
10110101101111000
10110101101111010
10110101110111000
10110101110111010
10110101111111000
10110101111111010
10110110000111001
10110110000111011
10110110001111001
10110110001111011
10110110011111001
10110110011111011
10110110100111001
10110110100111011
10110110101111001
10110110101111011
10110110110111001
10110110110111011
10110110111111001
10110110111111011
10111100000111001
10111100000111011
10111100001111001
10111100001111011
10111100011111001
10111100011111011
10111100100111001
10111100100111011
10111100101111001
10111100101111011
10111100110111001
10111100110111011
10111100111111001
10111100111111011
10111110000111001
10111110000111011
10111110001111001
10111110001111011
10111110011111001
10111110011111011
10111110100111001
10111110100111011
10111110101111001
10111110101111011
10111110110111001
10111110110111011
10111110111111001
10111110111111011
11000100001111000
11000100001111001
11000100001111010
11000100001111011
11000100011111000
11000100011111001
11000100011111010
11000100011111011
11000100101111000
11000100101111001
11000100101111010
11000100101111011
11000100111111000
11000100111111001
11000100111111010
11000100111111011
11000101001111000
11000101001111010
11000101011111000
11000101011111010
11000101101111000
11000101101111010
11000101111111000
11000101111111010
11000110001111001
11000110001111011
11000110011111001
11000110011111011
11000110101111001
11000110101111011
11000110111111001
11000110111111011
11001100001111001
11001100001111011
11001100011111001
11001100011111011
11001100101111001
11001100101111011
11001100111111001
11001100111111011
11001110001111001
11001110001111011
11001110011111001
11001110011111011
11001110101111001
11001110101111011
11001110111111001
11001110111111011
11010100001111000
11010100001111001
11010100001111010
11010100001111011
11010100011111000
11010100011111001
11010100011111010
11010100011111011
11010100101111000
11010100101111001
11010100101111010
11010100101111011
11010100111111000
11010100111111001
11010100111111010
11010100111111011
11010101001111000
11010101001111010
11010101011111000
11010101011111010
11010101101111000
11010101101111010
11010101111111000
11010101111111010
11010110001111001
11010110001111011
11010110011111001
11010110011111011
11010110101111001
11010110101111011
11010110111111001
11010110111111011
11011100001111001
11011100001111011
11011100011111001
11011100011111011
11011100101111001
11011100101111011
11011100111111001
11011100111111011
11011110001111001
11011110001111011
11011110011111001
11011110011111011
11011110101111001
11011110101111011
11011110111111001
11011110111111011
11100100000111000
11100100000111001
11100100000111010
11100100000111011
11100100001111000
11100100001111001
11100100001111010
11100100001111011
11100100011111000
11100100011111001
11100100011111010
11100100011111011
11100100100111000
11100100100111001
11100100100111010
11100100100111011
11100100101111000
11100100101111001
11100100101111010
11100100101111011
11100100110111000
11100100110111001
11100100110111010
11100100110111011
11100100111111000
11100100111111001
11100100111111010
11100100111111011
11100101000111000
11100101000111010
11100101001111000
11100101001111010
11100101011111000
11100101011111010
11100101100111000
11100101100111010
11100101101111000
11100101101111010
11100101110111000
11100101110111010
11100101111111000
11100101111111010
11100110000111001
11100110000111011
11100110001111001
11100110001111011
11100110011111001
11100110011111011
11100110100111001
11100110100111011
11100110101111001
11100110101111011
11100110110111001
11100110110111011
11100110111111001
11100110111111011
11101100000111001
11101100000111011
11101100001111001
11101100001111011
11101100011111001
11101100011111011
11101100100111001
11101100100111011
11101100101111001
11101100101111011
11101100110111001
11101100110111011
11101100111111001
11101100111111011
11101110000111001
11101110000111011
11101110001111001
11101110001111011
11101110011111001
11101110011111011
11101110100111001
11101110100111011
11101110101111001
11101110101111011
11101110110111001
11101110110111011
11101110111111001
11101110111111011
11110100000111000
11110100000111001
11110100000111010
11110100000111011
11110100001111000
11110100001111001
11110100001111010
11110100001111011
11110100011111000
11110100011111001
11110100011111010
11110100011111011
11110100100111000
11110100100111001
11110100100111010
11110100100111011
11110100101111000
11110100101111001
11110100101111010
11110100101111011
11110100110111000
11110100110111001
11110100110111010
11110100110111011
11110100111111000
11110100111111001
11110100111111010
11110100111111011
11110101000111000
11110101000111010
11110101001111000
11110101001111010
11110101011111000
11110101011111010
11110101100111000
11110101100111010
11110101101111000
11110101101111010
11110101110111000
11110101110111010
11110101111111000
11110101111111010
11110110000111001
11110110000111011
11110110001111001
11110110001111011
11110110011111001
11110110011111011
11110110100111001
11110110100111011
11110110101111001
11110110101111011
11110110110111001
11110110110111011
11110110111111001
11110110111111011
11111100000111001
11111100000111011
11111100001111001
11111100001111011
11111100011111001
11111100011111011
11111100100111001
11111100100111011
11111100101111001
11111100101111011
11111100110111001
11111100110111011
11111100111111001
11111100111111011
11111110000111001
11111110000111011
11111110001111001
11111110001111011
11111110011111001
11111110011111011
11111110100111001
11111110100111011
11111110101111001
11111110101111011
11111110110111001
11111110110111011
11111110111111001
11111110111111011
