10000100000101000
10000100000101001
10000100000101010
10000100000101011
10000100000111000
10000100000111001
10000100000111010
10000100000111011
10000100001101000
10000100001101001
10000100001101010
10000100001101011
10000100010101000
10000100010101001
10000100010101010
10000100010101011
10000100010111000
10000100010111001
10000100010111010
10000100010111011
10000100011101000
10000100011101001
10000100011101010
10000100011101011
10000100100101000
10000100100101001
10000100100101010
10000100100101011
10000100100111000
10000100100111001
10000100100111010
10000100100111011
10000100101101000
10000100101101001
10000100101101010
10000100101101011
10000100110101000
10000100110101001
10000100110101010
10000100110101011
10000100110111000
10000100110111001
10000100110111010
10000100110111011
10000100111101000
10000100111101001
10000100111101010
10000100111101011
10000101000101000
10000101000101010
10000101000111000
10000101000111010
10000101001101000
10000101001101010
10000101010101000
10000101010101010
10000101010111000
10000101010111010
10000101011101000
10000101011101010
10000101100101000
10000101100101010
10000101100111000
10000101100111010
10000101101101000
10000101101101010
10000101110101000
10000101110101010
10000101110111000
10000101110111010
10000101111101000
10000101111101010
10000110000101001
10000110000101011
10000110000111001
10000110000111011
10000110001101001
10000110001101011
10000110010101000
10000110010101001
10000110010101010
10000110010101011
10000110010111000
10000110010111001
10000110010111010
10000110010111011
10000110011101001
10000110011101011
10000110100101001
10000110100101011
10000110100111001
10000110100111011
10000110101101001
10000110101101011
10000110110101001
10000110110101011
10000110110111001
10000110110111011
10000110111101001
10000110111101011
10000111010101000
10000111010101010
10000111010111000
10000111010111010
10001100000101001
10001100000101011
10001100000111001
10001100000111011
10001100001101001
10001100001101011
10001100010101001
10001100010101011
10001100010111001
10001100010111011
10001100011101001
10001100011101011
10001100100101001
10001100100101011
10001100100111001
10001100100111011
10001100101101001
10001100101101011
10001100110101001
10001100110101011
10001100110111001
10001100110111011
10001100111101001
10001100111101011
10001110000101001
10001110000101011
10001110000111001
10001110000111011
10001110001101001
10001110001101011
10001110010101001
10001110010101011
10001110010111001
10001110010111011
10001110011101001
10001110011101011
10001110100101001
10001110100101011
10001110100111001
10001110100111011
10001110101101001
10001110101101011
10001110110101001
10001110110101011
10001110110111001
10001110110111011
10001110111101001
10001110111101011
10010100000101000
10010100000101001
10010100000101010
10010100000101011
10010100000111000
10010100000111001
10010100000111010
10010100000111011
10010100001101000
10010100001101001
10010100001101010
10010100001101011
10010100010101000
10010100010101001
10010100010101010
10010100010101011
10010100010111000
10010100010111001
10010100010111010
10010100010111011
10010100011101000
10010100011101001
10010100011101010
10010100011101011
10010100100101000
10010100100101001
10010100100101010
10010100100101011
10010100100111000
10010100100111001
10010100100111010
10010100100111011
10010100101101000
10010100101101001
10010100101101010
10010100101101011
10010100110101000
10010100110101001
10010100110101010
10010100110101011
10010100110111000
10010100110111001
10010100110111010
10010100110111011
10010100111101000
10010100111101001
10010100111101010
10010100111101011
10010101000101000
10010101000101010
10010101000111000
10010101000111010
10010101001101000
10010101001101010
10010101010101000
10010101010101010
10010101010111000
10010101010111010
10010101011101000
10010101011101010
10010101100101000
10010101100101010
10010101100111000
10010101100111010
10010101101101000
10010101101101010
10010101110101000
10010101110101010
10010101110111000
10010101110111010
10010101111101000
10010101111101010
10010110000101001
10010110000101011
10010110000111001
10010110000111011
10010110001101001
10010110001101011
10010110010101000
10010110010101001
10010110010101010
10010110010101011
10010110010111000
10010110010111001
10010110010111010
10010110010111011
10010110011101001
10010110011101011
10010110100101001
10010110100101011
10010110100111001
10010110100111011
10010110101101001
10010110101101011
10010110110101001
10010110110101011
10010110110111001
10010110110111011
10010110111101001
10010110111101011
10010111010101000
10010111010101010
10010111010111000
10010111010111010
10011100000101001
10011100000101011
10011100000111001
10011100000111011
10011100001101001
10011100001101011
10011100010101001
10011100010101011
10011100010111001
10011100010111011
10011100011101001
10011100011101011
10011100100101001
10011100100101011
10011100100111001
10011100100111011
10011100101101001
10011100101101011
10011100110101001
10011100110101011
10011100110111001
10011100110111011
10011100111101001
10011100111101011
10011110000101001
10011110000101011
10011110000111001
10011110000111011
10011110001101001
10011110001101011
10011110010101001
10011110010101011
10011110010111001
10011110010111011
10011110011101001
10011110011101011
10011110100101001
10011110100101011
10011110100111001
10011110100111011
10011110101101001
10011110101101011
10011110110101001
10011110110101011
10011110110111001
10011110110111011
10011110111101001
10011110111101011
10100100000101000
10100100000101001
10100100000101010
10100100000101011
10100100001101000
10100100001101001
10100100001101010
10100100001101011
10100100010101000
10100100010101001
10100100010101010
10100100010101011
10100100010111000
10100100010111001
10100100010111010
10100100010111011
10100100011101000
10100100011101001
10100100011101010
10100100011101011
10100100100101000
10100100100101001
10100100100101010
10100100100101011
10100100101101000
10100100101101001
10100100101101010
10100100101101011
10100100110101000
10100100110101001
10100100110101010
10100100110101011
10100100111101000
10100100111101001
10100100111101010
10100100111101011
10100101000101000
10100101000101010
10100101001101000
10100101001101010
10100101010101000
10100101010101010
10100101010111000
10100101010111010
10100101011101000
10100101011101010
10100101100101000
10100101100101010
10100101101101000
10100101101101010
10100101110101000
10100101110101010
10100101111101000
10100101111101010
10100110000101001
10100110000101011
10100110001101001
10100110001101011
10100110010101000
10100110010101001
10100110010101010
10100110010101011
10100110010111000
10100110010111001
10100110010111010
10100110010111011
10100110011101001
10100110011101011
10100110100101001
10100110100101011
10100110101101001
10100110101101011
10100110110101001
10100110110101011
10100110111101001
10100110111101011
10100111010101000
10100111010101010
10100111010111000
10100111010111010
10101100000101001
10101100000101011
10101100001101001
10101100001101011
10101100010101001
10101100010101011
10101100010111001
10101100010111011
10101100011101001
10101100011101011
10101100100101001
10101100100101011
10101100101101001
10101100101101011
10101100110101001
10101100110101011
10101100111101001
10101100111101011
10101110000101001
10101110000101011
10101110001101001
10101110001101011
10101110010101001
10101110010101011
10101110010111001
10101110010111011
10101110011101001
10101110011101011
10101110100101001
10101110100101011
10101110101101001
10101110101101011
10101110110101001
10101110110101011
10101110111101001
10101110111101011
10110100000101000
10110100000101001
10110100000101010
10110100000101011
10110100001101000
10110100001101001
10110100001101010
10110100001101011
10110100010101000
10110100010101001
10110100010101010
10110100010101011
10110100010111000
10110100010111001
10110100010111010
10110100010111011
10110100011101000
10110100011101001
10110100011101010
10110100011101011
10110100100101000
10110100100101001
10110100100101010
10110100100101011
10110100101101000
10110100101101001
10110100101101010
10110100101101011
10110100110101000
10110100110101001
10110100110101010
10110100110101011
10110100111101000
10110100111101001
10110100111101010
10110100111101011
10110101000101000
10110101000101010
10110101001101000
10110101001101010
10110101010101000
10110101010101010
10110101010111000
10110101010111010
10110101011101000
10110101011101010
10110101100101000
10110101100101010
10110101101101000
10110101101101010
10110101110101000
10110101110101010
10110101111101000
10110101111101010
10110110000101001
10110110000101011
10110110001101001
10110110001101011
10110110010101000
10110110010101001
10110110010101010
10110110010101011
10110110010111000
10110110010111001
10110110010111010
10110110010111011
10110110011101001
10110110011101011
10110110100101001
10110110100101011
10110110101101001
10110110101101011
10110110110101001
10110110110101011
10110110111101001
10110110111101011
10110111010101000
10110111010101010
10110111010111000
10110111010111010
10111100000101001
10111100000101011
10111100001101001
10111100001101011
10111100010101001
10111100010101011
10111100010111001
10111100010111011
10111100011101001
10111100011101011
10111100100101001
10111100100101011
10111100101101001
10111100101101011
10111100110101001
10111100110101011
10111100111101001
10111100111101011
10111110000101001
10111110000101011
10111110001101001
10111110001101011
10111110010101001
10111110010101011
10111110010111001
10111110010111011
10111110011101001
10111110011101011
10111110100101001
10111110100101011
10111110101101001
10111110101101011
10111110110101001
10111110110101011
10111110111101001
10111110111101011
11000100000101000
11000100000101001
11000100000101010
11000100000101011
11000100000111000
11000100000111001
11000100000111010
11000100000111011
11000100001101000
11000100001101001
11000100001101010
11000100001101011
11000100010101000
11000100010101001
11000100010101010
11000100010101011
11000100010111000
11000100010111001
11000100010111010
11000100010111011
11000100011101000
11000100011101001
11000100011101010
11000100011101011
11000100100101000
11000100100101001
11000100100101010
11000100100101011
11000100100111000
11000100100111001
11000100100111010
11000100100111011
11000100101101000
11000100101101001
11000100101101010
11000100101101011
11000100110101000
11000100110101001
11000100110101010
11000100110101011
11000100110111000
11000100110111001
11000100110111010
11000100110111011
11000100111101000
11000100111101001
11000100111101010
11000100111101011
11000101000101000
11000101000101010
11000101000111000
11000101000111010
11000101001101000
11000101001101010
11000101010101000
11000101010101010
11000101010111000
11000101010111010
11000101011101000
11000101011101010
11000101100101000
11000101100101010
11000101100111000
11000101100111010
11000101101101000
11000101101101010
11000101110101000
11000101110101010
11000101110111000
11000101110111010
11000101111101000
11000101111101010
11000110000101001
11000110000101011
11000110000111001
11000110000111011
11000110001101001
11000110001101011
11000110010101000
11000110010101001
11000110010101010
11000110010101011
11000110010111000
11000110010111001
11000110010111010
11000110010111011
11000110011101001
11000110011101011
11000110100101001
11000110100101011
11000110100111001
11000110100111011
11000110101101001
11000110101101011
11000110110101001
11000110110101011
11000110110111001
11000110110111011
11000110111101001
11000110111101011
11000111010101000
11000111010101010
11000111010111000
11000111010111010
11001100000101001
11001100000101011
11001100000111001
11001100000111011
11001100001101001
11001100001101011
11001100010101001
11001100010101011
11001100010111001
11001100010111011
11001100011101001
11001100011101011
11001100100101001
11001100100101011
11001100100111001
11001100100111011
11001100101101001
11001100101101011
11001100110101001
11001100110101011
11001100110111001
11001100110111011
11001100111101001
11001100111101011
11001110000101001
11001110000101011
11001110000111001
11001110000111011
11001110001101001
11001110001101011
11001110010101001
11001110010101011
11001110010111001
11001110010111011
11001110011101001
11001110011101011
11001110100101001
11001110100101011
11001110100111001
11001110100111011
11001110101101001
11001110101101011
11001110110101001
11001110110101011
11001110110111001
11001110110111011
11001110111101001
11001110111101011
11010100000101000
11010100000101001
11010100000101010
11010100000101011
11010100000111000
11010100000111001
11010100000111010
11010100000111011
11010100001101000
11010100001101001
11010100001101010
11010100001101011
11010100010101000
11010100010101001
11010100010101010
11010100010101011
11010100010111000
11010100010111001
11010100010111010
11010100010111011
11010100011101000
11010100011101001
11010100011101010
11010100011101011
11010100100101000
11010100100101001
11010100100101010
11010100100101011
11010100100111000
11010100100111001
11010100100111010
11010100100111011
11010100101101000
11010100101101001
11010100101101010
11010100101101011
11010100110101000
11010100110101001
11010100110101010
11010100110101011
11010100110111000
11010100110111001
11010100110111010
11010100110111011
11010100111101000
11010100111101001
11010100111101010
11010100111101011
11010101000101000
11010101000101010
11010101000111000
11010101000111010
11010101001101000
11010101001101010
11010101010101000
11010101010101010
11010101010111000
11010101010111010
11010101011101000
11010101011101010
11010101100101000
11010101100101010
11010101100111000
11010101100111010
11010101101101000
11010101101101010
11010101110101000
11010101110101010
11010101110111000
11010101110111010
11010101111101000
11010101111101010
11010110000101001
11010110000101011
11010110000111001
11010110000111011
11010110001101001
11010110001101011
11010110010101000
11010110010101001
11010110010101010
11010110010101011
11010110010111000
11010110010111001
11010110010111010
11010110010111011
11010110011101001
11010110011101011
11010110100101001
11010110100101011
11010110100111001
11010110100111011
11010110101101001
11010110101101011
11010110110101001
11010110110101011
11010110110111001
11010110110111011
11010110111101001
11010110111101011
11010111010101000
11010111010101010
11010111010111000
11010111010111010
11011100000101001
11011100000101011
11011100000111001
11011100000111011
11011100001101001
11011100001101011
11011100010101001
11011100010101011
11011100010111001
11011100010111011
11011100011101001
11011100011101011
11011100100101001
11011100100101011
11011100100111001
11011100100111011
11011100101101001
11011100101101011
11011100110101001
11011100110101011
11011100110111001
11011100110111011
11011100111101001
11011100111101011
11011110000101001
11011110000101011
11011110000111001
11011110000111011
11011110001101001
11011110001101011
11011110010101001
11011110010101011
11011110010111001
11011110010111011
11011110011101001
11011110011101011
11011110100101001
11011110100101011
11011110100111001
11011110100111011
11011110101101001
11011110101101011
11011110110101001
11011110110101011
11011110110111001
11011110110111011
11011110111101001
11011110111101011
11100100000101000
11100100000101001
11100100000101010
11100100000101011
11100100001101000
11100100001101001
11100100001101010
11100100001101011
11100100010101000
11100100010101001
11100100010101010
11100100010101011
11100100010111000
11100100010111001
11100100010111010
11100100010111011
11100100011101000
11100100011101001
11100100011101010
11100100011101011
11100100100101000
11100100100101001
11100100100101010
11100100100101011
11100100101101000
11100100101101001
11100100101101010
11100100101101011
11100100110101000
11100100110101001
11100100110101010
11100100110101011
11100100111101000
11100100111101001
11100100111101010
11100100111101011
11100101000101000
11100101000101010
11100101001101000
11100101001101010
11100101010101000
11100101010101010
11100101010111000
11100101010111010
11100101011101000
11100101011101010
11100101100101000
11100101100101010
11100101101101000
11100101101101010
11100101110101000
11100101110101010
11100101111101000
11100101111101010
11100110000101001
11100110000101011
11100110001101001
11100110001101011
11100110010101000
11100110010101001
11100110010101010
11100110010101011
11100110010111000
11100110010111001
11100110010111010
11100110010111011
11100110011101001
11100110011101011
11100110100101001
11100110100101011
11100110101101001
11100110101101011
11100110110101001
11100110110101011
11100110111101001
11100110111101011
11100111010101000
11100111010101010
11100111010111000
11100111010111010
11101100000101001
11101100000101011
11101100001101001
11101100001101011
11101100010101001
11101100010101011
11101100010111001
11101100010111011
11101100011101001
11101100011101011
11101100100101001
11101100100101011
11101100101101001
11101100101101011
11101100110101001
11101100110101011
11101100111101001
11101100111101011
11101110000101001
11101110000101011
11101110001101001
11101110001101011
11101110010101001
11101110010101011
11101110010111001
11101110010111011
11101110011101001
11101110011101011
11101110100101001
11101110100101011
11101110101101001
11101110101101011
11101110110101001
11101110110101011
11101110111101001
11101110111101011
11110100000101000
11110100000101001
11110100000101010
11110100000101011
11110100001101000
11110100001101001
11110100001101010
11110100001101011
11110100010101000
11110100010101001
11110100010101010
11110100010101011
11110100010111000
11110100010111001
11110100010111010
11110100010111011
11110100011101000
11110100011101001
11110100011101010
11110100011101011
11110100100101000
11110100100101001
11110100100101010
11110100100101011
11110100101101000
11110100101101001
11110100101101010
11110100101101011
11110100110101000
11110100110101001
11110100110101010
11110100110101011
11110100111101000
11110100111101001
11110100111101010
11110100111101011
11110101000101000
11110101000101010
11110101001101000
11110101001101010
11110101010101000
11110101010101010
11110101010111000
11110101010111010
11110101011101000
11110101011101010
11110101100101000
11110101100101010
11110101101101000
11110101101101010
11110101110101000
11110101110101010
11110101111101000
11110101111101010
11110110000101001
11110110000101011
11110110001101001
11110110001101011
11110110010101000
11110110010101001
11110110010101010
11110110010101011
11110110010111000
11110110010111001
11110110010111010
11110110010111011
11110110011101001
11110110011101011
11110110100101001
11110110100101011
11110110101101001
11110110101101011
11110110110101001
11110110110101011
11110110111101001
11110110111101011
11110111010101000
11110111010101010
11110111010111000
11110111010111010
11111100000101001
11111100000101011
11111100001101001
11111100001101011
11111100010101001
11111100010101011
11111100010111001
11111100010111011
11111100011101001
11111100011101011
11111100100101001
11111100100101011
11111100101101001
11111100101101011
11111100110101001
11111100110101011
11111100111101001
11111100111101011
11111110000101001
11111110000101011
11111110001101001
11111110001101011
11111110010101001
11111110010101011
11111110010111001
11111110010111011
11111110011101001
11111110011101011
11111110100101001
11111110100101011
11111110101101001
11111110101101011
11111110110101001
11111110110101011
11111110111101001
11111110111101011
