10000000001010000
10000000001010001
10000000001010010
10000000001010011
10000000001010100
10000000001010101
10000000001010110
10000000001010111
10000000001011000
10000000001011001
10000000001011010
10000000001011011
10000000001011100
10000000001011101
10000000001011110
10000000001011111
10000000001110000
10000000001110010
10000000001110100
10000000001110101
10000000001110110
10000000001110111
10000000001111000
10000000001111001
10000000001111010
10000000001111011
10000000001111100
10000000001111101
10000000001111110
10000000001111111
10000000011010000
10000000011010001
10000000011010010
10000000011010011
10000000011010100
10000000011010101
10000000011010110
10000000011010111
10000000011011000
10000000011011001
10000000011011010
10000000011011011
10000000011011100
10000000011011101
10000000011011110
10000000011011111
10000000011110000
10000000011110010
10000000011110100
10000000011110101
10000000011110110
10000000011110111
10000000011111000
10000000011111001
10000000011111010
10000000011111011
10000000011111100
10000000011111101
10000000011111110
10000000011111111
10000000101010000
10000000101010001
10000000101010010
10000000101010011
10000000101010100
10000000101010101
10000000101010110
10000000101010111
10000000101011000
10000000101011001
10000000101011010
10000000101011011
10000000101011100
10000000101011101
10000000101011110
10000000101011111
10000000101110000
10000000101110010
10000000101110100
10000000101110101
10000000101110110
10000000101110111
10000000101111000
10000000101111001
10000000101111010
10000000101111011
10000000101111100
10000000101111101
10000000101111110
10000000101111111
10000000111010000
10000000111010001
10000000111010010
10000000111010011
10000000111010100
10000000111010101
10000000111010110
10000000111010111
10000000111011000
10000000111011001
10000000111011010
10000000111011011
10000000111011100
10000000111011101
10000000111011110
10000000111011111
10000000111110000
10000000111110010
10000000111110100
10000000111110101
10000000111110110
10000000111110111
10000000111111000
10000000111111001
10000000111111010
10000000111111011
10000000111111100
10000000111111101
10000000111111110
10000000111111111
10000001001010000
10000001001010010
10000001001010100
10000001001010110
10000001001011000
10000001001011010
10000001001011100
10000001001011110
10000001001110000
10000001001110010
10000001001110100
10000001001110110
10000001001111000
10000001001111010
10000001001111100
10000001001111110
10000001011010000
10000001011010010
10000001011010100
10000001011010110
10000001011011000
10000001011011010
10000001011011100
10000001011011110
10000001011110000
10000001011110010
10000001011110100
10000001011110110
10000001011111000
10000001011111010
10000001011111100
10000001011111110
10000001101010000
10000001101010010
10000001101010100
10000001101010110
10000001101011000
10000001101011010
10000001101011100
10000001101011110
10000001101110000
10000001101110010
10000001101110100
10000001101110110
10000001101111000
10000001101111010
10000001101111100
10000001101111110
10000001111010000
10000001111010010
10000001111010100
10000001111010110
10000001111011000
10000001111011010
10000001111011100
10000001111011110
10000001111110000
10000001111110010
10000001111110100
10000001111110110
10000001111111000
10000001111111010
10000001111111100
10000001111111110
10000010001110100
10000010001110110
10000010001111001
10000010001111011
10000010011110100
10000010011110110
10000010011111001
10000010011111011
10000010101110100
10000010101110110
10000010101111001
10000010101111011
10000010111110100
10000010111110110
10000010111111001
10000010111111011
10000011001110100
10000011001110110
10000011011110100
10000011011110110
10000011101110100
10000011101110110
10000011111110100
10000011111110110
10000100001010000
10000100001010001
10000100001010010
10000100001010011
10000100001010100
10000100001010101
10000100001010110
10000100001010111
10000100001011000
10000100001011001
10000100001011010
10000100001011011
10000100001011100
10000100001011101
10000100001011110
10000100001011111
10000100001110000
10000100001110010
10000100001110100
10000100001110101
10000100001110110
10000100001110111
10000100001111100
10000100001111101
10000100001111110
10000100001111111
10000100011010000
10000100011010001
10000100011010010
10000100011010011
10000100011010100
10000100011010101
10000100011010110
10000100011010111
10000100011011000
10000100011011001
10000100011011010
10000100011011011
10000100011011100
10000100011011101
10000100011011110
10000100011011111
10000100011110000
10000100011110010
10000100011110100
10000100011110101
10000100011110110
10000100011110111
10000100011111100
10000100011111101
10000100011111110
10000100011111111
10000100101010000
10000100101010001
10000100101010010
10000100101010011
10000100101010100
10000100101010101
10000100101010110
10000100101010111
10000100101011000
10000100101011001
10000100101011010
10000100101011011
10000100101011100
10000100101011101
10000100101011110
10000100101011111
10000100101110000
10000100101110010
10000100101110100
10000100101110101
10000100101110110
10000100101110111
10000100101111100
10000100101111101
10000100101111110
10000100101111111
10000100111010000
10000100111010001
10000100111010010
10000100111010011
10000100111010100
10000100111010101
10000100111010110
10000100111010111
10000100111011000
10000100111011001
10000100111011010
10000100111011011
10000100111011100
10000100111011101
10000100111011110
10000100111011111
10000100111110000
10000100111110010
10000100111110100
10000100111110101
10000100111110110
10000100111110111
10000100111111100
10000100111111101
10000100111111110
10000100111111111
10000101001010000
10000101001010010
10000101001010100
10000101001010110
10000101001011000
10000101001011010
10000101001011100
10000101001011110
10000101001110000
10000101001110010
10000101001110100
10000101001110110
10000101001111100
10000101001111110
10000101011010000
10000101011010010
10000101011010100
10000101011010110
10000101011011000
10000101011011010
10000101011011100
10000101011011110
10000101011110000
10000101011110010
10000101011110100
10000101011110110
10000101011111100
10000101011111110
10000101101010000
10000101101010010
10000101101010100
10000101101010110
10000101101011000
10000101101011010
10000101101011100
10000101101011110
10000101101110000
10000101101110010
10000101101110100
10000101101110110
10000101101111100
10000101101111110
10000101111010000
10000101111010010
10000101111010100
10000101111010110
10000101111011000
10000101111011010
10000101111011100
10000101111011110
10000101111110000
10000101111110010
10000101111110100
10000101111110110
10000101111111100
10000101111111110
10000110001110100
10000110001110110
10000110011110100
10000110011110110
10000110101110100
10000110101110110
10000110111110100
10000110111110110
10000111001110100
10000111001110110
10000111011110100
10000111011110110
10000111101110100
10000111101110110
10000111111110100
10000111111110110
10001000001011001
10001000001011011
10001000001011100
10001000001011110
10001000001111001
10001000001111011
10001000001111100
10001000001111110
10001000011011001
10001000011011011
10001000011011100
10001000011011110
10001000011111001
10001000011111011
10001000011111100
10001000011111110
10001000101011001
10001000101011011
10001000101011100
10001000101011110
10001000101111001
10001000101111011
10001000101111100
10001000101111110
10001000111011001
10001000111011011
10001000111011100
10001000111011110
10001000111111001
10001000111111011
10001000111111100
10001000111111110
10001001001011100
10001001001011110
10001001001111100
10001001001111110
10001001011011100
10001001011011110
10001001011111100
10001001011111110
10001001101011100
10001001101011110
10001001101111100
10001001101111110
10001001111011100
10001001111011110
10001001111111100
10001001111111110
10001010001111001
10001010001111011
10001010011111001
10001010011111011
10001010101111001
10001010101111011
10001010111111001
10001010111111011
10001100001011001
10001100001011011
10001100001011100
10001100001011110
10001100001111100
10001100001111110
10001100011011001
10001100011011011
10001100011011100
10001100011011110
10001100011111100
10001100011111110
10001100101011001
10001100101011011
10001100101011100
10001100101011110
10001100101111100
10001100101111110
10001100111011001
10001100111011011
10001100111011100
10001100111011110
10001100111111100
10001100111111110
10001101001011100
10001101001011110
10001101001111100
10001101001111110
10001101011011100
10001101011011110
10001101011111100
10001101011111110
10001101101011100
10001101101011110
10001101101111100
10001101101111110
10001101111011100
10001101111011110
10001101111111100
10001101111111110
10010000001010000
10010000001010001
10010000001010010
10010000001010011
10010000001010100
10010000001010101
10010000001010110
10010000001010111
10010000001011000
10010000001011001
10010000001011010
10010000001011011
10010000001011100
10010000001011101
10010000001011110
10010000001011111
10010000001110000
10010000001110010
10010000001110100
10010000001110101
10010000001110110
10010000001110111
10010000001111000
10010000001111001
10010000001111010
10010000001111011
10010000001111100
10010000001111101
10010000001111110
10010000001111111
10010000011010000
10010000011010001
10010000011010010
10010000011010011
10010000011010100
10010000011010101
10010000011010110
10010000011010111
10010000011011000
10010000011011001
10010000011011010
10010000011011011
10010000011011100
10010000011011101
10010000011011110
10010000011011111
10010000011110000
10010000011110010
10010000011110100
10010000011110101
10010000011110110
10010000011110111
10010000011111000
10010000011111001
10010000011111010
10010000011111011
10010000011111100
10010000011111101
10010000011111110
10010000011111111
10010000101010000
10010000101010001
10010000101010010
10010000101010011
10010000101010100
10010000101010101
10010000101010110
10010000101010111
10010000101011000
10010000101011001
10010000101011010
10010000101011011
10010000101011100
10010000101011101
10010000101011110
10010000101011111
10010000101110000
10010000101110010
10010000101110100
10010000101110101
10010000101110110
10010000101110111
10010000101111000
10010000101111001
10010000101111010
10010000101111011
10010000101111100
10010000101111101
10010000101111110
10010000101111111
10010000111010000
10010000111010001
10010000111010010
10010000111010011
10010000111010100
10010000111010101
10010000111010110
10010000111010111
10010000111011000
10010000111011001
10010000111011010
10010000111011011
10010000111011100
10010000111011101
10010000111011110
10010000111011111
10010000111110000
10010000111110010
10010000111110100
10010000111110101
10010000111110110
10010000111110111
10010000111111000
10010000111111001
10010000111111010
10010000111111011
10010000111111100
10010000111111101
10010000111111110
10010000111111111
10010001001010000
10010001001010010
10010001001010100
10010001001010110
10010001001011000
10010001001011010
10010001001011100
10010001001011110
10010001001110000
10010001001110010
10010001001110100
10010001001110110
10010001001111000
10010001001111010
10010001001111100
10010001001111110
10010001011010000
10010001011010010
10010001011010100
10010001011010110
10010001011011000
10010001011011010
10010001011011100
10010001011011110
10010001011110000
10010001011110010
10010001011110100
10010001011110110
10010001011111000
10010001011111010
10010001011111100
10010001011111110
10010001101010000
10010001101010010
10010001101010100
10010001101010110
10010001101011000
10010001101011010
10010001101011100
10010001101011110
10010001101110000
10010001101110010
10010001101110100
10010001101110110
10010001101111000
10010001101111010
10010001101111100
10010001101111110
10010001111010000
10010001111010010
10010001111010100
10010001111010110
10010001111011000
10010001111011010
10010001111011100
10010001111011110
10010001111110000
10010001111110010
10010001111110100
10010001111110110
10010001111111000
10010001111111010
10010001111111100
10010001111111110
10010010001110100
10010010001110110
10010010001111001
10010010001111011
10010010011110100
10010010011110110
10010010011111001
10010010011111011
10010010101110100
10010010101110110
10010010101111001
10010010101111011
10010010111110100
10010010111110110
10010010111111001
10010010111111011
10010011001110100
10010011001110110
10010011011110100
10010011011110110
10010011101110100
10010011101110110
10010011111110100
10010011111110110
10010100001010000
10010100001010001
10010100001010010
10010100001010011
10010100001010100
10010100001010101
10010100001010110
10010100001010111
10010100001011000
10010100001011001
10010100001011010
10010100001011011
10010100001011100
10010100001011101
10010100001011110
10010100001011111
10010100001110000
10010100001110010
10010100001110100
10010100001110101
10010100001110110
10010100001110111
10010100001111100
10010100001111101
10010100001111110
10010100001111111
10010100011010000
10010100011010001
10010100011010010
10010100011010011
10010100011010100
10010100011010101
10010100011010110
10010100011010111
10010100011011000
10010100011011001
10010100011011010
10010100011011011
10010100011011100
10010100011011101
10010100011011110
10010100011011111
10010100011110000
10010100011110010
10010100011110100
10010100011110101
10010100011110110
10010100011110111
10010100011111100
10010100011111101
10010100011111110
10010100011111111
10010100101010000
10010100101010001
10010100101010010
10010100101010011
10010100101010100
10010100101010101
10010100101010110
10010100101010111
10010100101011000
10010100101011001
10010100101011010
10010100101011011
10010100101011100
10010100101011101
10010100101011110
10010100101011111
10010100101110000
10010100101110010
10010100101110100
10010100101110101
10010100101110110
10010100101110111
10010100101111100
10010100101111101
10010100101111110
10010100101111111
10010100111010000
10010100111010001
10010100111010010
10010100111010011
10010100111010100
10010100111010101
10010100111010110
10010100111010111
10010100111011000
10010100111011001
10010100111011010
10010100111011011
10010100111011100
10010100111011101
10010100111011110
10010100111011111
10010100111110000
10010100111110010
10010100111110100
10010100111110101
10010100111110110
10010100111110111
10010100111111100
10010100111111101
10010100111111110
10010100111111111
10010101001010000
10010101001010010
10010101001010100
10010101001010110
10010101001011000
10010101001011010
10010101001011100
10010101001011110
10010101001110000
10010101001110010
10010101001110100
10010101001110110
10010101001111100
10010101001111110
10010101011010000
10010101011010010
10010101011010100
10010101011010110
10010101011011000
10010101011011010
10010101011011100
10010101011011110
10010101011110000
10010101011110010
10010101011110100
10010101011110110
10010101011111100
10010101011111110
10010101101010000
10010101101010010
10010101101010100
10010101101010110
10010101101011000
10010101101011010
10010101101011100
10010101101011110
10010101101110000
10010101101110010
10010101101110100
10010101101110110
10010101101111100
10010101101111110
10010101111010000
10010101111010010
10010101111010100
10010101111010110
10010101111011000
10010101111011010
10010101111011100
10010101111011110
10010101111110000
10010101111110010
10010101111110100
10010101111110110
10010101111111100
10010101111111110
10010110001110100
10010110001110110
10010110011110100
10010110011110110
10010110101110100
10010110101110110
10010110111110100
10010110111110110
10010111001110100
10010111001110110
10010111011110100
10010111011110110
10010111101110100
10010111101110110
10010111111110100
10010111111110110
10011000001011001
10011000001011011
10011000001011100
10011000001011110
10011000001111001
10011000001111011
10011000001111100
10011000001111110
10011000011011001
10011000011011011
10011000011011100
10011000011011110
10011000011111001
10011000011111011
10011000011111100
10011000011111110
10011000101011001
10011000101011011
10011000101011100
10011000101011110
10011000101111001
10011000101111011
10011000101111100
10011000101111110
10011000111011001
10011000111011011
10011000111011100
10011000111011110
10011000111111001
10011000111111011
10011000111111100
10011000111111110
10011001001011100
10011001001011110
10011001001111100
10011001001111110
10011001011011100
10011001011011110
10011001011111100
10011001011111110
10011001101011100
10011001101011110
10011001101111100
10011001101111110
10011001111011100
10011001111011110
10011001111111100
10011001111111110
10011010001111001
10011010001111011
10011010011111001
10011010011111011
10011010101111001
10011010101111011
10011010111111001
10011010111111011
10011100001011001
10011100001011011
10011100001011100
10011100001011110
10011100001111100
10011100001111110
10011100011011001
10011100011011011
10011100011011100
10011100011011110
10011100011111100
10011100011111110
10011100101011001
10011100101011011
10011100101011100
10011100101011110
10011100101111100
10011100101111110
10011100111011001
10011100111011011
10011100111011100
10011100111011110
10011100111111100
10011100111111110
10011101001011100
10011101001011110
10011101001111100
10011101001111110
10011101011011100
10011101011011110
10011101011111100
10011101011111110
10011101101011100
10011101101011110
10011101101111100
10011101101111110
10011101111011100
10011101111011110
10011101111111100
10011101111111110
10100000000010000
10100000000010001
10100000000010010
10100000000010011
10100000000010100
10100000000010101
10100000000010110
10100000000010111
10100000000011000
10100000000011001
10100000000011010
10100000000011011
10100000000011100
10100000000011101
10100000000011110
10100000000011111
10100000000110000
10100000000110010
10100000000110100
10100000000110101
10100000000110110
10100000000110111
10100000000111000
10100000000111001
10100000000111010
10100000000111011
10100000000111100
10100000000111101
10100000000111110
10100000000111111
10100000001010000
10100000001010001
10100000001010010
10100000001010011
10100000001010100
10100000001010101
10100000001010110
10100000001010111
10100000001011000
10100000001011001
10100000001011010
10100000001011011
10100000001011100
10100000001011101
10100000001011110
10100000001011111
10100000001110000
10100000001110010
10100000001110100
10100000001110101
10100000001110110
10100000001110111
10100000001111000
10100000001111001
10100000001111010
10100000001111011
10100000001111100
10100000001111101
10100000001111110
10100000001111111
10100000011010000
10100000011010001
10100000011010010
10100000011010011
10100000011010100
10100000011010101
10100000011010110
10100000011010111
10100000011011000
10100000011011001
10100000011011010
10100000011011011
10100000011011100
10100000011011101
10100000011011110
10100000011011111
10100000011110000
10100000011110010
10100000011110100
10100000011110101
10100000011110110
10100000011110111
10100000011111000
10100000011111001
10100000011111010
10100000011111011
10100000011111100
10100000011111101
10100000011111110
10100000011111111
10100000100010000
10100000100010001
10100000100010010
10100000100010011
10100000100010100
10100000100010101
10100000100010110
10100000100010111
10100000100011000
10100000100011001
10100000100011010
10100000100011011
10100000100011100
10100000100011101
10100000100011110
10100000100011111
10100000100110000
10100000100110010
10100000100110100
10100000100110101
10100000100110110
10100000100110111
10100000100111000
10100000100111001
10100000100111010
10100000100111011
10100000100111100
10100000100111101
10100000100111110
10100000100111111
10100000101010000
10100000101010001
10100000101010010
10100000101010011
10100000101010100
10100000101010101
10100000101010110
10100000101010111
10100000101011000
10100000101011001
10100000101011010
10100000101011011
10100000101011100
10100000101011101
10100000101011110
10100000101011111
10100000101110000
10100000101110010
10100000101110100
10100000101110101
10100000101110110
10100000101110111
10100000101111000
10100000101111001
10100000101111010
10100000101111011
10100000101111100
10100000101111101
10100000101111110
10100000101111111
10100000110010000
10100000110010001
10100000110010010
10100000110010011
10100000110010100
10100000110010101
10100000110010110
10100000110010111
10100000110011000
10100000110011001
10100000110011010
10100000110011011
10100000110011100
10100000110011101
10100000110011110
10100000110011111
10100000110110000
10100000110110010
10100000110110100
10100000110110101
10100000110110110
10100000110110111
10100000110111000
10100000110111001
10100000110111010
10100000110111011
10100000110111100
10100000110111101
10100000110111110
10100000110111111
10100000111010000
10100000111010001
10100000111010010
10100000111010011
10100000111010100
10100000111010101
10100000111010110
10100000111010111
10100000111011000
10100000111011001
10100000111011010
10100000111011011
10100000111011100
10100000111011101
10100000111011110
10100000111011111
10100000111110000
10100000111110010
10100000111110100
10100000111110101
10100000111110110
10100000111110111
10100000111111000
10100000111111001
10100000111111010
10100000111111011
10100000111111100
10100000111111101
10100000111111110
10100000111111111
10100001000010000
10100001000010010
10100001000010100
10100001000010110
10100001000011000
10100001000011010
10100001000011100
10100001000011110
10100001000110000
10100001000110010
10100001000110100
10100001000110110
10100001000111000
10100001000111010
10100001000111100
10100001000111110
10100001001010000
10100001001010010
10100001001010100
10100001001010110
10100001001011000
10100001001011010
10100001001011100
10100001001011110
10100001001110000
10100001001110010
10100001001110100
10100001001110110
10100001001111000
10100001001111010
10100001001111100
10100001001111110
10100001011010000
10100001011010010
10100001011010100
10100001011010110
10100001011011000
10100001011011010
10100001011011100
10100001011011110
10100001011110000
10100001011110010
10100001011110100
10100001011110110
10100001011111000
10100001011111010
10100001011111100
10100001011111110
10100001100010000
10100001100010010
10100001100010100
10100001100010110
10100001100011000
10100001100011010
10100001100011100
10100001100011110
10100001100110000
10100001100110010
10100001100110100
10100001100110110
10100001100111000
10100001100111010
10100001100111100
10100001100111110
10100001101010000
10100001101010010
10100001101010100
10100001101010110
10100001101011000
10100001101011010
10100001101011100
10100001101011110
10100001101110000
10100001101110010
10100001101110100
10100001101110110
10100001101111000
10100001101111010
10100001101111100
10100001101111110
10100001110010000
10100001110010010
10100001110010100
10100001110010110
10100001110011000
10100001110011010
10100001110011100
10100001110011110
10100001110110000
10100001110110010
10100001110110100
10100001110110110
10100001110111000
10100001110111010
10100001110111100
10100001110111110
10100001111010000
10100001111010010
10100001111010100
10100001111010110
10100001111011000
10100001111011010
10100001111011100
10100001111011110
10100001111110000
10100001111110010
10100001111110100
10100001111110110
10100001111111000
10100001111111010
10100001111111100
10100001111111110
10100010000110100
10100010000110110
10100010000111001
10100010000111011
10100010001110100
10100010001110110
10100010001111001
10100010001111011
10100010011110100
10100010011110110
10100010011111001
10100010011111011
10100010100110100
10100010100110110
10100010100111001
10100010100111011
10100010101110100
10100010101110110
10100010101111001
10100010101111011
10100010110110100
10100010110110110
10100010110111001
10100010110111011
10100010111110100
10100010111110110
10100010111111001
10100010111111011
10100011000110100
10100011000110110
10100011001110100
10100011001110110
10100011011110100
10100011011110110
10100011100110100
10100011100110110
10100011101110100
10100011101110110
10100011110110100
10100011110110110
10100011111110100
10100011111110110
10100100000010000
10100100000010001
10100100000010010
10100100000010011
10100100000010100
10100100000010101
10100100000010110
10100100000010111
10100100000011000
10100100000011001
10100100000011010
10100100000011011
10100100000011100
10100100000011101
10100100000011110
10100100000011111
10100100000110000
10100100000110010
10100100000110100
10100100000110101
10100100000110110
10100100000110111
10100100000111100
10100100000111101
10100100000111110
10100100000111111
10100100001010000
10100100001010001
10100100001010010
10100100001010011
10100100001010100
10100100001010101
10100100001010110
10100100001010111
10100100001011000
10100100001011001
10100100001011010
10100100001011011
10100100001011100
10100100001011101
10100100001011110
10100100001011111
10100100001110000
10100100001110010
10100100001110100
10100100001110101
10100100001110110
10100100001110111
10100100001111100
10100100001111101
10100100001111110
10100100001111111
10100100011010000
10100100011010001
10100100011010010
10100100011010011
10100100011010100
10100100011010101
10100100011010110
10100100011010111
10100100011011000
10100100011011001
10100100011011010
10100100011011011
10100100011011100
10100100011011101
10100100011011110
10100100011011111
10100100011110000
10100100011110010
10100100011110100
10100100011110101
10100100011110110
10100100011110111
10100100011111100
10100100011111101
10100100011111110
10100100011111111
10100100100010000
10100100100010001
10100100100010010
10100100100010011
10100100100010100
10100100100010101
10100100100010110
10100100100010111
10100100100011000
10100100100011001
10100100100011010
10100100100011011
10100100100011100
10100100100011101
10100100100011110
10100100100011111
10100100100110000
10100100100110010
10100100100110100
10100100100110101
10100100100110110
10100100100110111
10100100100111100
10100100100111101
10100100100111110
10100100100111111
10100100101010000
10100100101010001
10100100101010010
10100100101010011
10100100101010100
10100100101010101
10100100101010110
10100100101010111
10100100101011000
10100100101011001
10100100101011010
10100100101011011
10100100101011100
10100100101011101
10100100101011110
10100100101011111
10100100101110000
10100100101110010
10100100101110100
10100100101110101
10100100101110110
10100100101110111
10100100101111100
10100100101111101
10100100101111110
10100100101111111
10100100110010000
10100100110010001
10100100110010010
10100100110010011
10100100110010100
10100100110010101
10100100110010110
10100100110010111
10100100110011000
10100100110011001
10100100110011010
10100100110011011
10100100110011100
10100100110011101
10100100110011110
10100100110011111
10100100110110000
10100100110110010
10100100110110100
10100100110110101
10100100110110110
10100100110110111
10100100110111100
10100100110111101
10100100110111110
10100100110111111
10100100111010000
10100100111010001
10100100111010010
10100100111010011
10100100111010100
10100100111010101
10100100111010110
10100100111010111
10100100111011000
10100100111011001
10100100111011010
10100100111011011
10100100111011100
10100100111011101
10100100111011110
10100100111011111
10100100111110000
10100100111110010
10100100111110100
10100100111110101
10100100111110110
10100100111110111
10100100111111100
10100100111111101
10100100111111110
10100100111111111
10100101000010000
10100101000010010
10100101000010100
10100101000010110
10100101000011000
10100101000011010
10100101000011100
10100101000011110
10100101000110000
10100101000110010
10100101000110100
10100101000110110
10100101000111100
10100101000111110
10100101001010000
10100101001010010
10100101001010100
10100101001010110
10100101001011000
10100101001011010
10100101001011100
10100101001011110
10100101001110000
10100101001110010
10100101001110100
10100101001110110
10100101001111100
10100101001111110
10100101011010000
10100101011010010
10100101011010100
10100101011010110
10100101011011000
10100101011011010
10100101011011100
10100101011011110
10100101011110000
10100101011110010
10100101011110100
10100101011110110
10100101011111100
10100101011111110
10100101100010000
10100101100010010
10100101100010100
10100101100010110
10100101100011000
10100101100011010
10100101100011100
10100101100011110
10100101100110000
10100101100110010
10100101100110100
10100101100110110
10100101100111100
10100101100111110
10100101101010000
10100101101010010
10100101101010100
10100101101010110
10100101101011000
10100101101011010
10100101101011100
10100101101011110
10100101101110000
10100101101110010
10100101101110100
10100101101110110
10100101101111100
10100101101111110
10100101110010000
10100101110010010
10100101110010100
10100101110010110
10100101110011000
10100101110011010
10100101110011100
10100101110011110
10100101110110000
10100101110110010
10100101110110100
10100101110110110
10100101110111100
10100101110111110
10100101111010000
10100101111010010
10100101111010100
10100101111010110
10100101111011000
10100101111011010
10100101111011100
10100101111011110
10100101111110000
10100101111110010
10100101111110100
10100101111110110
10100101111111100
10100101111111110
10100110000110100
10100110000110110
10100110001110100
10100110001110110
10100110011110100
10100110011110110
10100110100110100
10100110100110110
10100110101110100
10100110101110110
10100110110110100
10100110110110110
10100110111110100
10100110111110110
10100111000110100
10100111000110110
10100111001110100
10100111001110110
10100111011110100
10100111011110110
10100111100110100
10100111100110110
10100111101110100
10100111101110110
10100111110110100
10100111110110110
10100111111110100
10100111111110110
10101000000011001
10101000000011011
10101000000011100
10101000000011110
10101000000111001
10101000000111011
10101000000111100
10101000000111110
10101000001011001
10101000001011011
10101000001011100
10101000001011110
10101000001111001
10101000001111011
10101000001111100
10101000001111110
10101000011011001
10101000011011011
10101000011011100
10101000011011110
10101000011111001
10101000011111011
10101000011111100
10101000011111110
10101000100011001
10101000100011011
10101000100011100
10101000100011110
10101000100111001
10101000100111011
10101000100111100
10101000100111110
10101000101011001
10101000101011011
10101000101011100
10101000101011110
10101000101111001
10101000101111011
10101000101111100
10101000101111110
10101000110011001
10101000110011011
10101000110011100
10101000110011110
10101000110111001
10101000110111011
10101000110111100
10101000110111110
10101000111011001
10101000111011011
10101000111011100
10101000111011110
10101000111111001
10101000111111011
10101000111111100
10101000111111110
10101001000011100
10101001000011110
10101001000111100
10101001000111110
10101001001011100
10101001001011110
10101001001111100
10101001001111110
10101001011011100
10101001011011110
10101001011111100
10101001011111110
10101001100011100
10101001100011110
10101001100111100
10101001100111110
10101001101011100
10101001101011110
10101001101111100
10101001101111110
10101001110011100
10101001110011110
10101001110111100
10101001110111110
10101001111011100
10101001111011110
10101001111111100
10101001111111110
10101010000111001
10101010000111011
10101010001111001
10101010001111011
10101010011111001
10101010011111011
10101010100111001
10101010100111011
10101010101111001
10101010101111011
10101010110111001
10101010110111011
10101010111111001
10101010111111011
10101100000011001
10101100000011011
10101100000011100
10101100000011110
10101100000111100
10101100000111110
10101100001011001
10101100001011011
10101100001011100
10101100001011110
10101100001111100
10101100001111110
10101100011011001
10101100011011011
10101100011011100
10101100011011110
10101100011111100
10101100011111110
10101100100011001
10101100100011011
10101100100011100
10101100100011110
10101100100111100
10101100100111110
10101100101011001
10101100101011011
10101100101011100
10101100101011110
10101100101111100
10101100101111110
10101100110011001
10101100110011011
10101100110011100
10101100110011110
10101100110111100
10101100110111110
10101100111011001
10101100111011011
10101100111011100
10101100111011110
10101100111111100
10101100111111110
10101101000011100
10101101000011110
10101101000111100
10101101000111110
10101101001011100
10101101001011110
10101101001111100
10101101001111110
10101101011011100
10101101011011110
10101101011111100
10101101011111110
10101101100011100
10101101100011110
10101101100111100
10101101100111110
10101101101011100
10101101101011110
10101101101111100
10101101101111110
10101101110011100
10101101110011110
10101101110111100
10101101110111110
10101101111011100
10101101111011110
10101101111111100
10101101111111110
10110000000010000
10110000000010001
10110000000010010
10110000000010011
10110000000010100
10110000000010101
10110000000010110
10110000000010111
10110000000011000
10110000000011001
10110000000011010
10110000000011011
10110000000011100
10110000000011101
10110000000011110
10110000000011111
10110000000110000
10110000000110010
10110000000110100
10110000000110101
10110000000110110
10110000000110111
10110000000111000
10110000000111001
10110000000111010
10110000000111011
10110000000111100
10110000000111101
10110000000111110
10110000000111111
10110000001010000
10110000001010001
10110000001010010
10110000001010011
10110000001010100
10110000001010101
10110000001010110
10110000001010111
10110000001011000
10110000001011001
10110000001011010
10110000001011011
10110000001011100
10110000001011101
10110000001011110
10110000001011111
10110000001110000
10110000001110010
10110000001110100
10110000001110101
10110000001110110
10110000001110111
10110000001111000
10110000001111001
10110000001111010
10110000001111011
10110000001111100
10110000001111101
10110000001111110
10110000001111111
10110000011010000
10110000011010001
10110000011010010
10110000011010011
10110000011010100
10110000011010101
10110000011010110
10110000011010111
10110000011011000
10110000011011001
10110000011011010
10110000011011011
10110000011011100
10110000011011101
10110000011011110
10110000011011111
10110000011110000
10110000011110010
10110000011110100
10110000011110101
10110000011110110
10110000011110111
10110000011111000
10110000011111001
10110000011111010
10110000011111011
10110000011111100
10110000011111101
10110000011111110
10110000011111111
10110000100010000
10110000100010001
10110000100010010
10110000100010011
10110000100010100
10110000100010101
10110000100010110
10110000100010111
10110000100011000
10110000100011001
10110000100011010
10110000100011011
10110000100011100
10110000100011101
10110000100011110
10110000100011111
10110000100110000
10110000100110010
10110000100110100
10110000100110101
10110000100110110
10110000100110111
10110000100111000
10110000100111001
10110000100111010
10110000100111011
10110000100111100
10110000100111101
10110000100111110
10110000100111111
10110000101010000
10110000101010001
10110000101010010
10110000101010011
10110000101010100
10110000101010101
10110000101010110
10110000101010111
10110000101011000
10110000101011001
10110000101011010
10110000101011011
10110000101011100
10110000101011101
10110000101011110
10110000101011111
10110000101110000
10110000101110010
10110000101110100
10110000101110101
10110000101110110
10110000101110111
10110000101111000
10110000101111001
10110000101111010
10110000101111011
10110000101111100
10110000101111101
10110000101111110
10110000101111111
10110000110010000
10110000110010001
10110000110010010
10110000110010011
10110000110010100
10110000110010101
10110000110010110
10110000110010111
10110000110011000
10110000110011001
10110000110011010
10110000110011011
10110000110011100
10110000110011101
10110000110011110
10110000110011111
10110000110110000
10110000110110010
10110000110110100
10110000110110101
10110000110110110
10110000110110111
10110000110111000
10110000110111001
10110000110111010
10110000110111011
10110000110111100
10110000110111101
10110000110111110
10110000110111111
10110000111010000
10110000111010001
10110000111010010
10110000111010011
10110000111010100
10110000111010101
10110000111010110
10110000111010111
10110000111011000
10110000111011001
10110000111011010
10110000111011011
10110000111011100
10110000111011101
10110000111011110
10110000111011111
10110000111110000
10110000111110010
10110000111110100
10110000111110101
10110000111110110
10110000111110111
10110000111111000
10110000111111001
10110000111111010
10110000111111011
10110000111111100
10110000111111101
10110000111111110
10110000111111111
10110001000010000
10110001000010010
10110001000010100
10110001000010110
10110001000011000
10110001000011010
10110001000011100
10110001000011110
10110001000110000
10110001000110010
10110001000110100
10110001000110110
10110001000111000
10110001000111010
10110001000111100
10110001000111110
10110001001010000
10110001001010010
10110001001010100
10110001001010110
10110001001011000
10110001001011010
10110001001011100
10110001001011110
10110001001110000
10110001001110010
10110001001110100
10110001001110110
10110001001111000
10110001001111010
10110001001111100
10110001001111110
10110001011010000
10110001011010010
10110001011010100
10110001011010110
10110001011011000
10110001011011010
10110001011011100
10110001011011110
10110001011110000
10110001011110010
10110001011110100
10110001011110110
10110001011111000
10110001011111010
10110001011111100
10110001011111110
10110001100010000
10110001100010010
10110001100010100
10110001100010110
10110001100011000
10110001100011010
10110001100011100
10110001100011110
10110001100110000
10110001100110010
10110001100110100
10110001100110110
10110001100111000
10110001100111010
10110001100111100
10110001100111110
10110001101010000
10110001101010010
10110001101010100
10110001101010110
10110001101011000
10110001101011010
10110001101011100
10110001101011110
10110001101110000
10110001101110010
10110001101110100
10110001101110110
10110001101111000
10110001101111010
10110001101111100
10110001101111110
10110001110010000
10110001110010010
10110001110010100
10110001110010110
10110001110011000
10110001110011010
10110001110011100
10110001110011110
10110001110110000
10110001110110010
10110001110110100
10110001110110110
10110001110111000
10110001110111010
10110001110111100
10110001110111110
10110001111010000
10110001111010010
10110001111010100
10110001111010110
10110001111011000
10110001111011010
10110001111011100
10110001111011110
10110001111110000
10110001111110010
10110001111110100
10110001111110110
10110001111111000
10110001111111010
10110001111111100
10110001111111110
10110010000110100
10110010000110110
10110010000111001
10110010000111011
10110010001110100
10110010001110110
10110010001111001
10110010001111011
10110010011110100
10110010011110110
10110010011111001
10110010011111011
10110010100110100
10110010100110110
10110010100111001
10110010100111011
10110010101110100
10110010101110110
10110010101111001
10110010101111011
10110010110110100
10110010110110110
10110010110111001
10110010110111011
10110010111110100
10110010111110110
10110010111111001
10110010111111011
10110011000110100
10110011000110110
10110011001110100
10110011001110110
10110011011110100
10110011011110110
10110011100110100
10110011100110110
10110011101110100
10110011101110110
10110011110110100
10110011110110110
10110011111110100
10110011111110110
10110100000010000
10110100000010001
10110100000010010
10110100000010011
10110100000010100
10110100000010101
10110100000010110
10110100000010111
10110100000011000
10110100000011001
10110100000011010
10110100000011011
10110100000011100
10110100000011101
10110100000011110
10110100000011111
10110100000110000
10110100000110010
10110100000110100
10110100000110101
10110100000110110
10110100000110111
10110100000111100
10110100000111101
10110100000111110
10110100000111111
10110100001010000
10110100001010001
10110100001010010
10110100001010011
10110100001010100
10110100001010101
10110100001010110
10110100001010111
10110100001011000
10110100001011001
10110100001011010
10110100001011011
10110100001011100
10110100001011101
10110100001011110
10110100001011111
10110100001110000
10110100001110010
10110100001110100
10110100001110101
10110100001110110
10110100001110111
10110100001111100
10110100001111101
10110100001111110
10110100001111111
10110100011010000
10110100011010001
10110100011010010
10110100011010011
10110100011010100
10110100011010101
10110100011010110
10110100011010111
10110100011011000
10110100011011001
10110100011011010
10110100011011011
10110100011011100
10110100011011101
10110100011011110
10110100011011111
10110100011110000
10110100011110010
10110100011110100
10110100011110101
10110100011110110
10110100011110111
10110100011111100
10110100011111101
10110100011111110
10110100011111111
10110100100010000
10110100100010001
10110100100010010
10110100100010011
10110100100010100
10110100100010101
10110100100010110
10110100100010111
10110100100011000
10110100100011001
10110100100011010
10110100100011011
10110100100011100
10110100100011101
10110100100011110
10110100100011111
10110100100110000
10110100100110010
10110100100110100
10110100100110101
10110100100110110
10110100100110111
10110100100111100
10110100100111101
10110100100111110
10110100100111111
10110100101010000
10110100101010001
10110100101010010
10110100101010011
10110100101010100
10110100101010101
10110100101010110
10110100101010111
10110100101011000
10110100101011001
10110100101011010
10110100101011011
10110100101011100
10110100101011101
10110100101011110
10110100101011111
10110100101110000
10110100101110010
10110100101110100
10110100101110101
10110100101110110
10110100101110111
10110100101111100
10110100101111101
10110100101111110
10110100101111111
10110100110010000
10110100110010001
10110100110010010
10110100110010011
10110100110010100
10110100110010101
10110100110010110
10110100110010111
10110100110011000
10110100110011001
10110100110011010
10110100110011011
10110100110011100
10110100110011101
10110100110011110
10110100110011111
10110100110110000
10110100110110010
10110100110110100
10110100110110101
10110100110110110
10110100110110111
10110100110111100
10110100110111101
10110100110111110
10110100110111111
10110100111010000
10110100111010001
10110100111010010
10110100111010011
10110100111010100
10110100111010101
10110100111010110
10110100111010111
10110100111011000
10110100111011001
10110100111011010
10110100111011011
10110100111011100
10110100111011101
10110100111011110
10110100111011111
10110100111110000
10110100111110010
10110100111110100
10110100111110101
10110100111110110
10110100111110111
10110100111111100
10110100111111101
10110100111111110
10110100111111111
10110101000010000
10110101000010010
10110101000010100
10110101000010110
10110101000011000
10110101000011010
10110101000011100
10110101000011110
10110101000110000
10110101000110010
10110101000110100
10110101000110110
10110101000111100
10110101000111110
10110101001010000
10110101001010010
10110101001010100
10110101001010110
10110101001011000
10110101001011010
10110101001011100
10110101001011110
10110101001110000
10110101001110010
10110101001110100
10110101001110110
10110101001111100
10110101001111110
10110101011010000
10110101011010010
10110101011010100
10110101011010110
10110101011011000
10110101011011010
10110101011011100
10110101011011110
10110101011110000
10110101011110010
10110101011110100
10110101011110110
10110101011111100
10110101011111110
10110101100010000
10110101100010010
10110101100010100
10110101100010110
10110101100011000
10110101100011010
10110101100011100
10110101100011110
10110101100110000
10110101100110010
10110101100110100
10110101100110110
10110101100111100
10110101100111110
10110101101010000
10110101101010010
10110101101010100
10110101101010110
10110101101011000
10110101101011010
10110101101011100
10110101101011110
10110101101110000
10110101101110010
10110101101110100
10110101101110110
10110101101111100
10110101101111110
10110101110010000
10110101110010010
10110101110010100
10110101110010110
10110101110011000
10110101110011010
10110101110011100
10110101110011110
10110101110110000
10110101110110010
10110101110110100
10110101110110110
10110101110111100
10110101110111110
10110101111010000
10110101111010010
10110101111010100
10110101111010110
10110101111011000
10110101111011010
10110101111011100
10110101111011110
10110101111110000
10110101111110010
10110101111110100
10110101111110110
10110101111111100
10110101111111110
10110110000110100
10110110000110110
10110110001110100
10110110001110110
10110110011110100
10110110011110110
10110110100110100
10110110100110110
10110110101110100
10110110101110110
10110110110110100
10110110110110110
10110110111110100
10110110111110110
10110111000110100
10110111000110110
10110111001110100
10110111001110110
10110111011110100
10110111011110110
10110111100110100
10110111100110110
10110111101110100
10110111101110110
10110111110110100
10110111110110110
10110111111110100
10110111111110110
10111000000011001
10111000000011011
10111000000011100
10111000000011110
10111000000111001
10111000000111011
10111000000111100
10111000000111110
10111000001011001
10111000001011011
10111000001011100
10111000001011110
10111000001111001
10111000001111011
10111000001111100
10111000001111110
10111000011011001
10111000011011011
10111000011011100
10111000011011110
10111000011111001
10111000011111011
10111000011111100
10111000011111110
10111000100011001
10111000100011011
10111000100011100
10111000100011110
10111000100111001
10111000100111011
10111000100111100
10111000100111110
10111000101011001
10111000101011011
10111000101011100
10111000101011110
10111000101111001
10111000101111011
10111000101111100
10111000101111110
10111000110011001
10111000110011011
10111000110011100
10111000110011110
10111000110111001
10111000110111011
10111000110111100
10111000110111110
10111000111011001
10111000111011011
10111000111011100
10111000111011110
10111000111111001
10111000111111011
10111000111111100
10111000111111110
10111001000011100
10111001000011110
10111001000111100
10111001000111110
10111001001011100
10111001001011110
10111001001111100
10111001001111110
10111001011011100
10111001011011110
10111001011111100
10111001011111110
10111001100011100
10111001100011110
10111001100111100
10111001100111110
10111001101011100
10111001101011110
10111001101111100
10111001101111110
10111001110011100
10111001110011110
10111001110111100
10111001110111110
10111001111011100
10111001111011110
10111001111111100
10111001111111110
10111010000111001
10111010000111011
10111010001111001
10111010001111011
10111010011111001
10111010011111011
10111010100111001
10111010100111011
10111010101111001
10111010101111011
10111010110111001
10111010110111011
10111010111111001
10111010111111011
10111100000011001
10111100000011011
10111100000011100
10111100000011110
10111100000111100
10111100000111110
10111100001011001
10111100001011011
10111100001011100
10111100001011110
10111100001111100
10111100001111110
10111100011011001
10111100011011011
10111100011011100
10111100011011110
10111100011111100
10111100011111110
10111100100011001
10111100100011011
10111100100011100
10111100100011110
10111100100111100
10111100100111110
10111100101011001
10111100101011011
10111100101011100
10111100101011110
10111100101111100
10111100101111110
10111100110011001
10111100110011011
10111100110011100
10111100110011110
10111100110111100
10111100110111110
10111100111011001
10111100111011011
10111100111011100
10111100111011110
10111100111111100
10111100111111110
10111101000011100
10111101000011110
10111101000111100
10111101000111110
10111101001011100
10111101001011110
10111101001111100
10111101001111110
10111101011011100
10111101011011110
10111101011111100
10111101011111110
10111101100011100
10111101100011110
10111101100111100
10111101100111110
10111101101011100
10111101101011110
10111101101111100
10111101101111110
10111101110011100
10111101110011110
10111101110111100
10111101110111110
10111101111011100
10111101111011110
10111101111111100
10111101111111110
11000000001010000
11000000001010001
11000000001010010
11000000001010011
11000000001010100
11000000001010101
11000000001010110
11000000001010111
11000000001011000
11000000001011001
11000000001011010
11000000001011011
11000000001011100
11000000001011101
11000000001011110
11000000001011111
11000000001110000
11000000001110001
11000000001110010
11000000001110011
11000000001110100
11000000001110101
11000000001110110
11000000001110111
11000000001111000
11000000001111001
11000000001111010
11000000001111011
11000000001111100
11000000001111101
11000000001111110
11000000001111111
11000000011010000
11000000011010001
11000000011010010
11000000011010011
11000000011010100
11000000011010101
11000000011010110
11000000011010111
11000000011011000
11000000011011001
11000000011011010
11000000011011011
11000000011011100
11000000011011101
11000000011011110
11000000011011111
11000000011110000
11000000011110001
11000000011110010
11000000011110011
11000000011110100
11000000011110101
11000000011110110
11000000011110111
11000000011111000
11000000011111001
11000000011111010
11000000011111011
11000000011111100
11000000011111101
11000000011111110
11000000011111111
11000000101010000
11000000101010001
11000000101010010
11000000101010011
11000000101010100
11000000101010101
11000000101010110
11000000101010111
11000000101011000
11000000101011001
11000000101011010
11000000101011011
11000000101011100
11000000101011101
11000000101011110
11000000101011111
11000000101110000
11000000101110001
11000000101110010
11000000101110011
11000000101110100
11000000101110101
11000000101110110
11000000101110111
11000000101111000
11000000101111001
11000000101111010
11000000101111011
11000000101111100
11000000101111101
11000000101111110
11000000101111111
11000000111010000
11000000111010001
11000000111010010
11000000111010011
11000000111010100
11000000111010101
11000000111010110
11000000111010111
11000000111011000
11000000111011001
11000000111011010
11000000111011011
11000000111011100
11000000111011101
11000000111011110
11000000111011111
11000000111110000
11000000111110001
11000000111110010
11000000111110011
11000000111110100
11000000111110101
11000000111110110
11000000111110111
11000000111111000
11000000111111001
11000000111111010
11000000111111011
11000000111111100
11000000111111101
11000000111111110
11000000111111111
11000001001010000
11000001001010010
11000001001010100
11000001001010110
11000001001011000
11000001001011010
11000001001011100
11000001001011110
11000001001110000
11000001001110010
11000001001110100
11000001001110110
11000001001111000
11000001001111010
11000001001111100
11000001001111110
11000001011010000
11000001011010010
11000001011010100
11000001011010110
11000001011011000
11000001011011010
11000001011011100
11000001011011110
11000001011110000
11000001011110010
11000001011110100
11000001011110110
11000001011111000
11000001011111010
11000001011111100
11000001011111110
11000001101010000
11000001101010010
11000001101010100
11000001101010110
11000001101011000
11000001101011010
11000001101011100
11000001101011110
11000001101110000
11000001101110010
11000001101110100
11000001101110110
11000001101111000
11000001101111010
11000001101111100
11000001101111110
11000001111010000
11000001111010010
11000001111010100
11000001111010110
11000001111011000
11000001111011010
11000001111011100
11000001111011110
11000001111110000
11000001111110010
11000001111110100
11000001111110110
11000001111111000
11000001111111010
11000001111111100
11000001111111110
11000010001110100
11000010001110110
11000010001111001
11000010001111011
11000010011110100
11000010011110110
11000010011111001
11000010011111011
11000010101110100
11000010101110110
11000010101111001
11000010101111011
11000010111110100
11000010111110110
11000010111111001
11000010111111011
11000011001110100
11000011001110110
11000011011110100
11000011011110110
11000011101110100
11000011101110110
11000011111110100
11000011111110110
11000100001010000
11000100001010001
11000100001010010
11000100001010011
11000100001010100
11000100001010101
11000100001010110
11000100001010111
11000100001011000
11000100001011001
11000100001011010
11000100001011011
11000100001011100
11000100001011101
11000100001011110
11000100001011111
11000100001110000
11000100001110001
11000100001110010
11000100001110011
11000100001110100
11000100001110101
11000100001110110
11000100001110111
11000100001111100
11000100001111101
11000100001111110
11000100001111111
11000100011010000
11000100011010001
11000100011010010
11000100011010011
11000100011010100
11000100011010101
11000100011010110
11000100011010111
11000100011011000
11000100011011001
11000100011011010
11000100011011011
11000100011011100
11000100011011101
11000100011011110
11000100011011111
11000100011110000
11000100011110001
11000100011110010
11000100011110011
11000100011110100
11000100011110101
11000100011110110
11000100011110111
11000100011111100
11000100011111101
11000100011111110
11000100011111111
11000100101010000
11000100101010001
11000100101010010
11000100101010011
11000100101010100
11000100101010101
11000100101010110
11000100101010111
11000100101011000
11000100101011001
11000100101011010
11000100101011011
11000100101011100
11000100101011101
11000100101011110
11000100101011111
11000100101110000
11000100101110001
11000100101110010
11000100101110011
11000100101110100
11000100101110101
11000100101110110
11000100101110111
11000100101111100
11000100101111101
11000100101111110
11000100101111111
11000100111010000
11000100111010001
11000100111010010
11000100111010011
11000100111010100
11000100111010101
11000100111010110
11000100111010111
11000100111011000
11000100111011001
11000100111011010
11000100111011011
11000100111011100
11000100111011101
11000100111011110
11000100111011111
11000100111110000
11000100111110001
11000100111110010
11000100111110011
11000100111110100
11000100111110101
11000100111110110
11000100111110111
11000100111111100
11000100111111101
11000100111111110
11000100111111111
11000101001010000
11000101001010010
11000101001010100
11000101001010110
11000101001011000
11000101001011010
11000101001011100
11000101001011110
11000101001110000
11000101001110010
11000101001110100
11000101001110110
11000101001111100
11000101001111110
11000101011010000
11000101011010010
11000101011010100
11000101011010110
11000101011011000
11000101011011010
11000101011011100
11000101011011110
11000101011110000
11000101011110010
11000101011110100
11000101011110110
11000101011111100
11000101011111110
11000101101010000
11000101101010010
11000101101010100
11000101101010110
11000101101011000
11000101101011010
11000101101011100
11000101101011110
11000101101110000
11000101101110010
11000101101110100
11000101101110110
11000101101111100
11000101101111110
11000101111010000
11000101111010010
11000101111010100
11000101111010110
11000101111011000
11000101111011010
11000101111011100
11000101111011110
11000101111110000
11000101111110010
11000101111110100
11000101111110110
11000101111111100
11000101111111110
11000110001110100
11000110001110110
11000110011110100
11000110011110110
11000110101110100
11000110101110110
11000110111110100
11000110111110110
11000111001110100
11000111001110110
11000111011110100
11000111011110110
11000111101110100
11000111101110110
11000111111110100
11000111111110110
11001000001011001
11001000001011011
11001000001011100
11001000001011110
11001000001111001
11001000001111011
11001000001111100
11001000001111110
11001000011011001
11001000011011011
11001000011011100
11001000011011110
11001000011111001
11001000011111011
11001000011111100
11001000011111110
11001000101011001
11001000101011011
11001000101011100
11001000101011110
11001000101111001
11001000101111011
11001000101111100
11001000101111110
11001000111011001
11001000111011011
11001000111011100
11001000111011110
11001000111111001
11001000111111011
11001000111111100
11001000111111110
11001001001011100
11001001001011110
11001001001111100
11001001001111110
11001001011011100
11001001011011110
11001001011111100
11001001011111110
11001001101011100
11001001101011110
11001001101111100
11001001101111110
11001001111011100
11001001111011110
11001001111111100
11001001111111110
11001010001111001
11001010001111011
11001010011111001
11001010011111011
11001010101111001
11001010101111011
11001010111111001
11001010111111011
11001100001011001
11001100001011011
11001100001011100
11001100001011110
11001100001111100
11001100001111110
11001100011011001
11001100011011011
11001100011011100
11001100011011110
11001100011111100
11001100011111110
11001100101011001
11001100101011011
11001100101011100
11001100101011110
11001100101111100
11001100101111110
11001100111011001
11001100111011011
11001100111011100
11001100111011110
11001100111111100
11001100111111110
11001101001011100
11001101001011110
11001101001111100
11001101001111110
11001101011011100
11001101011011110
11001101011111100
11001101011111110
11001101101011100
11001101101011110
11001101101111100
11001101101111110
11001101111011100
11001101111011110
11001101111111100
11001101111111110
11010000001010000
11010000001010001
11010000001010010
11010000001010011
11010000001010100
11010000001010101
11010000001010110
11010000001010111
11010000001011000
11010000001011001
11010000001011010
11010000001011011
11010000001011100
11010000001011101
11010000001011110
11010000001011111
11010000001110000
11010000001110001
11010000001110010
11010000001110011
11010000001110100
11010000001110101
11010000001110110
11010000001110111
11010000001111000
11010000001111001
11010000001111010
11010000001111011
11010000001111100
11010000001111101
11010000001111110
11010000001111111
11010000011010000
11010000011010001
11010000011010010
11010000011010011
11010000011010100
11010000011010101
11010000011010110
11010000011010111
11010000011011000
11010000011011001
11010000011011010
11010000011011011
11010000011011100
11010000011011101
11010000011011110
11010000011011111
11010000011110000
11010000011110001
11010000011110010
11010000011110011
11010000011110100
11010000011110101
11010000011110110
11010000011110111
11010000011111000
11010000011111001
11010000011111010
11010000011111011
11010000011111100
11010000011111101
11010000011111110
11010000011111111
11010000101010000
11010000101010001
11010000101010010
11010000101010011
11010000101010100
11010000101010101
11010000101010110
11010000101010111
11010000101011000
11010000101011001
11010000101011010
11010000101011011
11010000101011100
11010000101011101
11010000101011110
11010000101011111
11010000101110000
11010000101110001
11010000101110010
11010000101110011
11010000101110100
11010000101110101
11010000101110110
11010000101110111
11010000101111000
11010000101111001
11010000101111010
11010000101111011
11010000101111100
11010000101111101
11010000101111110
11010000101111111
11010000111010000
11010000111010001
11010000111010010
11010000111010011
11010000111010100
11010000111010101
11010000111010110
11010000111010111
11010000111011000
11010000111011001
11010000111011010
11010000111011011
11010000111011100
11010000111011101
11010000111011110
11010000111011111
11010000111110000
11010000111110001
11010000111110010
11010000111110011
11010000111110100
11010000111110101
11010000111110110
11010000111110111
11010000111111000
11010000111111001
11010000111111010
11010000111111011
11010000111111100
11010000111111101
11010000111111110
11010000111111111
11010001001010000
11010001001010010
11010001001010100
11010001001010110
11010001001011000
11010001001011010
11010001001011100
11010001001011110
11010001001110000
11010001001110010
11010001001110100
11010001001110110
11010001001111000
11010001001111010
11010001001111100
11010001001111110
11010001011010000
11010001011010010
11010001011010100
11010001011010110
11010001011011000
11010001011011010
11010001011011100
11010001011011110
11010001011110000
11010001011110010
11010001011110100
11010001011110110
11010001011111000
11010001011111010
11010001011111100
11010001011111110
11010001101010000
11010001101010010
11010001101010100
11010001101010110
11010001101011000
11010001101011010
11010001101011100
11010001101011110
11010001101110000
11010001101110010
11010001101110100
11010001101110110
11010001101111000
11010001101111010
11010001101111100
11010001101111110
11010001111010000
11010001111010010
11010001111010100
11010001111010110
11010001111011000
11010001111011010
11010001111011100
11010001111011110
11010001111110000
11010001111110010
11010001111110100
11010001111110110
11010001111111000
11010001111111010
11010001111111100
11010001111111110
11010010001110100
11010010001110110
11010010001111001
11010010001111011
11010010011110100
11010010011110110
11010010011111001
11010010011111011
11010010101110100
11010010101110110
11010010101111001
11010010101111011
11010010111110100
11010010111110110
11010010111111001
11010010111111011
11010011001110100
11010011001110110
11010011011110100
11010011011110110
11010011101110100
11010011101110110
11010011111110100
11010011111110110
11010100001010000
11010100001010001
11010100001010010
11010100001010011
11010100001010100
11010100001010101
11010100001010110
11010100001010111
11010100001011000
11010100001011001
11010100001011010
11010100001011011
11010100001011100
11010100001011101
11010100001011110
11010100001011111
11010100001110000
11010100001110001
11010100001110010
11010100001110011
11010100001110100
11010100001110101
11010100001110110
11010100001110111
11010100001111100
11010100001111101
11010100001111110
11010100001111111
11010100011010000
11010100011010001
11010100011010010
11010100011010011
11010100011010100
11010100011010101
11010100011010110
11010100011010111
11010100011011000
11010100011011001
11010100011011010
11010100011011011
11010100011011100
11010100011011101
11010100011011110
11010100011011111
11010100011110000
11010100011110001
11010100011110010
11010100011110011
11010100011110100
11010100011110101
11010100011110110
11010100011110111
11010100011111100
11010100011111101
11010100011111110
11010100011111111
11010100101010000
11010100101010001
11010100101010010
11010100101010011
11010100101010100
11010100101010101
11010100101010110
11010100101010111
11010100101011000
11010100101011001
11010100101011010
11010100101011011
11010100101011100
11010100101011101
11010100101011110
11010100101011111
11010100101110000
11010100101110001
11010100101110010
11010100101110011
11010100101110100
11010100101110101
11010100101110110
11010100101110111
11010100101111100
11010100101111101
11010100101111110
11010100101111111
11010100111010000
11010100111010001
11010100111010010
11010100111010011
11010100111010100
11010100111010101
11010100111010110
11010100111010111
11010100111011000
11010100111011001
11010100111011010
11010100111011011
11010100111011100
11010100111011101
11010100111011110
11010100111011111
11010100111110000
11010100111110001
11010100111110010
11010100111110011
11010100111110100
11010100111110101
11010100111110110
11010100111110111
11010100111111100
11010100111111101
11010100111111110
11010100111111111
11010101001010000
11010101001010010
11010101001010100
11010101001010110
11010101001011000
11010101001011010
11010101001011100
11010101001011110
11010101001110000
11010101001110010
11010101001110100
11010101001110110
11010101001111100
11010101001111110
11010101011010000
11010101011010010
11010101011010100
11010101011010110
11010101011011000
11010101011011010
11010101011011100
11010101011011110
11010101011110000
11010101011110010
11010101011110100
11010101011110110
11010101011111100
11010101011111110
11010101101010000
11010101101010010
11010101101010100
11010101101010110
11010101101011000
11010101101011010
11010101101011100
11010101101011110
11010101101110000
11010101101110010
11010101101110100
11010101101110110
11010101101111100
11010101101111110
11010101111010000
11010101111010010
11010101111010100
11010101111010110
11010101111011000
11010101111011010
11010101111011100
11010101111011110
11010101111110000
11010101111110010
11010101111110100
11010101111110110
11010101111111100
11010101111111110
11010110001110100
11010110001110110
11010110011110100
11010110011110110
11010110101110100
11010110101110110
11010110111110100
11010110111110110
11010111001110100
11010111001110110
11010111011110100
11010111011110110
11010111101110100
11010111101110110
11010111111110100
11010111111110110
11011000001011001
11011000001011011
11011000001011100
11011000001011110
11011000001111001
11011000001111011
11011000001111100
11011000001111110
11011000011011001
11011000011011011
11011000011011100
11011000011011110
11011000011111001
11011000011111011
11011000011111100
11011000011111110
11011000101011001
11011000101011011
11011000101011100
11011000101011110
11011000101111001
11011000101111011
11011000101111100
11011000101111110
11011000111011001
11011000111011011
11011000111011100
11011000111011110
11011000111111001
11011000111111011
11011000111111100
11011000111111110
11011001001011100
11011001001011110
11011001001111100
11011001001111110
11011001011011100
11011001011011110
11011001011111100
11011001011111110
11011001101011100
11011001101011110
11011001101111100
11011001101111110
11011001111011100
11011001111011110
11011001111111100
11011001111111110
11011010001111001
11011010001111011
11011010011111001
11011010011111011
11011010101111001
11011010101111011
11011010111111001
11011010111111011
11011100001011001
11011100001011011
11011100001011100
11011100001011110
11011100001111100
11011100001111110
11011100011011001
11011100011011011
11011100011011100
11011100011011110
11011100011111100
11011100011111110
11011100101011001
11011100101011011
11011100101011100
11011100101011110
11011100101111100
11011100101111110
11011100111011001
11011100111011011
11011100111011100
11011100111011110
11011100111111100
11011100111111110
11011101001011100
11011101001011110
11011101001111100
11011101001111110
11011101011011100
11011101011011110
11011101011111100
11011101011111110
11011101101011100
11011101101011110
11011101101111100
11011101101111110
11011101111011100
11011101111011110
11011101111111100
11011101111111110
11100000000010000
11100000000010001
11100000000010010
11100000000010011
11100000000010100
11100000000010101
11100000000010110
11100000000010111
11100000000011000
11100000000011001
11100000000011010
11100000000011011
11100000000011100
11100000000011101
11100000000011110
11100000000011111
11100000000110000
11100000000110001
11100000000110010
11100000000110011
11100000000110100
11100000000110101
11100000000110110
11100000000110111
11100000000111000
11100000000111001
11100000000111010
11100000000111011
11100000000111100
11100000000111101
11100000000111110
11100000000111111
11100000001010000
11100000001010001
11100000001010010
11100000001010011
11100000001010100
11100000001010101
11100000001010110
11100000001010111
11100000001011000
11100000001011001
11100000001011010
11100000001011011
11100000001011100
11100000001011101
11100000001011110
11100000001011111
11100000001110000
11100000001110001
11100000001110010
11100000001110011
11100000001110100
11100000001110101
11100000001110110
11100000001110111
11100000001111000
11100000001111001
11100000001111010
11100000001111011
11100000001111100
11100000001111101
11100000001111110
11100000001111111
11100000011010000
11100000011010001
11100000011010010
11100000011010011
11100000011010100
11100000011010101
11100000011010110
11100000011010111
11100000011011000
11100000011011001
11100000011011010
11100000011011011
11100000011011100
11100000011011101
11100000011011110
11100000011011111
11100000011110000
11100000011110001
11100000011110010
11100000011110011
11100000011110100
11100000011110101
11100000011110110
11100000011110111
11100000011111000
11100000011111001
11100000011111010
11100000011111011
11100000011111100
11100000011111101
11100000011111110
11100000011111111
11100000100010000
11100000100010001
11100000100010010
11100000100010011
11100000100010100
11100000100010101
11100000100010110
11100000100010111
11100000100011000
11100000100011001
11100000100011010
11100000100011011
11100000100011100
11100000100011101
11100000100011110
11100000100011111
11100000100110000
11100000100110001
11100000100110010
11100000100110011
11100000100110100
11100000100110101
11100000100110110
11100000100110111
11100000100111000
11100000100111001
11100000100111010
11100000100111011
11100000100111100
11100000100111101
11100000100111110
11100000100111111
11100000101010000
11100000101010001
11100000101010010
11100000101010011
11100000101010100
11100000101010101
11100000101010110
11100000101010111
11100000101011000
11100000101011001
11100000101011010
11100000101011011
11100000101011100
11100000101011101
11100000101011110
11100000101011111
11100000101110000
11100000101110001
11100000101110010
11100000101110011
11100000101110100
11100000101110101
11100000101110110
11100000101110111
11100000101111000
11100000101111001
11100000101111010
11100000101111011
11100000101111100
11100000101111101
11100000101111110
11100000101111111
11100000110010000
11100000110010001
11100000110010010
11100000110010011
11100000110010100
11100000110010101
11100000110010110
11100000110010111
11100000110011000
11100000110011001
11100000110011010
11100000110011011
11100000110011100
11100000110011101
11100000110011110
11100000110011111
11100000110110000
11100000110110001
11100000110110010
11100000110110011
11100000110110100
11100000110110101
11100000110110110
11100000110110111
11100000110111000
11100000110111001
11100000110111010
11100000110111011
11100000110111100
11100000110111101
11100000110111110
11100000110111111
11100000111010000
11100000111010001
11100000111010010
11100000111010011
11100000111010100
11100000111010101
11100000111010110
11100000111010111
11100000111011000
11100000111011001
11100000111011010
11100000111011011
11100000111011100
11100000111011101
11100000111011110
11100000111011111
11100000111110000
11100000111110001
11100000111110010
11100000111110011
11100000111110100
11100000111110101
11100000111110110
11100000111110111
11100000111111000
11100000111111001
11100000111111010
11100000111111011
11100000111111100
11100000111111101
11100000111111110
11100000111111111
11100001000010000
11100001000010010
11100001000010100
11100001000010110
11100001000011000
11100001000011010
11100001000011100
11100001000011110
11100001000110000
11100001000110010
11100001000110100
11100001000110110
11100001000111000
11100001000111010
11100001000111100
11100001000111110
11100001001010000
11100001001010010
11100001001010100
11100001001010110
11100001001011000
11100001001011010
11100001001011100
11100001001011110
11100001001110000
11100001001110010
11100001001110100
11100001001110110
11100001001111000
11100001001111010
11100001001111100
11100001001111110
11100001011010000
11100001011010010
11100001011010100
11100001011010110
11100001011011000
11100001011011010
11100001011011100
11100001011011110
11100001011110000
11100001011110010
11100001011110100
11100001011110110
11100001011111000
11100001011111010
11100001011111100
11100001011111110
11100001100010000
11100001100010010
11100001100010100
11100001100010110
11100001100011000
11100001100011010
11100001100011100
11100001100011110
11100001100110000
11100001100110010
11100001100110100
11100001100110110
11100001100111000
11100001100111010
11100001100111100
11100001100111110
11100001101010000
11100001101010010
11100001101010100
11100001101010110
11100001101011000
11100001101011010
11100001101011100
11100001101011110
11100001101110000
11100001101110010
11100001101110100
11100001101110110
11100001101111000
11100001101111010
11100001101111100
11100001101111110
11100001110010000
11100001110010010
11100001110010100
11100001110010110
11100001110011000
11100001110011010
11100001110011100
11100001110011110
11100001110110000
11100001110110010
11100001110110100
11100001110110110
11100001110111000
11100001110111010
11100001110111100
11100001110111110
11100001111010000
11100001111010010
11100001111010100
11100001111010110
11100001111011000
11100001111011010
11100001111011100
11100001111011110
11100001111110000
11100001111110010
11100001111110100
11100001111110110
11100001111111000
11100001111111010
11100001111111100
11100001111111110
11100010000110100
11100010000110110
11100010000111001
11100010000111011
11100010001110100
11100010001110110
11100010001111001
11100010001111011
11100010011110100
11100010011110110
11100010011111001
11100010011111011
11100010100110100
11100010100110110
11100010100111001
11100010100111011
11100010101110100
11100010101110110
11100010101111001
11100010101111011
11100010110110100
11100010110110110
11100010110111001
11100010110111011
11100010111110100
11100010111110110
11100010111111001
11100010111111011
11100011000110100
11100011000110110
11100011001110100
11100011001110110
11100011011110100
11100011011110110
11100011100110100
11100011100110110
11100011101110100
11100011101110110
11100011110110100
11100011110110110
11100011111110100
11100011111110110
11100100000010000
11100100000010001
11100100000010010
11100100000010011
11100100000010100
11100100000010101
11100100000010110
11100100000010111
11100100000011000
11100100000011001
11100100000011010
11100100000011011
11100100000011100
11100100000011101
11100100000011110
11100100000011111
11100100000110000
11100100000110001
11100100000110010
11100100000110011
11100100000110100
11100100000110101
11100100000110110
11100100000110111
11100100000111100
11100100000111101
11100100000111110
11100100000111111
11100100001010000
11100100001010001
11100100001010010
11100100001010011
11100100001010100
11100100001010101
11100100001010110
11100100001010111
11100100001011000
11100100001011001
11100100001011010
11100100001011011
11100100001011100
11100100001011101
11100100001011110
11100100001011111
11100100001110000
11100100001110001
11100100001110010
11100100001110011
11100100001110100
11100100001110101
11100100001110110
11100100001110111
11100100001111100
11100100001111101
11100100001111110
11100100001111111
11100100011010000
11100100011010001
11100100011010010
11100100011010011
11100100011010100
11100100011010101
11100100011010110
11100100011010111
11100100011011000
11100100011011001
11100100011011010
11100100011011011
11100100011011100
11100100011011101
11100100011011110
11100100011011111
11100100011110000
11100100011110001
11100100011110010
11100100011110011
11100100011110100
11100100011110101
11100100011110110
11100100011110111
11100100011111100
11100100011111101
11100100011111110
11100100011111111
11100100100010000
11100100100010001
11100100100010010
11100100100010011
11100100100010100
11100100100010101
11100100100010110
11100100100010111
11100100100011000
11100100100011001
11100100100011010
11100100100011011
11100100100011100
11100100100011101
11100100100011110
11100100100011111
11100100100110000
11100100100110001
11100100100110010
11100100100110011
11100100100110100
11100100100110101
11100100100110110
11100100100110111
11100100100111100
11100100100111101
11100100100111110
11100100100111111
11100100101010000
11100100101010001
11100100101010010
11100100101010011
11100100101010100
11100100101010101
11100100101010110
11100100101010111
11100100101011000
11100100101011001
11100100101011010
11100100101011011
11100100101011100
11100100101011101
11100100101011110
11100100101011111
11100100101110000
11100100101110001
11100100101110010
11100100101110011
11100100101110100
11100100101110101
11100100101110110
11100100101110111
11100100101111100
11100100101111101
11100100101111110
11100100101111111
11100100110010000
11100100110010001
11100100110010010
11100100110010011
11100100110010100
11100100110010101
11100100110010110
11100100110010111
11100100110011000
11100100110011001
11100100110011010
11100100110011011
11100100110011100
11100100110011101
11100100110011110
11100100110011111
11100100110110000
11100100110110001
11100100110110010
11100100110110011
11100100110110100
11100100110110101
11100100110110110
11100100110110111
11100100110111100
11100100110111101
11100100110111110
11100100110111111
11100100111010000
11100100111010001
11100100111010010
11100100111010011
11100100111010100
11100100111010101
11100100111010110
11100100111010111
11100100111011000
11100100111011001
11100100111011010
11100100111011011
11100100111011100
11100100111011101
11100100111011110
11100100111011111
11100100111110000
11100100111110001
11100100111110010
11100100111110011
11100100111110100
11100100111110101
11100100111110110
11100100111110111
11100100111111100
11100100111111101
11100100111111110
11100100111111111
11100101000010000
11100101000010010
11100101000010100
11100101000010110
11100101000011000
11100101000011010
11100101000011100
11100101000011110
11100101000110000
11100101000110010
11100101000110100
11100101000110110
11100101000111100
11100101000111110
11100101001010000
11100101001010010
11100101001010100
11100101001010110
11100101001011000
11100101001011010
11100101001011100
11100101001011110
11100101001110000
11100101001110010
11100101001110100
11100101001110110
11100101001111100
11100101001111110
11100101011010000
11100101011010010
11100101011010100
11100101011010110
11100101011011000
11100101011011010
11100101011011100
11100101011011110
11100101011110000
11100101011110010
11100101011110100
11100101011110110
11100101011111100
11100101011111110
11100101100010000
11100101100010010
11100101100010100
11100101100010110
11100101100011000
11100101100011010
11100101100011100
11100101100011110
11100101100110000
11100101100110010
11100101100110100
11100101100110110
11100101100111100
11100101100111110
11100101101010000
11100101101010010
11100101101010100
11100101101010110
11100101101011000
11100101101011010
11100101101011100
11100101101011110
11100101101110000
11100101101110010
11100101101110100
11100101101110110
11100101101111100
11100101101111110
11100101110010000
11100101110010010
11100101110010100
11100101110010110
11100101110011000
11100101110011010
11100101110011100
11100101110011110
11100101110110000
11100101110110010
11100101110110100
11100101110110110
11100101110111100
11100101110111110
11100101111010000
11100101111010010
11100101111010100
11100101111010110
11100101111011000
11100101111011010
11100101111011100
11100101111011110
11100101111110000
11100101111110010
11100101111110100
11100101111110110
11100101111111100
11100101111111110
11100110000110100
11100110000110110
11100110001110100
11100110001110110
11100110011110100
11100110011110110
11100110100110100
11100110100110110
11100110101110100
11100110101110110
11100110110110100
11100110110110110
11100110111110100
11100110111110110
11100111000110100
11100111000110110
11100111001110100
11100111001110110
11100111011110100
11100111011110110
11100111100110100
11100111100110110
11100111101110100
11100111101110110
11100111110110100
11100111110110110
11100111111110100
11100111111110110
11101000000011001
11101000000011011
11101000000011100
11101000000011110
11101000000111001
11101000000111011
11101000000111100
11101000000111110
11101000001011001
11101000001011011
11101000001011100
11101000001011110
11101000001111001
11101000001111011
11101000001111100
11101000001111110
11101000011011001
11101000011011011
11101000011011100
11101000011011110
11101000011111001
11101000011111011
11101000011111100
11101000011111110
11101000100011001
11101000100011011
11101000100011100
11101000100011110
11101000100111001
11101000100111011
11101000100111100
11101000100111110
11101000101011001
11101000101011011
11101000101011100
11101000101011110
11101000101111001
11101000101111011
11101000101111100
11101000101111110
11101000110011001
11101000110011011
11101000110011100
11101000110011110
11101000110111001
11101000110111011
11101000110111100
11101000110111110
11101000111011001
11101000111011011
11101000111011100
11101000111011110
11101000111111001
11101000111111011
11101000111111100
11101000111111110
11101001000011100
11101001000011110
11101001000111100
11101001000111110
11101001001011100
11101001001011110
11101001001111100
11101001001111110
11101001011011100
11101001011011110
11101001011111100
11101001011111110
11101001100011100
11101001100011110
11101001100111100
11101001100111110
11101001101011100
11101001101011110
11101001101111100
11101001101111110
11101001110011100
11101001110011110
11101001110111100
11101001110111110
11101001111011100
11101001111011110
11101001111111100
11101001111111110
11101010000111001
11101010000111011
11101010001111001
11101010001111011
11101010011111001
11101010011111011
11101010100111001
11101010100111011
11101010101111001
11101010101111011
11101010110111001
11101010110111011
11101010111111001
11101010111111011
11101100000011001
11101100000011011
11101100000011100
11101100000011110
11101100000111100
11101100000111110
11101100001011001
11101100001011011
11101100001011100
11101100001011110
11101100001111100
11101100001111110
11101100011011001
11101100011011011
11101100011011100
11101100011011110
11101100011111100
11101100011111110
11101100100011001
11101100100011011
11101100100011100
11101100100011110
11101100100111100
11101100100111110
11101100101011001
11101100101011011
11101100101011100
11101100101011110
11101100101111100
11101100101111110
11101100110011001
11101100110011011
11101100110011100
11101100110011110
11101100110111100
11101100110111110
11101100111011001
11101100111011011
11101100111011100
11101100111011110
11101100111111100
11101100111111110
11101101000011100
11101101000011110
11101101000111100
11101101000111110
11101101001011100
11101101001011110
11101101001111100
11101101001111110
11101101011011100
11101101011011110
11101101011111100
11101101011111110
11101101100011100
11101101100011110
11101101100111100
11101101100111110
11101101101011100
11101101101011110
11101101101111100
11101101101111110
11101101110011100
11101101110011110
11101101110111100
11101101110111110
11101101111011100
11101101111011110
11101101111111100
11101101111111110
11110000000010000
11110000000010001
11110000000010010
11110000000010011
11110000000010100
11110000000010101
11110000000010110
11110000000010111
11110000000011000
11110000000011001
11110000000011010
11110000000011011
11110000000011100
11110000000011101
11110000000011110
11110000000011111
11110000000110000
11110000000110001
11110000000110010
11110000000110011
11110000000110100
11110000000110101
11110000000110110
11110000000110111
11110000000111000
11110000000111001
11110000000111010
11110000000111011
11110000000111100
11110000000111101
11110000000111110
11110000000111111
11110000001010000
11110000001010001
11110000001010010
11110000001010011
11110000001010100
11110000001010101
11110000001010110
11110000001010111
11110000001011000
11110000001011001
11110000001011010
11110000001011011
11110000001011100
11110000001011101
11110000001011110
11110000001011111
11110000001110000
11110000001110001
11110000001110010
11110000001110011
11110000001110100
11110000001110101
11110000001110110
11110000001110111
11110000001111000
11110000001111001
11110000001111010
11110000001111011
11110000001111100
11110000001111101
11110000001111110
11110000001111111
11110000011010000
11110000011010001
11110000011010010
11110000011010011
11110000011010100
11110000011010101
11110000011010110
11110000011010111
11110000011011000
11110000011011001
11110000011011010
11110000011011011
11110000011011100
11110000011011101
11110000011011110
11110000011011111
11110000011110000
11110000011110001
11110000011110010
11110000011110011
11110000011110100
11110000011110101
11110000011110110
11110000011110111
11110000011111000
11110000011111001
11110000011111010
11110000011111011
11110000011111100
11110000011111101
11110000011111110
11110000011111111
11110000100010000
11110000100010001
11110000100010010
11110000100010011
11110000100010100
11110000100010101
11110000100010110
11110000100010111
11110000100011000
11110000100011001
11110000100011010
11110000100011011
11110000100011100
11110000100011101
11110000100011110
11110000100011111
11110000100110000
11110000100110001
11110000100110010
11110000100110011
11110000100110100
11110000100110101
11110000100110110
11110000100110111
11110000100111000
11110000100111001
11110000100111010
11110000100111011
11110000100111100
11110000100111101
11110000100111110
11110000100111111
11110000101010000
11110000101010001
11110000101010010
11110000101010011
11110000101010100
11110000101010101
11110000101010110
11110000101010111
11110000101011000
11110000101011001
11110000101011010
11110000101011011
11110000101011100
11110000101011101
11110000101011110
11110000101011111
11110000101110000
11110000101110001
11110000101110010
11110000101110011
11110000101110100
11110000101110101
11110000101110110
11110000101110111
11110000101111000
11110000101111001
11110000101111010
11110000101111011
11110000101111100
11110000101111101
11110000101111110
11110000101111111
11110000110010000
11110000110010001
11110000110010010
11110000110010011
11110000110010100
11110000110010101
11110000110010110
11110000110010111
11110000110011000
11110000110011001
11110000110011010
11110000110011011
11110000110011100
11110000110011101
11110000110011110
11110000110011111
11110000110110000
11110000110110001
11110000110110010
11110000110110011
11110000110110100
11110000110110101
11110000110110110
11110000110110111
11110000110111000
11110000110111001
11110000110111010
11110000110111011
11110000110111100
11110000110111101
11110000110111110
11110000110111111
11110000111010000
11110000111010001
11110000111010010
11110000111010011
11110000111010100
11110000111010101
11110000111010110
11110000111010111
11110000111011000
11110000111011001
11110000111011010
11110000111011011
11110000111011100
11110000111011101
11110000111011110
11110000111011111
11110000111110000
11110000111110001
11110000111110010
11110000111110011
11110000111110100
11110000111110101
11110000111110110
11110000111110111
11110000111111000
11110000111111001
11110000111111010
11110000111111011
11110000111111100
11110000111111101
11110000111111110
11110000111111111
11110001000010000
11110001000010010
11110001000010100
11110001000010110
11110001000011000
11110001000011010
11110001000011100
11110001000011110
11110001000110000
11110001000110010
11110001000110100
11110001000110110
11110001000111000
11110001000111010
11110001000111100
11110001000111110
11110001001010000
11110001001010010
11110001001010100
11110001001010110
11110001001011000
11110001001011010
11110001001011100
11110001001011110
11110001001110000
11110001001110010
11110001001110100
11110001001110110
11110001001111000
11110001001111010
11110001001111100
11110001001111110
11110001011010000
11110001011010010
11110001011010100
11110001011010110
11110001011011000
11110001011011010
11110001011011100
11110001011011110
11110001011110000
11110001011110010
11110001011110100
11110001011110110
11110001011111000
11110001011111010
11110001011111100
11110001011111110
11110001100010000
11110001100010010
11110001100010100
11110001100010110
11110001100011000
11110001100011010
11110001100011100
11110001100011110
11110001100110000
11110001100110010
11110001100110100
11110001100110110
11110001100111000
11110001100111010
11110001100111100
11110001100111110
11110001101010000
11110001101010010
11110001101010100
11110001101010110
11110001101011000
11110001101011010
11110001101011100
11110001101011110
11110001101110000
11110001101110010
11110001101110100
11110001101110110
11110001101111000
11110001101111010
11110001101111100
11110001101111110
11110001110010000
11110001110010010
11110001110010100
11110001110010110
11110001110011000
11110001110011010
11110001110011100
11110001110011110
11110001110110000
11110001110110010
11110001110110100
11110001110110110
11110001110111000
11110001110111010
11110001110111100
11110001110111110
11110001111010000
11110001111010010
11110001111010100
11110001111010110
11110001111011000
11110001111011010
11110001111011100
11110001111011110
11110001111110000
11110001111110010
11110001111110100
11110001111110110
11110001111111000
11110001111111010
11110001111111100
11110001111111110
11110010000110100
11110010000110110
11110010000111001
11110010000111011
11110010001110100
11110010001110110
11110010001111001
11110010001111011
11110010011110100
11110010011110110
11110010011111001
11110010011111011
11110010100110100
11110010100110110
11110010100111001
11110010100111011
11110010101110100
11110010101110110
11110010101111001
11110010101111011
11110010110110100
11110010110110110
11110010110111001
11110010110111011
11110010111110100
11110010111110110
11110010111111001
11110010111111011
11110011000110100
11110011000110110
11110011001110100
11110011001110110
11110011011110100
11110011011110110
11110011100110100
11110011100110110
11110011101110100
11110011101110110
11110011110110100
11110011110110110
11110011111110100
11110011111110110
11110100000010000
11110100000010001
11110100000010010
11110100000010011
11110100000010100
11110100000010101
11110100000010110
11110100000010111
11110100000011000
11110100000011001
11110100000011010
11110100000011011
11110100000011100
11110100000011101
11110100000011110
11110100000011111
11110100000110000
11110100000110001
11110100000110010
11110100000110011
11110100000110100
11110100000110101
11110100000110110
11110100000110111
11110100000111100
11110100000111101
11110100000111110
11110100000111111
11110100001010000
11110100001010001
11110100001010010
11110100001010011
11110100001010100
11110100001010101
11110100001010110
11110100001010111
11110100001011000
11110100001011001
11110100001011010
11110100001011011
11110100001011100
11110100001011101
11110100001011110
11110100001011111
11110100001110000
11110100001110001
11110100001110010
11110100001110011
11110100001110100
11110100001110101
11110100001110110
11110100001110111
11110100001111100
11110100001111101
11110100001111110
11110100001111111
11110100011010000
11110100011010001
11110100011010010
11110100011010011
11110100011010100
11110100011010101
11110100011010110
11110100011010111
11110100011011000
11110100011011001
11110100011011010
11110100011011011
11110100011011100
11110100011011101
11110100011011110
11110100011011111
11110100011110000
11110100011110001
11110100011110010
11110100011110011
11110100011110100
11110100011110101
11110100011110110
11110100011110111
11110100011111100
11110100011111101
11110100011111110
11110100011111111
11110100100010000
11110100100010001
11110100100010010
11110100100010011
11110100100010100
11110100100010101
11110100100010110
11110100100010111
11110100100011000
11110100100011001
11110100100011010
11110100100011011
11110100100011100
11110100100011101
11110100100011110
11110100100011111
11110100100110000
11110100100110001
11110100100110010
11110100100110011
11110100100110100
11110100100110101
11110100100110110
11110100100110111
11110100100111100
11110100100111101
11110100100111110
11110100100111111
11110100101010000
11110100101010001
11110100101010010
11110100101010011
11110100101010100
11110100101010101
11110100101010110
11110100101010111
11110100101011000
11110100101011001
11110100101011010
11110100101011011
11110100101011100
11110100101011101
11110100101011110
11110100101011111
11110100101110000
11110100101110001
11110100101110010
11110100101110011
11110100101110100
11110100101110101
11110100101110110
11110100101110111
11110100101111100
11110100101111101
11110100101111110
11110100101111111
11110100110010000
11110100110010001
11110100110010010
11110100110010011
11110100110010100
11110100110010101
11110100110010110
11110100110010111
11110100110011000
11110100110011001
11110100110011010
11110100110011011
11110100110011100
11110100110011101
11110100110011110
11110100110011111
11110100110110000
11110100110110001
11110100110110010
11110100110110011
11110100110110100
11110100110110101
11110100110110110
11110100110110111
11110100110111100
11110100110111101
11110100110111110
11110100110111111
11110100111010000
11110100111010001
11110100111010010
11110100111010011
11110100111010100
11110100111010101
11110100111010110
11110100111010111
11110100111011000
11110100111011001
11110100111011010
11110100111011011
11110100111011100
11110100111011101
11110100111011110
11110100111011111
11110100111110000
11110100111110001
11110100111110010
11110100111110011
11110100111110100
11110100111110101
11110100111110110
11110100111110111
11110100111111100
11110100111111101
11110100111111110
11110100111111111
11110101000010000
11110101000010010
11110101000010100
11110101000010110
11110101000011000
11110101000011010
11110101000011100
11110101000011110
11110101000110000
11110101000110010
11110101000110100
11110101000110110
11110101000111100
11110101000111110
11110101001010000
11110101001010010
11110101001010100
11110101001010110
11110101001011000
11110101001011010
11110101001011100
11110101001011110
11110101001110000
11110101001110010
11110101001110100
11110101001110110
11110101001111100
11110101001111110
11110101011010000
11110101011010010
11110101011010100
11110101011010110
11110101011011000
11110101011011010
11110101011011100
11110101011011110
11110101011110000
11110101011110010
11110101011110100
11110101011110110
11110101011111100
11110101011111110
11110101100010000
11110101100010010
11110101100010100
11110101100010110
11110101100011000
11110101100011010
11110101100011100
11110101100011110
11110101100110000
11110101100110010
11110101100110100
11110101100110110
11110101100111100
11110101100111110
11110101101010000
11110101101010010
11110101101010100
11110101101010110
11110101101011000
11110101101011010
11110101101011100
11110101101011110
11110101101110000
11110101101110010
11110101101110100
11110101101110110
11110101101111100
11110101101111110
11110101110010000
11110101110010010
11110101110010100
11110101110010110
11110101110011000
11110101110011010
11110101110011100
11110101110011110
11110101110110000
11110101110110010
11110101110110100
11110101110110110
11110101110111100
11110101110111110
11110101111010000
11110101111010010
11110101111010100
11110101111010110
11110101111011000
11110101111011010
11110101111011100
11110101111011110
11110101111110000
11110101111110010
11110101111110100
11110101111110110
11110101111111100
11110101111111110
11110110000110100
11110110000110110
11110110001110100
11110110001110110
11110110011110100
11110110011110110
11110110100110100
11110110100110110
11110110101110100
11110110101110110
11110110110110100
11110110110110110
11110110111110100
11110110111110110
11110111000110100
11110111000110110
11110111001110100
11110111001110110
11110111011110100
11110111011110110
11110111100110100
11110111100110110
11110111101110100
11110111101110110
11110111110110100
11110111110110110
11110111111110100
11110111111110110
11111000000011001
11111000000011011
11111000000011100
11111000000011110
11111000000111001
11111000000111011
11111000000111100
11111000000111110
11111000001011001
11111000001011011
11111000001011100
11111000001011110
11111000001111001
11111000001111011
11111000001111100
11111000001111110
11111000011011001
11111000011011011
11111000011011100
11111000011011110
11111000011111001
11111000011111011
11111000011111100
11111000011111110
11111000100011001
11111000100011011
11111000100011100
11111000100011110
11111000100111001
11111000100111011
11111000100111100
11111000100111110
11111000101011001
11111000101011011
11111000101011100
11111000101011110
11111000101111001
11111000101111011
11111000101111100
11111000101111110
11111000110011001
11111000110011011
11111000110011100
11111000110011110
11111000110111001
11111000110111011
11111000110111100
11111000110111110
11111000111011001
11111000111011011
11111000111011100
11111000111011110
11111000111111001
11111000111111011
11111000111111100
11111000111111110
11111001000011100
11111001000011110
11111001000111100
11111001000111110
11111001001011100
11111001001011110
11111001001111100
11111001001111110
11111001011011100
11111001011011110
11111001011111100
11111001011111110
11111001100011100
11111001100011110
11111001100111100
11111001100111110
11111001101011100
11111001101011110
11111001101111100
11111001101111110
11111001110011100
11111001110011110
11111001110111100
11111001110111110
11111001111011100
11111001111011110
11111001111111100
11111001111111110
11111010000111001
11111010000111011
11111010001111001
11111010001111011
11111010011111001
11111010011111011
11111010100111001
11111010100111011
11111010101111001
11111010101111011
11111010110111001
11111010110111011
11111010111111001
11111010111111011
11111100000011001
11111100000011011
11111100000011100
11111100000011110
11111100000111100
11111100000111110
11111100001011001
11111100001011011
11111100001011100
11111100001011110
11111100001111100
11111100001111110
11111100011011001
11111100011011011
11111100011011100
11111100011011110
11111100011111100
11111100011111110
11111100100011001
11111100100011011
11111100100011100
11111100100011110
11111100100111100
11111100100111110
11111100101011001
11111100101011011
11111100101011100
11111100101011110
11111100101111100
11111100101111110
11111100110011001
11111100110011011
11111100110011100
11111100110011110
11111100110111100
11111100110111110
11111100111011001
11111100111011011
11111100111011100
11111100111011110
11111100111111100
11111100111111110
11111101000011100
11111101000011110
11111101000111100
11111101000111110
11111101001011100
11111101001011110
11111101001111100
11111101001111110
11111101011011100
11111101011011110
11111101011111100
11111101011111110
11111101100011100
11111101100011110
11111101100111100
11111101100111110
11111101101011100
11111101101011110
11111101101111100
11111101101111110
11111101110011100
11111101110011110
11111101110111100
11111101110111110
11111101111011100
11111101111011110
11111101111111100
11111101111111110
