100001100000101000
100001100000101010
100001100000111000
100001100000111010
100001100001101000
100001100001101010
100001100010101000
100001100010101010
100001100010111000
100001100010111010
100001100011101000
100001100011101010
100001100100101000
100001100100101010
100001100100111000
100001100100111010
100001100101101000
100001100101101010
100001100110101000
100001100110101010
100001100110111000
100001100110111010
100001100111101000
100001100111101010
100001101000101000
100001101000101010
100001101000111000
100001101000111010
100001101001101000
100001101001101010
100001101010101000
100001101010101010
100001101010111000
100001101010111010
100001101011101000
100001101011101010
100001101100101000
100001101100101010
100001101100111000
100001101100111010
100001101101101000
100001101101101010
100001101110101000
100001101110101010
100001101110111000
100001101110111010
100001101111101000
100001101111101010
100001110010101000
100001110010101010
100001110010111000
100001110010111010
100001111010101000
100001111010101010
100001111010111000
100001111010111010
100011100000101000
100011100000101010
100011100000111000
100011100000111010
100011100001101000
100011100001101010
100011100010101000
100011100010101010
100011100010111000
100011100010111010
100011100011101000
100011100011101010
100011100100101000
100011100100101010
100011100100111000
100011100100111010
100011100101101000
100011100101101010
100011100110101000
100011100110101010
100011100110111000
100011100110111010
100011100111101000
100011100111101010
100011101000101000
100011101000101010
100011101000111000
100011101000111010
100011101001101000
100011101001101010
100011101010101000
100011101010101010
100011101010111000
100011101010111010
100011101011101000
100011101011101010
100011101100101000
100011101100101010
100011101100111000
100011101100111010
100011101101101000
100011101101101010
100011101110101000
100011101110101010
100011101110111000
100011101110111010
100011101111101000
100011101111101010
100011110010101000
100011110010101010
100011110010111000
100011110010111010
100011111010101000
100011111010101010
100011111010111000
100011111010111010
100101100000101000
100101100000101010
100101100001101000
100101100001101010
100101100010101000
100101100010101010
100101100010111000
100101100010111010
100101100011101000
100101100011101010
100101100100101000
100101100100101010
100101100101101000
100101100101101010
100101100110101000
100101100110101010
100101100111101000
100101100111101010
100101101000101000
100101101000101010
100101101001101000
100101101001101010
100101101010101000
100101101010101010
100101101010111000
100101101010111010
100101101100101000
100101101100101010
100101101101101000
100101101101101010
100101101110101000
100101101110101010
100101101111101000
100101101111101010
100101110010101000
100101110010101010
100101110010111000
100101110010111010
100101111010101000
100101111010101010
100101111010111000
100101111010111010
100111100000101000
100111100000101010
100111100001101000
100111100001101010
100111100010101000
100111100010101010
100111100010111000
100111100010111010
100111100011101000
100111100011101010
100111100100101000
100111100100101010
100111100101101000
100111100101101010
100111100110101000
100111100110101010
100111100111101000
100111100111101010
100111101000101000
100111101000101010
100111101001101000
100111101001101010
100111101010101000
100111101010101010
100111101010111000
100111101010111010
100111101100101000
100111101100101010
100111101101101000
100111101101101010
100111101110101000
100111101110101010
100111101111101000
100111101111101010
100111110010101000
100111110010101010
100111110010111000
100111110010111010
100111111010101000
100111111010101010
100111111010111000
100111111010111010
101001100000101000
101001100000101010
101001100000111000
101001100000111010
101001100001101000
101001100001101010
101001100010101000
101001100010101010
101001100010111000
101001100010111010
101001100011101000
101001100011101010
101001100100101000
101001100100101010
101001100100111000
101001100100111010
101001100101101000
101001100101101010
101001100110101000
101001100110101010
101001100110111000
101001100110111010
101001100111101000
101001100111101010
101001101000101000
101001101000101010
101001101000111000
101001101000111010
101001101001101000
101001101001101010
101001101010101000
101001101010101010
101001101010111000
101001101010111010
101001101011101000
101001101011101010
101001101100101000
101001101100101010
101001101100111000
101001101100111010
101001101101101000
101001101101101010
101001101110101000
101001101110101010
101001101110111000
101001101110111010
101001101111101000
101001101111101010
101001110010101000
101001110010101010
101001110010111000
101001110010111010
101001111010101000
101001111010101010
101001111010111000
101001111010111010
101011100000101000
101011100000101010
101011100000111000
101011100000111010
101011100001101000
101011100001101010
101011100010101000
101011100010101010
101011100010111000
101011100010111010
101011100011101000
101011100011101010
101011100100101000
101011100100101010
101011100100111000
101011100100111010
101011100101101000
101011100101101010
101011100110101000
101011100110101010
101011100110111000
101011100110111010
101011100111101000
101011100111101010
101011101000101000
101011101000101010
101011101000111000
101011101000111010
101011101001101000
101011101001101010
101011101010101000
101011101010101010
101011101010111000
101011101010111010
101011101011101000
101011101011101010
101011101100101000
101011101100101010
101011101100111000
101011101100111010
101011101101101000
101011101101101010
101011101110101000
101011101110101010
101011101110111000
101011101110111010
101011101111101000
101011101111101010
101011110010101000
101011110010101010
101011110010111000
101011110010111010
101011111010101000
101011111010101010
101011111010111000
101011111010111010
101101100000101000
101101100000101010
101101100001101000
101101100001101010
101101100010101000
101101100010101010
101101100010111000
101101100010111010
101101100011101000
101101100011101010
101101100100101000
101101100100101010
101101100101101000
101101100101101010
101101100110101000
101101100110101010
101101100111101000
101101100111101010
101101101000101000
101101101000101010
101101101001101000
101101101001101010
101101101010101000
101101101010101010
101101101010111000
101101101010111010
101101101100101000
101101101100101010
101101101101101000
101101101101101010
101101101110101000
101101101110101010
101101101111101000
101101101111101010
101101110010101000
101101110010101010
101101110010111000
101101110010111010
101101111010101000
101101111010101010
101101111010111000
101101111010111010
101111100000101000
101111100000101010
101111100001101000
101111100001101010
101111100010101000
101111100010101010
101111100010111000
101111100010111010
101111100011101000
101111100011101010
101111100100101000
101111100100101010
101111100101101000
101111100101101010
101111100110101000
101111100110101010
101111100111101000
101111100111101010
101111101000101000
101111101000101010
101111101001101000
101111101001101010
101111101010101000
101111101010101010
101111101010111000
101111101010111010
101111101100101000
101111101100101010
101111101101101000
101111101101101010
101111101110101000
101111101110101010
101111101111101000
101111101111101010
101111110010101000
101111110010101010
101111110010111000
101111110010111010
101111111010101000
101111111010101010
101111111010111000
101111111010111010
