100001000001010000
100001000001010001
100001000001010010
100001000001010011
100001000001010100
100001000001010101
100001000001010110
100001000001010111
100001000001011000
100001000001011010
100001000001011101
100001000001011111
100001000001110000
100001000001110010
100001000001110100
100001000001110101
100001000001110110
100001000001110111
100001000001111000
100001000001111010
100001000001111101
100001000001111111
100001000011010000
100001000011010001
100001000011010010
100001000011010011
100001000011010100
100001000011010101
100001000011010110
100001000011010111
100001000011011000
100001000011011010
100001000011011101
100001000011011111
100001000011110000
100001000011110010
100001000011110100
100001000011110101
100001000011110110
100001000011110111
100001000011111000
100001000011111010
100001000011111101
100001000011111111
100001000101010000
100001000101010001
100001000101010010
100001000101010011
100001000101010100
100001000101010101
100001000101010110
100001000101010111
100001000101011000
100001000101011010
100001000101011101
100001000101011111
100001000101110000
100001000101110010
100001000101110100
100001000101110101
100001000101110110
100001000101110111
100001000101111000
100001000101111010
100001000101111101
100001000101111111
100001000111010000
100001000111010001
100001000111010010
100001000111010011
100001000111010100
100001000111010101
100001000111010110
100001000111010111
100001000111011000
100001000111011010
100001000111011101
100001000111011111
100001000111110000
100001000111110010
100001000111110100
100001000111110101
100001000111110110
100001000111110111
100001000111111000
100001000111111010
100001000111111101
100001000111111111
100001001001010000
100001001001010010
100001001001010100
100001001001010110
100001001001011000
100001001001011010
100001001001110000
100001001001110010
100001001001110100
100001001001110110
100001001001111000
100001001001111010
100001001011010000
100001001011010010
100001001011010100
100001001011010110
100001001011011000
100001001011011010
100001001011110000
100001001011110010
100001001011110100
100001001011110110
100001001011111000
100001001011111010
100001001101010000
100001001101010010
100001001101010100
100001001101010110
100001001101011000
100001001101011010
100001001101110000
100001001101110010
100001001101110100
100001001101110110
100001001101111000
100001001101111010
100001001111010000
100001001111010010
100001001111010100
100001001111010110
100001001111011000
100001001111011010
100001001111110000
100001001111110010
100001001111110100
100001001111110110
100001001111111000
100001001111111010
100001010001110100
100001010001110110
100001010011110100
100001010011110110
100001010101110100
100001010101110110
100001010111110100
100001010111110110
100001011001110100
100001011001110110
100001011011110100
100001011011110110
100001011101110100
100001011101110110
100001011111110100
100001011111110110
100001100001010000
100001100001010001
100001100001010010
100001100001010011
100001100001010100
100001100001010101
100001100001010110
100001100001010111
100001100001011000
100001100001011010
100001100001011101
100001100001011111
100001100001110000
100001100001110010
100001100001110100
100001100001110101
100001100001110110
100001100001110111
100001100001111101
100001100001111111
100001100011010000
100001100011010001
100001100011010010
100001100011010011
100001100011010100
100001100011010101
100001100011010110
100001100011010111
100001100011011000
100001100011011010
100001100011011101
100001100011011111
100001100011110000
100001100011110010
100001100011110100
100001100011110101
100001100011110110
100001100011110111
100001100011111101
100001100011111111
100001100101010000
100001100101010001
100001100101010010
100001100101010011
100001100101010100
100001100101010101
100001100101010110
100001100101010111
100001100101011000
100001100101011010
100001100101011101
100001100101011111
100001100101110000
100001100101110010
100001100101110100
100001100101110101
100001100101110110
100001100101110111
100001100101111101
100001100101111111
100001100111010000
100001100111010001
100001100111010010
100001100111010011
100001100111010100
100001100111010101
100001100111010110
100001100111010111
100001100111011000
100001100111011010
100001100111011101
100001100111011111
100001100111110000
100001100111110010
100001100111110100
100001100111110101
100001100111110110
100001100111110111
100001100111111101
100001100111111111
100001101001010000
100001101001010010
100001101001010100
100001101001010110
100001101001011000
100001101001011010
100001101001110000
100001101001110010
100001101001110100
100001101001110110
100001101011010000
100001101011010010
100001101011010100
100001101011010110
100001101011011000
100001101011011010
100001101011110000
100001101011110010
100001101011110100
100001101011110110
100001101101010000
100001101101010010
100001101101010100
100001101101010110
100001101101011000
100001101101011010
100001101101110000
100001101101110010
100001101101110100
100001101101110110
100001101111010000
100001101111010010
100001101111010100
100001101111010110
100001101111011000
100001101111011010
100001101111110000
100001101111110010
100001101111110100
100001101111110110
100001110001110100
100001110001110110
100001110011110100
100001110011110110
100001110101110100
100001110101110110
100001110111110100
100001110111110110
100001111001110100
100001111001110110
100001111011110100
100001111011110110
100001111101110100
100001111101110110
100001111111110100
100001111111110110
100011000001010000
100011000001010001
100011000001010010
100011000001010011
100011000001010100
100011000001010101
100011000001010110
100011000001010111
100011000001011000
100011000001011010
100011000001011101
100011000001011111
100011000001110000
100011000001110010
100011000001110100
100011000001110101
100011000001110110
100011000001110111
100011000001111000
100011000001111010
100011000001111101
100011000001111111
100011000011010000
100011000011010001
100011000011010010
100011000011010011
100011000011010100
100011000011010101
100011000011010110
100011000011010111
100011000011011000
100011000011011010
100011000011011101
100011000011011111
100011000011110000
100011000011110010
100011000011110100
100011000011110101
100011000011110110
100011000011110111
100011000011111000
100011000011111010
100011000011111101
100011000011111111
100011000101010000
100011000101010001
100011000101010010
100011000101010011
100011000101010100
100011000101010101
100011000101010110
100011000101010111
100011000101011000
100011000101011010
100011000101011101
100011000101011111
100011000101110000
100011000101110010
100011000101110100
100011000101110101
100011000101110110
100011000101110111
100011000101111000
100011000101111010
100011000101111101
100011000101111111
100011000111010000
100011000111010001
100011000111010010
100011000111010011
100011000111010100
100011000111010101
100011000111010110
100011000111010111
100011000111011000
100011000111011010
100011000111011101
100011000111011111
100011000111110000
100011000111110010
100011000111110100
100011000111110101
100011000111110110
100011000111110111
100011000111111000
100011000111111010
100011000111111101
100011000111111111
100011001001010000
100011001001010010
100011001001010100
100011001001010110
100011001001011000
100011001001011010
100011001001110000
100011001001110010
100011001001110100
100011001001110110
100011001001111000
100011001001111010
100011001011010000
100011001011010010
100011001011010100
100011001011010110
100011001011011000
100011001011011010
100011001011110000
100011001011110010
100011001011110100
100011001011110110
100011001011111000
100011001011111010
100011001101010000
100011001101010010
100011001101010100
100011001101010110
100011001101011000
100011001101011010
100011001101110000
100011001101110010
100011001101110100
100011001101110110
100011001101111000
100011001101111010
100011001111010000
100011001111010010
100011001111010100
100011001111010110
100011001111011000
100011001111011010
100011001111110000
100011001111110010
100011001111110100
100011001111110110
100011001111111000
100011001111111010
100011010001110100
100011010001110110
100011010011110100
100011010011110110
100011010101110100
100011010101110110
100011010111110100
100011010111110110
100011011001110100
100011011001110110
100011011011110100
100011011011110110
100011011101110100
100011011101110110
100011011111110100
100011011111110110
100011100001010000
100011100001010001
100011100001010010
100011100001010011
100011100001010100
100011100001010101
100011100001010110
100011100001010111
100011100001011000
100011100001011010
100011100001011101
100011100001011111
100011100001110000
100011100001110010
100011100001110100
100011100001110101
100011100001110110
100011100001110111
100011100001111101
100011100001111111
100011100011010000
100011100011010001
100011100011010010
100011100011010011
100011100011010100
100011100011010101
100011100011010110
100011100011010111
100011100011011000
100011100011011010
100011100011011101
100011100011011111
100011100011110000
100011100011110010
100011100011110100
100011100011110101
100011100011110110
100011100011110111
100011100011111101
100011100011111111
100011100101010000
100011100101010001
100011100101010010
100011100101010011
100011100101010100
100011100101010101
100011100101010110
100011100101010111
100011100101011000
100011100101011010
100011100101011101
100011100101011111
100011100101110000
100011100101110010
100011100101110100
100011100101110101
100011100101110110
100011100101110111
100011100101111101
100011100101111111
100011100111010000
100011100111010001
100011100111010010
100011100111010011
100011100111010100
100011100111010101
100011100111010110
100011100111010111
100011100111011000
100011100111011010
100011100111011101
100011100111011111
100011100111110000
100011100111110010
100011100111110100
100011100111110101
100011100111110110
100011100111110111
100011100111111101
100011100111111111
100011101001010000
100011101001010010
100011101001010100
100011101001010110
100011101001011000
100011101001011010
100011101001110000
100011101001110010
100011101001110100
100011101001110110
100011101011010000
100011101011010010
100011101011010100
100011101011010110
100011101011011000
100011101011011010
100011101011110000
100011101011110010
100011101011110100
100011101011110110
100011101101010000
100011101101010010
100011101101010100
100011101101010110
100011101101011000
100011101101011010
100011101101110000
100011101101110010
100011101101110100
100011101101110110
100011101111010000
100011101111010010
100011101111010100
100011101111010110
100011101111011000
100011101111011010
100011101111110000
100011101111110010
100011101111110100
100011101111110110
100011110001110100
100011110001110110
100011110011110100
100011110011110110
100011110101110100
100011110101110110
100011110111110100
100011110111110110
100011111001110100
100011111001110110
100011111011110100
100011111011110110
100011111101110100
100011111101110110
100011111111110100
100011111111110110
100101000000010000
100101000000010001
100101000000010010
100101000000010011
100101000000010100
100101000000010101
100101000000010110
100101000000010111
100101000000011000
100101000000011010
100101000000011101
100101000000011111
100101000000110000
100101000000110010
100101000000110100
100101000000110101
100101000000110110
100101000000110111
100101000000111000
100101000000111010
100101000000111101
100101000000111111
100101000001010000
100101000001010001
100101000001010010
100101000001010011
100101000001010100
100101000001010101
100101000001010110
100101000001010111
100101000001011000
100101000001011010
100101000001011101
100101000001011111
100101000001110000
100101000001110010
100101000001110100
100101000001110101
100101000001110110
100101000001110111
100101000001111000
100101000001111010
100101000001111101
100101000001111111
100101000011010000
100101000011010001
100101000011010010
100101000011010011
100101000011010100
100101000011010101
100101000011010110
100101000011010111
100101000011011000
100101000011011010
100101000011011101
100101000011011111
100101000011110000
100101000011110010
100101000011110100
100101000011110101
100101000011110110
100101000011110111
100101000011111000
100101000011111010
100101000011111101
100101000011111111
100101000100010000
100101000100010001
100101000100010010
100101000100010011
100101000100010100
100101000100010101
100101000100010110
100101000100010111
100101000100011000
100101000100011010
100101000100011101
100101000100011111
100101000100110000
100101000100110010
100101000100110100
100101000100110101
100101000100110110
100101000100110111
100101000100111000
100101000100111010
100101000100111101
100101000100111111
100101000101010000
100101000101010001
100101000101010010
100101000101010011
100101000101010100
100101000101010101
100101000101010110
100101000101010111
100101000101011000
100101000101011010
100101000101011101
100101000101011111
100101000101110000
100101000101110010
100101000101110100
100101000101110101
100101000101110110
100101000101110111
100101000101111000
100101000101111010
100101000101111101
100101000101111111
100101000110010000
100101000110010001
100101000110010010
100101000110010011
100101000110010100
100101000110010101
100101000110010110
100101000110010111
100101000110011000
100101000110011010
100101000110011101
100101000110011111
100101000110110000
100101000110110010
100101000110110100
100101000110110101
100101000110110110
100101000110110111
100101000110111000
100101000110111010
100101000110111101
100101000110111111
100101000111010000
100101000111010001
100101000111010010
100101000111010011
100101000111010100
100101000111010101
100101000111010110
100101000111010111
100101000111011000
100101000111011010
100101000111011101
100101000111011111
100101000111110000
100101000111110010
100101000111110100
100101000111110101
100101000111110110
100101000111110111
100101000111111000
100101000111111010
100101000111111101
100101000111111111
100101001000010000
100101001000010010
100101001000010100
100101001000010110
100101001000011000
100101001000011010
100101001000110000
100101001000110010
100101001000110100
100101001000110110
100101001000111000
100101001000111010
100101001001010000
100101001001010010
100101001001010100
100101001001010110
100101001001011000
100101001001011010
100101001001110000
100101001001110010
100101001001110100
100101001001110110
100101001001111000
100101001001111010
100101001011010000
100101001011110000
100101001100010000
100101001100010010
100101001100010100
100101001100010110
100101001100011000
100101001100011010
100101001100110000
100101001100110010
100101001100110100
100101001100110110
100101001100111000
100101001100111010
100101001101010000
100101001101010010
100101001101010100
100101001101010110
100101001101011000
100101001101011010
100101001101110000
100101001101110010
100101001101110100
100101001101110110
100101001101111000
100101001101111010
100101001110010000
100101001110010010
100101001110010100
100101001110010110
100101001110011000
100101001110011010
100101001110110000
100101001110110010
100101001110110100
100101001110110110
100101001110111000
100101001110111010
100101001111010000
100101001111010010
100101001111010100
100101001111010110
100101001111011000
100101001111011010
100101001111110000
100101001111110010
100101001111110100
100101001111110110
100101001111111000
100101001111111010
100101010000110100
100101010000110110
100101010001110100
100101010001110110
100101010011110100
100101010011110110
100101010100110100
100101010100110110
100101010101110100
100101010101110110
100101010110110100
100101010110110110
100101010111110100
100101010111110110
100101011000110100
100101011000110110
100101011001110100
100101011001110110
100101011100110100
100101011100110110
100101011101110100
100101011101110110
100101011110110100
100101011110110110
100101011111110100
100101011111110110
100101100000010000
100101100000010001
100101100000010010
100101100000010011
100101100000010100
100101100000010101
100101100000010110
100101100000010111
100101100000011000
100101100000011010
100101100000011101
100101100000011111
100101100000110000
100101100000110010
100101100000110100
100101100000110101
100101100000110110
100101100000110111
100101100000111101
100101100000111111
100101100001010000
100101100001010001
100101100001010010
100101100001010011
100101100001010100
100101100001010101
100101100001010110
100101100001010111
100101100001011000
100101100001011010
100101100001011101
100101100001011111
100101100001110000
100101100001110010
100101100001110100
100101100001110101
100101100001110110
100101100001110111
100101100001111101
100101100001111111
100101100011010000
100101100011010001
100101100011010010
100101100011010011
100101100011010100
100101100011010101
100101100011010110
100101100011010111
100101100011011000
100101100011011010
100101100011011101
100101100011011111
100101100011110000
100101100011110010
100101100011110100
100101100011110101
100101100011110110
100101100011110111
100101100011111101
100101100011111111
100101100100010000
100101100100010001
100101100100010010
100101100100010011
100101100100010100
100101100100010101
100101100100010110
100101100100010111
100101100100011000
100101100100011010
100101100100011101
100101100100011111
100101100100110000
100101100100110010
100101100100110100
100101100100110101
100101100100110110
100101100100110111
100101100100111101
100101100100111111
100101100101010000
100101100101010001
100101100101010010
100101100101010011
100101100101010100
100101100101010101
100101100101010110
100101100101010111
100101100101011000
100101100101011010
100101100101011101
100101100101011111
100101100101110000
100101100101110010
100101100101110100
100101100101110101
100101100101110110
100101100101110111
100101100101111101
100101100101111111
100101100110010000
100101100110010001
100101100110010010
100101100110010011
100101100110010100
100101100110010101
100101100110010110
100101100110010111
100101100110011000
100101100110011010
100101100110011101
100101100110011111
100101100110110000
100101100110110010
100101100110110100
100101100110110101
100101100110110110
100101100110110111
100101100110111101
100101100110111111
100101100111010000
100101100111010001
100101100111010010
100101100111010011
100101100111010100
100101100111010101
100101100111010110
100101100111010111
100101100111011000
100101100111011010
100101100111011101
100101100111011111
100101100111110000
100101100111110010
100101100111110100
100101100111110101
100101100111110110
100101100111110111
100101100111111101
100101100111111111
100101101000010000
100101101000010010
100101101000010100
100101101000010110
100101101000011000
100101101000011010
100101101000110000
100101101000110010
100101101000110100
100101101000110110
100101101001010000
100101101001010010
100101101001010100
100101101001010110
100101101001011000
100101101001011010
100101101001110000
100101101001110010
100101101001110100
100101101001110110
100101101011010000
100101101011110000
100101101100010000
100101101100010010
100101101100010100
100101101100010110
100101101100011000
100101101100011010
100101101100110000
100101101100110010
100101101100110100
100101101100110110
100101101101010000
100101101101010010
100101101101010100
100101101101010110
100101101101011000
100101101101011010
100101101101110000
100101101101110010
100101101101110100
100101101101110110
100101101110010000
100101101110010010
100101101110010100
100101101110010110
100101101110011000
100101101110011010
100101101110110000
100101101110110010
100101101110110100
100101101110110110
100101101111010000
100101101111010010
100101101111010100
100101101111010110
100101101111011000
100101101111011010
100101101111110000
100101101111110010
100101101111110100
100101101111110110
100101110000110100
100101110000110110
100101110001110100
100101110001110110
100101110011110100
100101110011110110
100101110100110100
100101110100110110
100101110101110100
100101110101110110
100101110110110100
100101110110110110
100101110111110100
100101110111110110
100101111000110100
100101111000110110
100101111001110100
100101111001110110
100101111100110100
100101111100110110
100101111101110100
100101111101110110
100101111110110100
100101111110110110
100101111111110100
100101111111110110
100111000000010000
100111000000010001
100111000000010010
100111000000010011
100111000000010100
100111000000010101
100111000000010110
100111000000010111
100111000000011000
100111000000011010
100111000000011101
100111000000011111
100111000000110000
100111000000110010
100111000000110100
100111000000110101
100111000000110110
100111000000110111
100111000000111000
100111000000111010
100111000000111101
100111000000111111
100111000001010000
100111000001010001
100111000001010010
100111000001010011
100111000001010100
100111000001010101
100111000001010110
100111000001010111
100111000001011000
100111000001011010
100111000001011101
100111000001011111
100111000001110000
100111000001110010
100111000001110100
100111000001110101
100111000001110110
100111000001110111
100111000001111000
100111000001111010
100111000001111101
100111000001111111
100111000011010000
100111000011010001
100111000011010010
100111000011010011
100111000011010100
100111000011010101
100111000011010110
100111000011010111
100111000011011000
100111000011011010
100111000011011101
100111000011011111
100111000011110000
100111000011110010
100111000011110100
100111000011110101
100111000011110110
100111000011110111
100111000011111000
100111000011111010
100111000011111101
100111000011111111
100111000100010000
100111000100010001
100111000100010010
100111000100010011
100111000100010100
100111000100010101
100111000100010110
100111000100010111
100111000100011000
100111000100011010
100111000100011101
100111000100011111
100111000100110000
100111000100110010
100111000100110100
100111000100110101
100111000100110110
100111000100110111
100111000100111000
100111000100111010
100111000100111101
100111000100111111
100111000101010000
100111000101010001
100111000101010010
100111000101010011
100111000101010100
100111000101010101
100111000101010110
100111000101010111
100111000101011000
100111000101011010
100111000101011101
100111000101011111
100111000101110000
100111000101110010
100111000101110100
100111000101110101
100111000101110110
100111000101110111
100111000101111000
100111000101111010
100111000101111101
100111000101111111
100111000110010000
100111000110010001
100111000110010010
100111000110010011
100111000110010100
100111000110010101
100111000110010110
100111000110010111
100111000110011000
100111000110011010
100111000110011101
100111000110011111
100111000110110000
100111000110110010
100111000110110100
100111000110110101
100111000110110110
100111000110110111
100111000110111000
100111000110111010
100111000110111101
100111000110111111
100111000111010000
100111000111010001
100111000111010010
100111000111010011
100111000111010100
100111000111010101
100111000111010110
100111000111010111
100111000111011000
100111000111011010
100111000111011101
100111000111011111
100111000111110000
100111000111110010
100111000111110100
100111000111110101
100111000111110110
100111000111110111
100111000111111000
100111000111111010
100111000111111101
100111000111111111
100111001000010000
100111001000010010
100111001000010100
100111001000010110
100111001000011000
100111001000011010
100111001000110000
100111001000110010
100111001000110100
100111001000110110
100111001000111000
100111001000111010
100111001001010000
100111001001010010
100111001001010100
100111001001010110
100111001001011000
100111001001011010
100111001001110000
100111001001110010
100111001001110100
100111001001110110
100111001001111000
100111001001111010
100111001011010000
100111001011110000
100111001100010000
100111001100010010
100111001100010100
100111001100010110
100111001100011000
100111001100011010
100111001100110000
100111001100110010
100111001100110100
100111001100110110
100111001100111000
100111001100111010
100111001101010000
100111001101010010
100111001101010100
100111001101010110
100111001101011000
100111001101011010
100111001101110000
100111001101110010
100111001101110100
100111001101110110
100111001101111000
100111001101111010
100111001110010000
100111001110010010
100111001110010100
100111001110010110
100111001110011000
100111001110011010
100111001110110000
100111001110110010
100111001110110100
100111001110110110
100111001110111000
100111001110111010
100111001111010000
100111001111010010
100111001111010100
100111001111010110
100111001111011000
100111001111011010
100111001111110000
100111001111110010
100111001111110100
100111001111110110
100111001111111000
100111001111111010
100111010000110100
100111010000110110
100111010001110100
100111010001110110
100111010011110100
100111010011110110
100111010100110100
100111010100110110
100111010101110100
100111010101110110
100111010110110100
100111010110110110
100111010111110100
100111010111110110
100111011000110100
100111011000110110
100111011001110100
100111011001110110
100111011100110100
100111011100110110
100111011101110100
100111011101110110
100111011110110100
100111011110110110
100111011111110100
100111011111110110
100111100000010000
100111100000010001
100111100000010010
100111100000010011
100111100000010100
100111100000010101
100111100000010110
100111100000010111
100111100000011000
100111100000011010
100111100000011101
100111100000011111
100111100000110000
100111100000110010
100111100000110100
100111100000110101
100111100000110110
100111100000110111
100111100000111101
100111100000111111
100111100001010000
100111100001010001
100111100001010010
100111100001010011
100111100001010100
100111100001010101
100111100001010110
100111100001010111
100111100001011000
100111100001011010
100111100001011101
100111100001011111
100111100001110000
100111100001110010
100111100001110100
100111100001110101
100111100001110110
100111100001110111
100111100001111101
100111100001111111
100111100011010000
100111100011010001
100111100011010010
100111100011010011
100111100011010100
100111100011010101
100111100011010110
100111100011010111
100111100011011000
100111100011011010
100111100011011101
100111100011011111
100111100011110000
100111100011110010
100111100011110100
100111100011110101
100111100011110110
100111100011110111
100111100011111101
100111100011111111
100111100100010000
100111100100010001
100111100100010010
100111100100010011
100111100100010100
100111100100010101
100111100100010110
100111100100010111
100111100100011000
100111100100011010
100111100100011101
100111100100011111
100111100100110000
100111100100110010
100111100100110100
100111100100110101
100111100100110110
100111100100110111
100111100100111101
100111100100111111
100111100101010000
100111100101010001
100111100101010010
100111100101010011
100111100101010100
100111100101010101
100111100101010110
100111100101010111
100111100101011000
100111100101011010
100111100101011101
100111100101011111
100111100101110000
100111100101110010
100111100101110100
100111100101110101
100111100101110110
100111100101110111
100111100101111101
100111100101111111
100111100110010000
100111100110010001
100111100110010010
100111100110010011
100111100110010100
100111100110010101
100111100110010110
100111100110010111
100111100110011000
100111100110011010
100111100110011101
100111100110011111
100111100110110000
100111100110110010
100111100110110100
100111100110110101
100111100110110110
100111100110110111
100111100110111101
100111100110111111
100111100111010000
100111100111010001
100111100111010010
100111100111010011
100111100111010100
100111100111010101
100111100111010110
100111100111010111
100111100111011000
100111100111011010
100111100111011101
100111100111011111
100111100111110000
100111100111110010
100111100111110100
100111100111110101
100111100111110110
100111100111110111
100111100111111101
100111100111111111
100111101000010000
100111101000010010
100111101000010100
100111101000010110
100111101000011000
100111101000011010
100111101000110000
100111101000110010
100111101000110100
100111101000110110
100111101001010000
100111101001010010
100111101001010100
100111101001010110
100111101001011000
100111101001011010
100111101001110000
100111101001110010
100111101001110100
100111101001110110
100111101011010000
100111101011110000
100111101100010000
100111101100010010
100111101100010100
100111101100010110
100111101100011000
100111101100011010
100111101100110000
100111101100110010
100111101100110100
100111101100110110
100111101101010000
100111101101010010
100111101101010100
100111101101010110
100111101101011000
100111101101011010
100111101101110000
100111101101110010
100111101101110100
100111101101110110
100111101110010000
100111101110010010
100111101110010100
100111101110010110
100111101110011000
100111101110011010
100111101110110000
100111101110110010
100111101110110100
100111101110110110
100111101111010000
100111101111010010
100111101111010100
100111101111010110
100111101111011000
100111101111011010
100111101111110000
100111101111110010
100111101111110100
100111101111110110
100111110000110100
100111110000110110
100111110001110100
100111110001110110
100111110011110100
100111110011110110
100111110100110100
100111110100110110
100111110101110100
100111110101110110
100111110110110100
100111110110110110
100111110111110100
100111110111110110
100111111000110100
100111111000110110
100111111001110100
100111111001110110
100111111100110100
100111111100110110
100111111101110100
100111111101110110
100111111110110100
100111111110110110
100111111111110100
100111111111110110
101001000001010000
101001000001010001
101001000001010010
101001000001010011
101001000001010100
101001000001010101
101001000001010110
101001000001010111
101001000001011000
101001000001011010
101001000001011101
101001000001011111
101001000001110000
101001000001110001
101001000001110010
101001000001110011
101001000001110100
101001000001110101
101001000001110110
101001000001110111
101001000001111000
101001000001111010
101001000001111101
101001000001111111
101001000011010000
101001000011010001
101001000011010010
101001000011010011
101001000011010100
101001000011010101
101001000011010110
101001000011010111
101001000011011000
101001000011011010
101001000011011101
101001000011011111
101001000011110000
101001000011110001
101001000011110010
101001000011110011
101001000011110100
101001000011110101
101001000011110110
101001000011110111
101001000011111000
101001000011111010
101001000011111101
101001000011111111
101001000101010000
101001000101010001
101001000101010010
101001000101010011
101001000101010100
101001000101010101
101001000101010110
101001000101010111
101001000101011000
101001000101011010
101001000101011101
101001000101011111
101001000101110000
101001000101110001
101001000101110010
101001000101110011
101001000101110100
101001000101110101
101001000101110110
101001000101110111
101001000101111000
101001000101111010
101001000101111101
101001000101111111
101001000111010000
101001000111010001
101001000111010010
101001000111010011
101001000111010100
101001000111010101
101001000111010110
101001000111010111
101001000111011000
101001000111011010
101001000111011101
101001000111011111
101001000111110000
101001000111110001
101001000111110010
101001000111110011
101001000111110100
101001000111110101
101001000111110110
101001000111110111
101001000111111000
101001000111111010
101001000111111101
101001000111111111
101001001001010000
101001001001010010
101001001001010100
101001001001010110
101001001001011000
101001001001011010
101001001001110000
101001001001110010
101001001001110100
101001001001110110
101001001001111000
101001001001111010
101001001011010000
101001001011010010
101001001011010100
101001001011010110
101001001011011000
101001001011011010
101001001011110000
101001001011110010
101001001011110100
101001001011110110
101001001011111000
101001001011111010
101001001101010000
101001001101010010
101001001101010100
101001001101010110
101001001101011000
101001001101011010
101001001101110000
101001001101110010
101001001101110100
101001001101110110
101001001101111000
101001001101111010
101001001111010000
101001001111010010
101001001111010100
101001001111010110
101001001111011000
101001001111011010
101001001111110000
101001001111110010
101001001111110100
101001001111110110
101001001111111000
101001001111111010
101001010001110100
101001010001110110
101001010011110100
101001010011110110
101001010101110100
101001010101110110
101001010111110100
101001010111110110
101001011001110100
101001011001110110
101001011011110100
101001011011110110
101001011101110100
101001011101110110
101001011111110100
101001011111110110
101001100001010000
101001100001010001
101001100001010010
101001100001010011
101001100001010100
101001100001010101
101001100001010110
101001100001010111
101001100001011000
101001100001011010
101001100001011101
101001100001011111
101001100001110000
101001100001110001
101001100001110010
101001100001110011
101001100001110100
101001100001110101
101001100001110110
101001100001110111
101001100001111101
101001100001111111
101001100011010000
101001100011010001
101001100011010010
101001100011010011
101001100011010100
101001100011010101
101001100011010110
101001100011010111
101001100011011000
101001100011011010
101001100011011101
101001100011011111
101001100011110000
101001100011110001
101001100011110010
101001100011110011
101001100011110100
101001100011110101
101001100011110110
101001100011110111
101001100011111101
101001100011111111
101001100101010000
101001100101010001
101001100101010010
101001100101010011
101001100101010100
101001100101010101
101001100101010110
101001100101010111
101001100101011000
101001100101011010
101001100101011101
101001100101011111
101001100101110000
101001100101110001
101001100101110010
101001100101110011
101001100101110100
101001100101110101
101001100101110110
101001100101110111
101001100101111101
101001100101111111
101001100111010000
101001100111010001
101001100111010010
101001100111010011
101001100111010100
101001100111010101
101001100111010110
101001100111010111
101001100111011000
101001100111011010
101001100111011101
101001100111011111
101001100111110000
101001100111110001
101001100111110010
101001100111110011
101001100111110100
101001100111110101
101001100111110110
101001100111110111
101001100111111101
101001100111111111
101001101001010000
101001101001010010
101001101001010100
101001101001010110
101001101001011000
101001101001011010
101001101001110000
101001101001110010
101001101001110100
101001101001110110
101001101011010000
101001101011010010
101001101011010100
101001101011010110
101001101011011000
101001101011011010
101001101011110000
101001101011110010
101001101011110100
101001101011110110
101001101101010000
101001101101010010
101001101101010100
101001101101010110
101001101101011000
101001101101011010
101001101101110000
101001101101110010
101001101101110100
101001101101110110
101001101111010000
101001101111010010
101001101111010100
101001101111010110
101001101111011000
101001101111011010
101001101111110000
101001101111110010
101001101111110100
101001101111110110
101001110001110100
101001110001110110
101001110011110100
101001110011110110
101001110101110100
101001110101110110
101001110111110100
101001110111110110
101001111001110100
101001111001110110
101001111011110100
101001111011110110
101001111101110100
101001111101110110
101001111111110100
101001111111110110
101011000001010000
101011000001010001
101011000001010010
101011000001010011
101011000001010100
101011000001010101
101011000001010110
101011000001010111
101011000001011000
101011000001011010
101011000001011101
101011000001011111
101011000001110000
101011000001110001
101011000001110010
101011000001110011
101011000001110100
101011000001110101
101011000001110110
101011000001110111
101011000001111000
101011000001111010
101011000001111101
101011000001111111
101011000011010000
101011000011010001
101011000011010010
101011000011010011
101011000011010100
101011000011010101
101011000011010110
101011000011010111
101011000011011000
101011000011011010
101011000011011101
101011000011011111
101011000011110000
101011000011110001
101011000011110010
101011000011110011
101011000011110100
101011000011110101
101011000011110110
101011000011110111
101011000011111000
101011000011111010
101011000011111101
101011000011111111
101011000101010000
101011000101010001
101011000101010010
101011000101010011
101011000101010100
101011000101010101
101011000101010110
101011000101010111
101011000101011000
101011000101011010
101011000101011101
101011000101011111
101011000101110000
101011000101110001
101011000101110010
101011000101110011
101011000101110100
101011000101110101
101011000101110110
101011000101110111
101011000101111000
101011000101111010
101011000101111101
101011000101111111
101011000111010000
101011000111010001
101011000111010010
101011000111010011
101011000111010100
101011000111010101
101011000111010110
101011000111010111
101011000111011000
101011000111011010
101011000111011101
101011000111011111
101011000111110000
101011000111110001
101011000111110010
101011000111110011
101011000111110100
101011000111110101
101011000111110110
101011000111110111
101011000111111000
101011000111111010
101011000111111101
101011000111111111
101011001001010000
101011001001010010
101011001001010100
101011001001010110
101011001001011000
101011001001011010
101011001001110000
101011001001110010
101011001001110100
101011001001110110
101011001001111000
101011001001111010
101011001011010000
101011001011010010
101011001011010100
101011001011010110
101011001011011000
101011001011011010
101011001011110000
101011001011110010
101011001011110100
101011001011110110
101011001011111000
101011001011111010
101011001101010000
101011001101010010
101011001101010100
101011001101010110
101011001101011000
101011001101011010
101011001101110000
101011001101110010
101011001101110100
101011001101110110
101011001101111000
101011001101111010
101011001111010000
101011001111010010
101011001111010100
101011001111010110
101011001111011000
101011001111011010
101011001111110000
101011001111110010
101011001111110100
101011001111110110
101011001111111000
101011001111111010
101011010001110100
101011010001110110
101011010011110100
101011010011110110
101011010101110100
101011010101110110
101011010111110100
101011010111110110
101011011001110100
101011011001110110
101011011011110100
101011011011110110
101011011101110100
101011011101110110
101011011111110100
101011011111110110
101011100001010000
101011100001010001
101011100001010010
101011100001010011
101011100001010100
101011100001010101
101011100001010110
101011100001010111
101011100001011000
101011100001011010
101011100001011101
101011100001011111
101011100001110000
101011100001110001
101011100001110010
101011100001110011
101011100001110100
101011100001110101
101011100001110110
101011100001110111
101011100001111101
101011100001111111
101011100011010000
101011100011010001
101011100011010010
101011100011010011
101011100011010100
101011100011010101
101011100011010110
101011100011010111
101011100011011000
101011100011011010
101011100011011101
101011100011011111
101011100011110000
101011100011110001
101011100011110010
101011100011110011
101011100011110100
101011100011110101
101011100011110110
101011100011110111
101011100011111101
101011100011111111
101011100101010000
101011100101010001
101011100101010010
101011100101010011
101011100101010100
101011100101010101
101011100101010110
101011100101010111
101011100101011000
101011100101011010
101011100101011101
101011100101011111
101011100101110000
101011100101110001
101011100101110010
101011100101110011
101011100101110100
101011100101110101
101011100101110110
101011100101110111
101011100101111101
101011100101111111
101011100111010000
101011100111010001
101011100111010010
101011100111010011
101011100111010100
101011100111010101
101011100111010110
101011100111010111
101011100111011000
101011100111011010
101011100111011101
101011100111011111
101011100111110000
101011100111110001
101011100111110010
101011100111110011
101011100111110100
101011100111110101
101011100111110110
101011100111110111
101011100111111101
101011100111111111
101011101001010000
101011101001010010
101011101001010100
101011101001010110
101011101001011000
101011101001011010
101011101001110000
101011101001110010
101011101001110100
101011101001110110
101011101011010000
101011101011010010
101011101011010100
101011101011010110
101011101011011000
101011101011011010
101011101011110000
101011101011110010
101011101011110100
101011101011110110
101011101101010000
101011101101010010
101011101101010100
101011101101010110
101011101101011000
101011101101011010
101011101101110000
101011101101110010
101011101101110100
101011101101110110
101011101111010000
101011101111010010
101011101111010100
101011101111010110
101011101111011000
101011101111011010
101011101111110000
101011101111110010
101011101111110100
101011101111110110
101011110001110100
101011110001110110
101011110011110100
101011110011110110
101011110101110100
101011110101110110
101011110111110100
101011110111110110
101011111001110100
101011111001110110
101011111011110100
101011111011110110
101011111101110100
101011111101110110
101011111111110100
101011111111110110
101101000000010000
101101000000010001
101101000000010010
101101000000010011
101101000000010100
101101000000010101
101101000000010110
101101000000010111
101101000000011000
101101000000011010
101101000000011101
101101000000011111
101101000000110000
101101000000110001
101101000000110010
101101000000110011
101101000000110100
101101000000110101
101101000000110110
101101000000110111
101101000000111000
101101000000111010
101101000000111101
101101000000111111
101101000001010000
101101000001010001
101101000001010010
101101000001010011
101101000001010100
101101000001010101
101101000001010110
101101000001010111
101101000001011000
101101000001011010
101101000001011101
101101000001011111
101101000001110000
101101000001110001
101101000001110010
101101000001110011
101101000001110100
101101000001110101
101101000001110110
101101000001110111
101101000001111000
101101000001111010
101101000001111101
101101000001111111
101101000011010000
101101000011010001
101101000011010010
101101000011010011
101101000011010100
101101000011010101
101101000011010110
101101000011010111
101101000011011000
101101000011011010
101101000011011101
101101000011011111
101101000011110000
101101000011110001
101101000011110010
101101000011110011
101101000011110100
101101000011110101
101101000011110110
101101000011110111
101101000011111000
101101000011111010
101101000011111101
101101000011111111
101101000100010000
101101000100010001
101101000100010010
101101000100010011
101101000100010100
101101000100010101
101101000100010110
101101000100010111
101101000100011000
101101000100011010
101101000100011101
101101000100011111
101101000100110000
101101000100110001
101101000100110010
101101000100110011
101101000100110100
101101000100110101
101101000100110110
101101000100110111
101101000100111000
101101000100111010
101101000100111101
101101000100111111
101101000101010000
101101000101010001
101101000101010010
101101000101010011
101101000101010100
101101000101010101
101101000101010110
101101000101010111
101101000101011000
101101000101011010
101101000101011101
101101000101011111
101101000101110000
101101000101110001
101101000101110010
101101000101110011
101101000101110100
101101000101110101
101101000101110110
101101000101110111
101101000101111000
101101000101111010
101101000101111101
101101000101111111
101101000110010000
101101000110010001
101101000110010010
101101000110010011
101101000110010100
101101000110010101
101101000110010110
101101000110010111
101101000110011000
101101000110011010
101101000110011101
101101000110011111
101101000110110000
101101000110110001
101101000110110010
101101000110110011
101101000110110100
101101000110110101
101101000110110110
101101000110110111
101101000110111000
101101000110111010
101101000110111101
101101000110111111
101101000111010000
101101000111010001
101101000111010010
101101000111010011
101101000111010100
101101000111010101
101101000111010110
101101000111010111
101101000111011000
101101000111011010
101101000111011101
101101000111011111
101101000111110000
101101000111110001
101101000111110010
101101000111110011
101101000111110100
101101000111110101
101101000111110110
101101000111110111
101101000111111000
101101000111111010
101101000111111101
101101000111111111
101101001000010000
101101001000010010
101101001000010100
101101001000010110
101101001000011000
101101001000011010
101101001000110000
101101001000110010
101101001000110100
101101001000110110
101101001000111000
101101001000111010
101101001001010000
101101001001010010
101101001001010100
101101001001010110
101101001001011000
101101001001011010
101101001001110000
101101001001110010
101101001001110100
101101001001110110
101101001001111000
101101001001111010
101101001011010000
101101001011110000
101101001100010000
101101001100010010
101101001100010100
101101001100010110
101101001100011000
101101001100011010
101101001100110000
101101001100110010
101101001100110100
101101001100110110
101101001100111000
101101001100111010
101101001101010000
101101001101010010
101101001101010100
101101001101010110
101101001101011000
101101001101011010
101101001101110000
101101001101110010
101101001101110100
101101001101110110
101101001101111000
101101001101111010
101101001110010000
101101001110010010
101101001110010100
101101001110010110
101101001110011000
101101001110011010
101101001110110000
101101001110110010
101101001110110100
101101001110110110
101101001110111000
101101001110111010
101101001111010000
101101001111010010
101101001111010100
101101001111010110
101101001111011000
101101001111011010
101101001111110000
101101001111110010
101101001111110100
101101001111110110
101101001111111000
101101001111111010
101101010000110100
101101010000110110
101101010001110100
101101010001110110
101101010011110100
101101010011110110
101101010100110100
101101010100110110
101101010101110100
101101010101110110
101101010110110100
101101010110110110
101101010111110100
101101010111110110
101101011000110100
101101011000110110
101101011001110100
101101011001110110
101101011100110100
101101011100110110
101101011101110100
101101011101110110
101101011110110100
101101011110110110
101101011111110100
101101011111110110
101101100000010000
101101100000010001
101101100000010010
101101100000010011
101101100000010100
101101100000010101
101101100000010110
101101100000010111
101101100000011000
101101100000011010
101101100000011101
101101100000011111
101101100000110000
101101100000110001
101101100000110010
101101100000110011
101101100000110100
101101100000110101
101101100000110110
101101100000110111
101101100000111101
101101100000111111
101101100001010000
101101100001010001
101101100001010010
101101100001010011
101101100001010100
101101100001010101
101101100001010110
101101100001010111
101101100001011000
101101100001011010
101101100001011101
101101100001011111
101101100001110000
101101100001110001
101101100001110010
101101100001110011
101101100001110100
101101100001110101
101101100001110110
101101100001110111
101101100001111101
101101100001111111
101101100011010000
101101100011010001
101101100011010010
101101100011010011
101101100011010100
101101100011010101
101101100011010110
101101100011010111
101101100011011000
101101100011011010
101101100011011101
101101100011011111
101101100011110000
101101100011110001
101101100011110010
101101100011110011
101101100011110100
101101100011110101
101101100011110110
101101100011110111
101101100011111101
101101100011111111
101101100100010000
101101100100010001
101101100100010010
101101100100010011
101101100100010100
101101100100010101
101101100100010110
101101100100010111
101101100100011000
101101100100011010
101101100100011101
101101100100011111
101101100100110000
101101100100110001
101101100100110010
101101100100110011
101101100100110100
101101100100110101
101101100100110110
101101100100110111
101101100100111101
101101100100111111
101101100101010000
101101100101010001
101101100101010010
101101100101010011
101101100101010100
101101100101010101
101101100101010110
101101100101010111
101101100101011000
101101100101011010
101101100101011101
101101100101011111
101101100101110000
101101100101110001
101101100101110010
101101100101110011
101101100101110100
101101100101110101
101101100101110110
101101100101110111
101101100101111101
101101100101111111
101101100110010000
101101100110010001
101101100110010010
101101100110010011
101101100110010100
101101100110010101
101101100110010110
101101100110010111
101101100110011000
101101100110011010
101101100110011101
101101100110011111
101101100110110000
101101100110110001
101101100110110010
101101100110110011
101101100110110100
101101100110110101
101101100110110110
101101100110110111
101101100110111101
101101100110111111
101101100111010000
101101100111010001
101101100111010010
101101100111010011
101101100111010100
101101100111010101
101101100111010110
101101100111010111
101101100111011000
101101100111011010
101101100111011101
101101100111011111
101101100111110000
101101100111110001
101101100111110010
101101100111110011
101101100111110100
101101100111110101
101101100111110110
101101100111110111
101101100111111101
101101100111111111
101101101000010000
101101101000010010
101101101000010100
101101101000010110
101101101000011000
101101101000011010
101101101000110000
101101101000110010
101101101000110100
101101101000110110
101101101001010000
101101101001010010
101101101001010100
101101101001010110
101101101001011000
101101101001011010
101101101001110000
101101101001110010
101101101001110100
101101101001110110
101101101011010000
101101101011110000
101101101100010000
101101101100010010
101101101100010100
101101101100010110
101101101100011000
101101101100011010
101101101100110000
101101101100110010
101101101100110100
101101101100110110
101101101101010000
101101101101010010
101101101101010100
101101101101010110
101101101101011000
101101101101011010
101101101101110000
101101101101110010
101101101101110100
101101101101110110
101101101110010000
101101101110010010
101101101110010100
101101101110010110
101101101110011000
101101101110011010
101101101110110000
101101101110110010
101101101110110100
101101101110110110
101101101111010000
101101101111010010
101101101111010100
101101101111010110
101101101111011000
101101101111011010
101101101111110000
101101101111110010
101101101111110100
101101101111110110
101101110000110100
101101110000110110
101101110001110100
101101110001110110
101101110011110100
101101110011110110
101101110100110100
101101110100110110
101101110101110100
101101110101110110
101101110110110100
101101110110110110
101101110111110100
101101110111110110
101101111000110100
101101111000110110
101101111001110100
101101111001110110
101101111100110100
101101111100110110
101101111101110100
101101111101110110
101101111110110100
101101111110110110
101101111111110100
101101111111110110
101111000000010000
101111000000010001
101111000000010010
101111000000010011
101111000000010100
101111000000010101
101111000000010110
101111000000010111
101111000000011000
101111000000011010
101111000000011101
101111000000011111
101111000000110000
101111000000110001
101111000000110010
101111000000110011
101111000000110100
101111000000110101
101111000000110110
101111000000110111
101111000000111000
101111000000111010
101111000000111101
101111000000111111
101111000001010000
101111000001010001
101111000001010010
101111000001010011
101111000001010100
101111000001010101
101111000001010110
101111000001010111
101111000001011000
101111000001011010
101111000001011101
101111000001011111
101111000001110000
101111000001110001
101111000001110010
101111000001110011
101111000001110100
101111000001110101
101111000001110110
101111000001110111
101111000001111000
101111000001111010
101111000001111101
101111000001111111
101111000011010000
101111000011010001
101111000011010010
101111000011010011
101111000011010100
101111000011010101
101111000011010110
101111000011010111
101111000011011000
101111000011011010
101111000011011101
101111000011011111
101111000011110000
101111000011110001
101111000011110010
101111000011110011
101111000011110100
101111000011110101
101111000011110110
101111000011110111
101111000011111000
101111000011111010
101111000011111101
101111000011111111
101111000100010000
101111000100010001
101111000100010010
101111000100010011
101111000100010100
101111000100010101
101111000100010110
101111000100010111
101111000100011000
101111000100011010
101111000100011101
101111000100011111
101111000100110000
101111000100110001
101111000100110010
101111000100110011
101111000100110100
101111000100110101
101111000100110110
101111000100110111
101111000100111000
101111000100111010
101111000100111101
101111000100111111
101111000101010000
101111000101010001
101111000101010010
101111000101010011
101111000101010100
101111000101010101
101111000101010110
101111000101010111
101111000101011000
101111000101011010
101111000101011101
101111000101011111
101111000101110000
101111000101110001
101111000101110010
101111000101110011
101111000101110100
101111000101110101
101111000101110110
101111000101110111
101111000101111000
101111000101111010
101111000101111101
101111000101111111
101111000110010000
101111000110010001
101111000110010010
101111000110010011
101111000110010100
101111000110010101
101111000110010110
101111000110010111
101111000110011000
101111000110011010
101111000110011101
101111000110011111
101111000110110000
101111000110110001
101111000110110010
101111000110110011
101111000110110100
101111000110110101
101111000110110110
101111000110110111
101111000110111000
101111000110111010
101111000110111101
101111000110111111
101111000111010000
101111000111010001
101111000111010010
101111000111010011
101111000111010100
101111000111010101
101111000111010110
101111000111010111
101111000111011000
101111000111011010
101111000111011101
101111000111011111
101111000111110000
101111000111110001
101111000111110010
101111000111110011
101111000111110100
101111000111110101
101111000111110110
101111000111110111
101111000111111000
101111000111111010
101111000111111101
101111000111111111
101111001000010000
101111001000010010
101111001000010100
101111001000010110
101111001000011000
101111001000011010
101111001000110000
101111001000110010
101111001000110100
101111001000110110
101111001000111000
101111001000111010
101111001001010000
101111001001010010
101111001001010100
101111001001010110
101111001001011000
101111001001011010
101111001001110000
101111001001110010
101111001001110100
101111001001110110
101111001001111000
101111001001111010
101111001011010000
101111001011110000
101111001100010000
101111001100010010
101111001100010100
101111001100010110
101111001100011000
101111001100011010
101111001100110000
101111001100110010
101111001100110100
101111001100110110
101111001100111000
101111001100111010
101111001101010000
101111001101010010
101111001101010100
101111001101010110
101111001101011000
101111001101011010
101111001101110000
101111001101110010
101111001101110100
101111001101110110
101111001101111000
101111001101111010
101111001110010000
101111001110010010
101111001110010100
101111001110010110
101111001110011000
101111001110011010
101111001110110000
101111001110110010
101111001110110100
101111001110110110
101111001110111000
101111001110111010
101111001111010000
101111001111010010
101111001111010100
101111001111010110
101111001111011000
101111001111011010
101111001111110000
101111001111110010
101111001111110100
101111001111110110
101111001111111000
101111001111111010
101111010000110100
101111010000110110
101111010001110100
101111010001110110
101111010011110100
101111010011110110
101111010100110100
101111010100110110
101111010101110100
101111010101110110
101111010110110100
101111010110110110
101111010111110100
101111010111110110
101111011000110100
101111011000110110
101111011001110100
101111011001110110
101111011100110100
101111011100110110
101111011101110100
101111011101110110
101111011110110100
101111011110110110
101111011111110100
101111011111110110
101111100000010000
101111100000010001
101111100000010010
101111100000010011
101111100000010100
101111100000010101
101111100000010110
101111100000010111
101111100000011000
101111100000011010
101111100000011101
101111100000011111
101111100000110000
101111100000110001
101111100000110010
101111100000110011
101111100000110100
101111100000110101
101111100000110110
101111100000110111
101111100000111101
101111100000111111
101111100001010000
101111100001010001
101111100001010010
101111100001010011
101111100001010100
101111100001010101
101111100001010110
101111100001010111
101111100001011000
101111100001011010
101111100001011101
101111100001011111
101111100001110000
101111100001110001
101111100001110010
101111100001110011
101111100001110100
101111100001110101
101111100001110110
101111100001110111
101111100001111101
101111100001111111
101111100011010000
101111100011010001
101111100011010010
101111100011010011
101111100011010100
101111100011010101
101111100011010110
101111100011010111
101111100011011000
101111100011011010
101111100011011101
101111100011011111
101111100011110000
101111100011110001
101111100011110010
101111100011110011
101111100011110100
101111100011110101
101111100011110110
101111100011110111
101111100011111101
101111100011111111
101111100100010000
101111100100010001
101111100100010010
101111100100010011
101111100100010100
101111100100010101
101111100100010110
101111100100010111
101111100100011000
101111100100011010
101111100100011101
101111100100011111
101111100100110000
101111100100110001
101111100100110010
101111100100110011
101111100100110100
101111100100110101
101111100100110110
101111100100110111
101111100100111101
101111100100111111
101111100101010000
101111100101010001
101111100101010010
101111100101010011
101111100101010100
101111100101010101
101111100101010110
101111100101010111
101111100101011000
101111100101011010
101111100101011101
101111100101011111
101111100101110000
101111100101110001
101111100101110010
101111100101110011
101111100101110100
101111100101110101
101111100101110110
101111100101110111
101111100101111101
101111100101111111
101111100110010000
101111100110010001
101111100110010010
101111100110010011
101111100110010100
101111100110010101
101111100110010110
101111100110010111
101111100110011000
101111100110011010
101111100110011101
101111100110011111
101111100110110000
101111100110110001
101111100110110010
101111100110110011
101111100110110100
101111100110110101
101111100110110110
101111100110110111
101111100110111101
101111100110111111
101111100111010000
101111100111010001
101111100111010010
101111100111010011
101111100111010100
101111100111010101
101111100111010110
101111100111010111
101111100111011000
101111100111011010
101111100111011101
101111100111011111
101111100111110000
101111100111110001
101111100111110010
101111100111110011
101111100111110100
101111100111110101
101111100111110110
101111100111110111
101111100111111101
101111100111111111
101111101000010000
101111101000010010
101111101000010100
101111101000010110
101111101000011000
101111101000011010
101111101000110000
101111101000110010
101111101000110100
101111101000110110
101111101001010000
101111101001010010
101111101001010100
101111101001010110
101111101001011000
101111101001011010
101111101001110000
101111101001110010
101111101001110100
101111101001110110
101111101011010000
101111101011110000
101111101100010000
101111101100010010
101111101100010100
101111101100010110
101111101100011000
101111101100011010
101111101100110000
101111101100110010
101111101100110100
101111101100110110
101111101101010000
101111101101010010
101111101101010100
101111101101010110
101111101101011000
101111101101011010
101111101101110000
101111101101110010
101111101101110100
101111101101110110
101111101110010000
101111101110010010
101111101110010100
101111101110010110
101111101110011000
101111101110011010
101111101110110000
101111101110110010
101111101110110100
101111101110110110
101111101111010000
101111101111010010
101111101111010100
101111101111010110
101111101111011000
101111101111011010
101111101111110000
101111101111110010
101111101111110100
101111101111110110
101111110000110100
101111110000110110
101111110001110100
101111110001110110
101111110011110100
101111110011110110
101111110100110100
101111110100110110
101111110101110100
101111110101110110
101111110110110100
101111110110110110
101111110111110100
101111110111110110
101111111000110100
101111111000110110
101111111001110100
101111111001110110
101111111100110100
101111111100110110
101111111101110100
101111111101110110
101111111110110100
101111111110110110
101111111111110100
101111111111110110
