100001010000000000
100001010000000001
100001010000000010
100001010000000011
100001010000000100
100001010000000101
100001010000000110
100001010000000111
100001010000001000
100001010000001010
100001010000001101
100001010000001111
100001010000010000
100001010000010001
100001010000010010
100001010000010011
100001010000010100
100001010000010101
100001010000010110
100001010000010111
100001010000011000
100001010000011010
100001010000011101
100001010000011111
100001010000100000
100001010000100001
100001010000100010
100001010000100011
100001010000100101
100001010000100111
100001010000101000
100001010000101010
100001010000101101
100001010000101111
100001010000110000
100001010000110001
100001010000110010
100001010000110011
100001010000110101
100001010000110111
100001010000111000
100001010000111010
100001010000111101
100001010000111111
100001010001000000
100001010001000001
100001010001000010
100001010001000011
100001010001000100
100001010001000101
100001010001000110
100001010001000111
100001010001001000
100001010001001010
100001010001001101
100001010001001111
100001010001100000
100001010001100001
100001010001100010
100001010001100011
100001010001100101
100001010001100111
100001010001101000
100001010001101010
100001010001101101
100001010001101111
100001010001110001
100001010001110011
100001010011000000
100001010011000001
100001010011000010
100001010011000011
100001010011000100
100001010011000101
100001010011000110
100001010011000111
100001010011001000
100001010011001010
100001010011001101
100001010011001111
100001010011100000
100001010011100001
100001010011100010
100001010011100011
100001010011100101
100001010011100111
100001010011101000
100001010011101010
100001010011101101
100001010011101111
100001010011110001
100001010011110011
100001010100000000
100001010100000001
100001010100000010
100001010100000011
100001010100000100
100001010100000101
100001010100000110
100001010100000111
100001010100001000
100001010100001010
100001010100001101
100001010100001111
100001010100010000
100001010100010001
100001010100010010
100001010100010011
100001010100010100
100001010100010101
100001010100010110
100001010100010111
100001010100011000
100001010100011010
100001010100011101
100001010100011111
100001010100100000
100001010100100001
100001010100100010
100001010100100011
100001010100100101
100001010100100111
100001010100101000
100001010100101010
100001010100101101
100001010100101111
100001010100110000
100001010100110001
100001010100110010
100001010100110011
100001010100110101
100001010100110111
100001010100111000
100001010100111010
100001010100111101
100001010100111111
100001010101000000
100001010101000001
100001010101000010
100001010101000011
100001010101000100
100001010101000101
100001010101000110
100001010101000111
100001010101001000
100001010101001010
100001010101001101
100001010101001111
100001010101100000
100001010101100001
100001010101100010
100001010101100011
100001010101100101
100001010101100111
100001010101101000
100001010101101010
100001010101101101
100001010101101111
100001010101110001
100001010101110011
100001010110000000
100001010110000001
100001010110000010
100001010110000011
100001010110000100
100001010110000101
100001010110000110
100001010110000111
100001010110001000
100001010110001010
100001010110001101
100001010110001111
100001010110010000
100001010110010001
100001010110010010
100001010110010011
100001010110010100
100001010110010101
100001010110010110
100001010110010111
100001010110011000
100001010110011010
100001010110011101
100001010110011111
100001010110100000
100001010110100001
100001010110100010
100001010110100011
100001010110100101
100001010110100111
100001010110101000
100001010110101010
100001010110101101
100001010110101111
100001010110110000
100001010110110001
100001010110110010
100001010110110011
100001010110110101
100001010110110111
100001010110111000
100001010110111010
100001010110111101
100001010110111111
100001010111000000
100001010111000001
100001010111000010
100001010111000011
100001010111000100
100001010111000101
100001010111000110
100001010111000111
100001010111001000
100001010111001010
100001010111001101
100001010111001111
100001010111100000
100001010111100001
100001010111100010
100001010111100011
100001010111100101
100001010111100111
100001010111101000
100001010111101010
100001010111101101
100001010111101111
100001010111110001
100001010111110011
100001011000000000
100001011000000010
100001011000000100
100001011000000110
100001011000001000
100001011000001010
100001011000010000
100001011000010010
100001011000010100
100001011000010110
100001011000011000
100001011000011010
100001011000100000
100001011000100010
100001011000101000
100001011000101010
100001011000110000
100001011000110010
100001011000111000
100001011000111010
100001011001000000
100001011001000010
100001011001000100
100001011001000110
100001011001001000
100001011001001010
100001011001100000
100001011001100010
100001011001101000
100001011001101010
100001011011000000
100001011011000010
100001011011000100
100001011011000110
100001011011001000
100001011011001010
100001011011100000
100001011011100010
100001011011101000
100001011011101010
100001011100000000
100001011100000010
100001011100000100
100001011100000110
100001011100001000
100001011100001010
100001011100010000
100001011100010010
100001011100010100
100001011100010110
100001011100011000
100001011100011010
100001011100100000
100001011100100010
100001011100101000
100001011100101010
100001011100110000
100001011100110010
100001011100111000
100001011100111010
100001011101000000
100001011101000010
100001011101000100
100001011101000110
100001011101001000
100001011101001010
100001011101100000
100001011101100010
100001011101101000
100001011101101010
100001011110000000
100001011110000010
100001011110000100
100001011110000110
100001011110001000
100001011110001010
100001011110010000
100001011110010010
100001011110010100
100001011110010110
100001011110011000
100001011110011010
100001011110100000
100001011110100010
100001011110101000
100001011110101010
100001011110110000
100001011110110010
100001011110111000
100001011110111010
100001011111000000
100001011111000010
100001011111000100
100001011111000110
100001011111001000
100001011111001010
100001011111100000
100001011111100010
100001011111101000
100001011111101010
100001110000000000
100001110000000001
100001110000000010
100001110000000011
100001110000000100
100001110000000101
100001110000000110
100001110000000111
100001110000001000
100001110000001010
100001110000001101
100001110000001111
100001110000010000
100001110000010001
100001110000010010
100001110000010011
100001110000010100
100001110000010101
100001110000010110
100001110000010111
100001110000011000
100001110000011010
100001110000011101
100001110000011111
100001110000100000
100001110000100001
100001110000100010
100001110000100011
100001110000100101
100001110000100111
100001110000101101
100001110000101111
100001110000110000
100001110000110001
100001110000110010
100001110000110011
100001110000110101
100001110000110111
100001110000111101
100001110000111111
100001110001000000
100001110001000001
100001110001000010
100001110001000011
100001110001000100
100001110001000101
100001110001000110
100001110001000111
100001110001001000
100001110001001010
100001110001001101
100001110001001111
100001110001100000
100001110001100001
100001110001100010
100001110001100011
100001110001100101
100001110001100111
100001110001101101
100001110001101111
100001110001110001
100001110001110011
100001110011000000
100001110011000001
100001110011000010
100001110011000011
100001110011000100
100001110011000101
100001110011000110
100001110011000111
100001110011001000
100001110011001010
100001110011001101
100001110011001111
100001110011100000
100001110011100001
100001110011100010
100001110011100011
100001110011100101
100001110011100111
100001110011101101
100001110011101111
100001110011110001
100001110011110011
100001110100000000
100001110100000001
100001110100000010
100001110100000011
100001110100000100
100001110100000101
100001110100000110
100001110100000111
100001110100001000
100001110100001010
100001110100001101
100001110100001111
100001110100010000
100001110100010001
100001110100010010
100001110100010011
100001110100010100
100001110100010101
100001110100010110
100001110100010111
100001110100011000
100001110100011010
100001110100011101
100001110100011111
100001110100100000
100001110100100001
100001110100100010
100001110100100011
100001110100100101
100001110100100111
100001110100101101
100001110100101111
100001110100110000
100001110100110001
100001110100110010
100001110100110011
100001110100110101
100001110100110111
100001110100111101
100001110100111111
100001110101000000
100001110101000001
100001110101000010
100001110101000011
100001110101000100
100001110101000101
100001110101000110
100001110101000111
100001110101001000
100001110101001010
100001110101001101
100001110101001111
100001110101100000
100001110101100001
100001110101100010
100001110101100011
100001110101100101
100001110101100111
100001110101101101
100001110101101111
100001110101110001
100001110101110011
100001110110000000
100001110110000001
100001110110000010
100001110110000011
100001110110000100
100001110110000101
100001110110000110
100001110110000111
100001110110001000
100001110110001010
100001110110001101
100001110110001111
100001110110010000
100001110110010001
100001110110010010
100001110110010011
100001110110010100
100001110110010101
100001110110010110
100001110110010111
100001110110011000
100001110110011010
100001110110011101
100001110110011111
100001110110100000
100001110110100001
100001110110100010
100001110110100011
100001110110100101
100001110110100111
100001110110101101
100001110110101111
100001110110110000
100001110110110001
100001110110110010
100001110110110011
100001110110110101
100001110110110111
100001110110111101
100001110110111111
100001110111000000
100001110111000001
100001110111000010
100001110111000011
100001110111000100
100001110111000101
100001110111000110
100001110111000111
100001110111001000
100001110111001010
100001110111001101
100001110111001111
100001110111100000
100001110111100001
100001110111100010
100001110111100011
100001110111100101
100001110111100111
100001110111101101
100001110111101111
100001110111110001
100001110111110011
100001111000000000
100001111000000010
100001111000000100
100001111000000110
100001111000001000
100001111000001010
100001111000010000
100001111000010010
100001111000010100
100001111000010110
100001111000011000
100001111000011010
100001111000100000
100001111000100010
100001111000110000
100001111000110010
100001111001000000
100001111001000010
100001111001000100
100001111001000110
100001111001001000
100001111001001010
100001111001100000
100001111001100010
100001111011000000
100001111011000010
100001111011000100
100001111011000110
100001111011001000
100001111011001010
100001111011100000
100001111011100010
100001111100000000
100001111100000010
100001111100000100
100001111100000110
100001111100001000
100001111100001010
100001111100010000
100001111100010010
100001111100010100
100001111100010110
100001111100011000
100001111100011010
100001111100100000
100001111100100010
100001111100110000
100001111100110010
100001111101000000
100001111101000010
100001111101000100
100001111101000110
100001111101001000
100001111101001010
100001111101100000
100001111101100010
100001111110000000
100001111110000010
100001111110000100
100001111110000110
100001111110001000
100001111110001010
100001111110010000
100001111110010010
100001111110010100
100001111110010110
100001111110011000
100001111110011010
100001111110100000
100001111110100010
100001111110110000
100001111110110010
100001111111000000
100001111111000010
100001111111000100
100001111111000110
100001111111001000
100001111111001010
100001111111100000
100001111111100010
100011010000000000
100011010000000001
100011010000000010
100011010000000011
100011010000000100
100011010000000101
100011010000000110
100011010000000111
100011010000001000
100011010000001010
100011010000001101
100011010000001111
100011010000010000
100011010000010001
100011010000010010
100011010000010011
100011010000010100
100011010000010101
100011010000010110
100011010000010111
100011010000011000
100011010000011010
100011010000011101
100011010000011111
100011010000100000
100011010000100001
100011010000100010
100011010000100011
100011010000100101
100011010000100111
100011010000101000
100011010000101010
100011010000101101
100011010000101111
100011010000110000
100011010000110001
100011010000110010
100011010000110011
100011010000110101
100011010000110111
100011010000111000
100011010000111010
100011010000111101
100011010000111111
100011010001000000
100011010001000001
100011010001000010
100011010001000011
100011010001000100
100011010001000101
100011010001000110
100011010001000111
100011010001001000
100011010001001010
100011010001001101
100011010001001111
100011010001100000
100011010001100001
100011010001100010
100011010001100011
100011010001100101
100011010001100111
100011010001101000
100011010001101010
100011010001101101
100011010001101111
100011010001110001
100011010001110011
100011010011000000
100011010011000001
100011010011000010
100011010011000011
100011010011000100
100011010011000101
100011010011000110
100011010011000111
100011010011001000
100011010011001010
100011010011001101
100011010011001111
100011010011100000
100011010011100001
100011010011100010
100011010011100011
100011010011100101
100011010011100111
100011010011101000
100011010011101010
100011010011101101
100011010011101111
100011010011110001
100011010011110011
100011010100000000
100011010100000001
100011010100000010
100011010100000011
100011010100000100
100011010100000101
100011010100000110
100011010100000111
100011010100001000
100011010100001010
100011010100001101
100011010100001111
100011010100010000
100011010100010001
100011010100010010
100011010100010011
100011010100010100
100011010100010101
100011010100010110
100011010100010111
100011010100011000
100011010100011010
100011010100011101
100011010100011111
100011010100100000
100011010100100001
100011010100100010
100011010100100011
100011010100100101
100011010100100111
100011010100101000
100011010100101010
100011010100101101
100011010100101111
100011010100110000
100011010100110001
100011010100110010
100011010100110011
100011010100110101
100011010100110111
100011010100111000
100011010100111010
100011010100111101
100011010100111111
100011010101000000
100011010101000001
100011010101000010
100011010101000011
100011010101000100
100011010101000101
100011010101000110
100011010101000111
100011010101001000
100011010101001010
100011010101001101
100011010101001111
100011010101100000
100011010101100001
100011010101100010
100011010101100011
100011010101100101
100011010101100111
100011010101101000
100011010101101010
100011010101101101
100011010101101111
100011010101110001
100011010101110011
100011010110000000
100011010110000001
100011010110000010
100011010110000011
100011010110000100
100011010110000101
100011010110000110
100011010110000111
100011010110001000
100011010110001010
100011010110001101
100011010110001111
100011010110010000
100011010110010001
100011010110010010
100011010110010011
100011010110010100
100011010110010101
100011010110010110
100011010110010111
100011010110011000
100011010110011010
100011010110011101
100011010110011111
100011010110100000
100011010110100001
100011010110100010
100011010110100011
100011010110100101
100011010110100111
100011010110101000
100011010110101010
100011010110101101
100011010110101111
100011010110110000
100011010110110001
100011010110110010
100011010110110011
100011010110110101
100011010110110111
100011010110111000
100011010110111010
100011010110111101
100011010110111111
100011010111000000
100011010111000001
100011010111000010
100011010111000011
100011010111000100
100011010111000101
100011010111000110
100011010111000111
100011010111001000
100011010111001010
100011010111001101
100011010111001111
100011010111100000
100011010111100001
100011010111100010
100011010111100011
100011010111100101
100011010111100111
100011010111101000
100011010111101010
100011010111101101
100011010111101111
100011010111110001
100011010111110011
100011011000000000
100011011000000010
100011011000000100
100011011000000110
100011011000001000
100011011000001010
100011011000010000
100011011000010010
100011011000010100
100011011000010110
100011011000011000
100011011000011010
100011011000100000
100011011000100010
100011011000101000
100011011000101010
100011011000110000
100011011000110010
100011011000111000
100011011000111010
100011011001000000
100011011001000010
100011011001000100
100011011001000110
100011011001001000
100011011001001010
100011011001100000
100011011001100010
100011011001101000
100011011001101010
100011011011000000
100011011011000010
100011011011000100
100011011011000110
100011011011001000
100011011011001010
100011011011100000
100011011011100010
100011011011101000
100011011011101010
100011011100000000
100011011100000010
100011011100000100
100011011100000110
100011011100001000
100011011100001010
100011011100010000
100011011100010010
100011011100010100
100011011100010110
100011011100011000
100011011100011010
100011011100100000
100011011100100010
100011011100101000
100011011100101010
100011011100110000
100011011100110010
100011011100111000
100011011100111010
100011011101000000
100011011101000010
100011011101000100
100011011101000110
100011011101001000
100011011101001010
100011011101100000
100011011101100010
100011011101101000
100011011101101010
100011011110000000
100011011110000010
100011011110000100
100011011110000110
100011011110001000
100011011110001010
100011011110010000
100011011110010010
100011011110010100
100011011110010110
100011011110011000
100011011110011010
100011011110100000
100011011110100010
100011011110101000
100011011110101010
100011011110110000
100011011110110010
100011011110111000
100011011110111010
100011011111000000
100011011111000010
100011011111000100
100011011111000110
100011011111001000
100011011111001010
100011011111100000
100011011111100010
100011011111101000
100011011111101010
100011110000000000
100011110000000001
100011110000000010
100011110000000011
100011110000000100
100011110000000101
100011110000000110
100011110000000111
100011110000001000
100011110000001010
100011110000001101
100011110000001111
100011110000010000
100011110000010001
100011110000010010
100011110000010011
100011110000010100
100011110000010101
100011110000010110
100011110000010111
100011110000011000
100011110000011010
100011110000011101
100011110000011111
100011110000100000
100011110000100001
100011110000100010
100011110000100011
100011110000100101
100011110000100111
100011110000101101
100011110000101111
100011110000110000
100011110000110001
100011110000110010
100011110000110011
100011110000110101
100011110000110111
100011110000111101
100011110000111111
100011110001000000
100011110001000001
100011110001000010
100011110001000011
100011110001000100
100011110001000101
100011110001000110
100011110001000111
100011110001001000
100011110001001010
100011110001001101
100011110001001111
100011110001100000
100011110001100001
100011110001100010
100011110001100011
100011110001100101
100011110001100111
100011110001101101
100011110001101111
100011110001110001
100011110001110011
100011110011000000
100011110011000001
100011110011000010
100011110011000011
100011110011000100
100011110011000101
100011110011000110
100011110011000111
100011110011001000
100011110011001010
100011110011001101
100011110011001111
100011110011100000
100011110011100001
100011110011100010
100011110011100011
100011110011100101
100011110011100111
100011110011101101
100011110011101111
100011110011110001
100011110011110011
100011110100000000
100011110100000001
100011110100000010
100011110100000011
100011110100000100
100011110100000101
100011110100000110
100011110100000111
100011110100001000
100011110100001010
100011110100001101
100011110100001111
100011110100010000
100011110100010001
100011110100010010
100011110100010011
100011110100010100
100011110100010101
100011110100010110
100011110100010111
100011110100011000
100011110100011010
100011110100011101
100011110100011111
100011110100100000
100011110100100001
100011110100100010
100011110100100011
100011110100100101
100011110100100111
100011110100101101
100011110100101111
100011110100110000
100011110100110001
100011110100110010
100011110100110011
100011110100110101
100011110100110111
100011110100111101
100011110100111111
100011110101000000
100011110101000001
100011110101000010
100011110101000011
100011110101000100
100011110101000101
100011110101000110
100011110101000111
100011110101001000
100011110101001010
100011110101001101
100011110101001111
100011110101100000
100011110101100001
100011110101100010
100011110101100011
100011110101100101
100011110101100111
100011110101101101
100011110101101111
100011110101110001
100011110101110011
100011110110000000
100011110110000001
100011110110000010
100011110110000011
100011110110000100
100011110110000101
100011110110000110
100011110110000111
100011110110001000
100011110110001010
100011110110001101
100011110110001111
100011110110010000
100011110110010001
100011110110010010
100011110110010011
100011110110010100
100011110110010101
100011110110010110
100011110110010111
100011110110011000
100011110110011010
100011110110011101
100011110110011111
100011110110100000
100011110110100001
100011110110100010
100011110110100011
100011110110100101
100011110110100111
100011110110101101
100011110110101111
100011110110110000
100011110110110001
100011110110110010
100011110110110011
100011110110110101
100011110110110111
100011110110111101
100011110110111111
100011110111000000
100011110111000001
100011110111000010
100011110111000011
100011110111000100
100011110111000101
100011110111000110
100011110111000111
100011110111001000
100011110111001010
100011110111001101
100011110111001111
100011110111100000
100011110111100001
100011110111100010
100011110111100011
100011110111100101
100011110111100111
100011110111101101
100011110111101111
100011110111110001
100011110111110011
100011111000000000
100011111000000010
100011111000000100
100011111000000110
100011111000001000
100011111000001010
100011111000010000
100011111000010010
100011111000010100
100011111000010110
100011111000011000
100011111000011010
100011111000100000
100011111000100010
100011111000110000
100011111000110010
100011111001000000
100011111001000010
100011111001000100
100011111001000110
100011111001001000
100011111001001010
100011111001100000
100011111001100010
100011111011000000
100011111011000010
100011111011000100
100011111011000110
100011111011001000
100011111011001010
100011111011100000
100011111011100010
100011111100000000
100011111100000010
100011111100000100
100011111100000110
100011111100001000
100011111100001010
100011111100010000
100011111100010010
100011111100010100
100011111100010110
100011111100011000
100011111100011010
100011111100100000
100011111100100010
100011111100110000
100011111100110010
100011111101000000
100011111101000010
100011111101000100
100011111101000110
100011111101001000
100011111101001010
100011111101100000
100011111101100010
100011111110000000
100011111110000010
100011111110000100
100011111110000110
100011111110001000
100011111110001010
100011111110010000
100011111110010010
100011111110010100
100011111110010110
100011111110011000
100011111110011010
100011111110100000
100011111110100010
100011111110110000
100011111110110010
100011111111000000
100011111111000010
100011111111000100
100011111111000110
100011111111001000
100011111111001010
100011111111100000
100011111111100010
100101010000000000
100101010000000001
100101010000000010
100101010000000011
100101010000000100
100101010000000101
100101010000000110
100101010000000111
100101010000001000
100101010000001010
100101010000001101
100101010000001111
100101010000100000
100101010000100001
100101010000100010
100101010000100011
100101010000100101
100101010000100111
100101010000101000
100101010000101010
100101010000101101
100101010000101111
100101010000110001
100101010000110011
100101010001000000
100101010001000001
100101010001000010
100101010001000011
100101010001000100
100101010001000101
100101010001000110
100101010001000111
100101010001001000
100101010001001010
100101010001001101
100101010001001111
100101010001100000
100101010001100001
100101010001100010
100101010001100011
100101010001100101
100101010001100111
100101010001101000
100101010001101010
100101010001101101
100101010001101111
100101010001110001
100101010001110011
100101010011000000
100101010011000001
100101010011000010
100101010011000011
100101010011000100
100101010011000101
100101010011000110
100101010011000111
100101010011001000
100101010011001010
100101010011001101
100101010011001111
100101010011100000
100101010011100001
100101010011100010
100101010011100011
100101010011100101
100101010011100111
100101010011101000
100101010011101010
100101010011101101
100101010011101111
100101010011110001
100101010011110011
100101010100000000
100101010100000001
100101010100000010
100101010100000011
100101010100000100
100101010100000101
100101010100000110
100101010100000111
100101010100001000
100101010100001010
100101010100001101
100101010100001111
100101010100100000
100101010100100001
100101010100100010
100101010100100011
100101010100100101
100101010100100111
100101010100101000
100101010100101010
100101010100101101
100101010100101111
100101010100110001
100101010100110011
100101010101000000
100101010101000001
100101010101000010
100101010101000011
100101010101000100
100101010101000101
100101010101000110
100101010101000111
100101010101001000
100101010101001010
100101010101001101
100101010101001111
100101010101100000
100101010101100001
100101010101100010
100101010101100011
100101010101100101
100101010101100111
100101010101101000
100101010101101010
100101010101101101
100101010101101111
100101010101110001
100101010101110011
100101010110000000
100101010110000001
100101010110000010
100101010110000011
100101010110000100
100101010110000101
100101010110000110
100101010110000111
100101010110001000
100101010110001010
100101010110001101
100101010110001111
100101010110100000
100101010110100001
100101010110100010
100101010110100011
100101010110100101
100101010110100111
100101010110101000
100101010110101010
100101010110101101
100101010110101111
100101010110110001
100101010110110011
100101010111000000
100101010111000001
100101010111000010
100101010111000011
100101010111000100
100101010111000101
100101010111000110
100101010111000111
100101010111001000
100101010111001010
100101010111001101
100101010111001111
100101010111100000
100101010111100001
100101010111100010
100101010111100011
100101010111100101
100101010111100111
100101010111101000
100101010111101010
100101010111101101
100101010111101111
100101010111110001
100101010111110011
100101011000000000
100101011000000010
100101011000000100
100101011000000110
100101011000001000
100101011000001010
100101011000100000
100101011000100010
100101011000101000
100101011000101010
100101011001000000
100101011001000010
100101011001000100
100101011001000110
100101011001001000
100101011001001010
100101011001100000
100101011001100010
100101011001101000
100101011001101010
100101011011000000
100101011011100000
100101011100000000
100101011100000010
100101011100000100
100101011100000110
100101011100001000
100101011100001010
100101011100100000
100101011100100010
100101011100101000
100101011100101010
100101011101000000
100101011101000010
100101011101000100
100101011101000110
100101011101001000
100101011101001010
100101011101100000
100101011101100010
100101011101101000
100101011101101010
100101011110000000
100101011110000010
100101011110000100
100101011110000110
100101011110001000
100101011110001010
100101011110100000
100101011110100010
100101011110101000
100101011110101010
100101011111000000
100101011111000010
100101011111000100
100101011111000110
100101011111001000
100101011111001010
100101011111100000
100101011111100010
100101011111101000
100101011111101010
100101110000000000
100101110000000001
100101110000000010
100101110000000011
100101110000000100
100101110000000101
100101110000000110
100101110000000111
100101110000001000
100101110000001010
100101110000001101
100101110000001111
100101110000100000
100101110000100001
100101110000100010
100101110000100011
100101110000100101
100101110000100111
100101110000101101
100101110000101111
100101110000110001
100101110000110011
100101110001000000
100101110001000001
100101110001000010
100101110001000011
100101110001000100
100101110001000101
100101110001000110
100101110001000111
100101110001001000
100101110001001010
100101110001001101
100101110001001111
100101110001100000
100101110001100001
100101110001100010
100101110001100011
100101110001100101
100101110001100111
100101110001101101
100101110001101111
100101110001110001
100101110001110011
100101110011000000
100101110011000001
100101110011000010
100101110011000011
100101110011000100
100101110011000101
100101110011000110
100101110011000111
100101110011001000
100101110011001010
100101110011001101
100101110011001111
100101110011100000
100101110011100001
100101110011100010
100101110011100011
100101110011100101
100101110011100111
100101110011101101
100101110011101111
100101110011110001
100101110011110011
100101110100000000
100101110100000001
100101110100000010
100101110100000011
100101110100000100
100101110100000101
100101110100000110
100101110100000111
100101110100001000
100101110100001010
100101110100001101
100101110100001111
100101110100100000
100101110100100001
100101110100100010
100101110100100011
100101110100100101
100101110100100111
100101110100101101
100101110100101111
100101110100110001
100101110100110011
100101110101000000
100101110101000001
100101110101000010
100101110101000011
100101110101000100
100101110101000101
100101110101000110
100101110101000111
100101110101001000
100101110101001010
100101110101001101
100101110101001111
100101110101100000
100101110101100001
100101110101100010
100101110101100011
100101110101100101
100101110101100111
100101110101101101
100101110101101111
100101110101110001
100101110101110011
100101110110000000
100101110110000001
100101110110000010
100101110110000011
100101110110000100
100101110110000101
100101110110000110
100101110110000111
100101110110001000
100101110110001010
100101110110001101
100101110110001111
100101110110100000
100101110110100001
100101110110100010
100101110110100011
100101110110100101
100101110110100111
100101110110101101
100101110110101111
100101110110110001
100101110110110011
100101110111000000
100101110111000001
100101110111000010
100101110111000011
100101110111000100
100101110111000101
100101110111000110
100101110111000111
100101110111001000
100101110111001010
100101110111001101
100101110111001111
100101110111100000
100101110111100001
100101110111100010
100101110111100011
100101110111100101
100101110111100111
100101110111101101
100101110111101111
100101110111110001
100101110111110011
100101111000000000
100101111000000010
100101111000000100
100101111000000110
100101111000001000
100101111000001010
100101111000100000
100101111000100010
100101111001000000
100101111001000010
100101111001000100
100101111001000110
100101111001001000
100101111001001010
100101111001100000
100101111001100010
100101111011000000
100101111011100000
100101111100000000
100101111100000010
100101111100000100
100101111100000110
100101111100001000
100101111100001010
100101111100100000
100101111100100010
100101111101000000
100101111101000010
100101111101000100
100101111101000110
100101111101001000
100101111101001010
100101111101100000
100101111101100010
100101111110000000
100101111110000010
100101111110000100
100101111110000110
100101111110001000
100101111110001010
100101111110100000
100101111110100010
100101111111000000
100101111111000010
100101111111000100
100101111111000110
100101111111001000
100101111111001010
100101111111100000
100101111111100010
100111010000000000
100111010000000001
100111010000000010
100111010000000011
100111010000000100
100111010000000101
100111010000000110
100111010000000111
100111010000001000
100111010000001010
100111010000001101
100111010000001111
100111010000100000
100111010000100001
100111010000100010
100111010000100011
100111010000100101
100111010000100111
100111010000101000
100111010000101010
100111010000101101
100111010000101111
100111010000110001
100111010000110011
100111010001000000
100111010001000001
100111010001000010
100111010001000011
100111010001000100
100111010001000101
100111010001000110
100111010001000111
100111010001001000
100111010001001010
100111010001001101
100111010001001111
100111010001100000
100111010001100001
100111010001100010
100111010001100011
100111010001100101
100111010001100111
100111010001101000
100111010001101010
100111010001101101
100111010001101111
100111010001110001
100111010001110011
100111010011000000
100111010011000001
100111010011000010
100111010011000011
100111010011000100
100111010011000101
100111010011000110
100111010011000111
100111010011001000
100111010011001010
100111010011001101
100111010011001111
100111010011100000
100111010011100001
100111010011100010
100111010011100011
100111010011100101
100111010011100111
100111010011101000
100111010011101010
100111010011101101
100111010011101111
100111010011110001
100111010011110011
100111010100000000
100111010100000001
100111010100000010
100111010100000011
100111010100000100
100111010100000101
100111010100000110
100111010100000111
100111010100001000
100111010100001010
100111010100001101
100111010100001111
100111010100100000
100111010100100001
100111010100100010
100111010100100011
100111010100100101
100111010100100111
100111010100101000
100111010100101010
100111010100101101
100111010100101111
100111010100110001
100111010100110011
100111010101000000
100111010101000001
100111010101000010
100111010101000011
100111010101000100
100111010101000101
100111010101000110
100111010101000111
100111010101001000
100111010101001010
100111010101001101
100111010101001111
100111010101100000
100111010101100001
100111010101100010
100111010101100011
100111010101100101
100111010101100111
100111010101101000
100111010101101010
100111010101101101
100111010101101111
100111010101110001
100111010101110011
100111010110000000
100111010110000001
100111010110000010
100111010110000011
100111010110000100
100111010110000101
100111010110000110
100111010110000111
100111010110001000
100111010110001010
100111010110001101
100111010110001111
100111010110100000
100111010110100001
100111010110100010
100111010110100011
100111010110100101
100111010110100111
100111010110101000
100111010110101010
100111010110101101
100111010110101111
100111010110110001
100111010110110011
100111010111000000
100111010111000001
100111010111000010
100111010111000011
100111010111000100
100111010111000101
100111010111000110
100111010111000111
100111010111001000
100111010111001010
100111010111001101
100111010111001111
100111010111100000
100111010111100001
100111010111100010
100111010111100011
100111010111100101
100111010111100111
100111010111101000
100111010111101010
100111010111101101
100111010111101111
100111010111110001
100111010111110011
100111011000000000
100111011000000010
100111011000000100
100111011000000110
100111011000001000
100111011000001010
100111011000100000
100111011000100010
100111011000101000
100111011000101010
100111011001000000
100111011001000010
100111011001000100
100111011001000110
100111011001001000
100111011001001010
100111011001100000
100111011001100010
100111011001101000
100111011001101010
100111011011000000
100111011011100000
100111011100000000
100111011100000010
100111011100000100
100111011100000110
100111011100001000
100111011100001010
100111011100100000
100111011100100010
100111011100101000
100111011100101010
100111011101000000
100111011101000010
100111011101000100
100111011101000110
100111011101001000
100111011101001010
100111011101100000
100111011101100010
100111011101101000
100111011101101010
100111011110000000
100111011110000010
100111011110000100
100111011110000110
100111011110001000
100111011110001010
100111011110100000
100111011110100010
100111011110101000
100111011110101010
100111011111000000
100111011111000010
100111011111000100
100111011111000110
100111011111001000
100111011111001010
100111011111100000
100111011111100010
100111011111101000
100111011111101010
100111110000000000
100111110000000001
100111110000000010
100111110000000011
100111110000000100
100111110000000101
100111110000000110
100111110000000111
100111110000001000
100111110000001010
100111110000001101
100111110000001111
100111110000100000
100111110000100001
100111110000100010
100111110000100011
100111110000100101
100111110000100111
100111110000101101
100111110000101111
100111110000110001
100111110000110011
100111110001000000
100111110001000001
100111110001000010
100111110001000011
100111110001000100
100111110001000101
100111110001000110
100111110001000111
100111110001001000
100111110001001010
100111110001001101
100111110001001111
100111110001100000
100111110001100001
100111110001100010
100111110001100011
100111110001100101
100111110001100111
100111110001101101
100111110001101111
100111110001110001
100111110001110011
100111110011000000
100111110011000001
100111110011000010
100111110011000011
100111110011000100
100111110011000101
100111110011000110
100111110011000111
100111110011001000
100111110011001010
100111110011001101
100111110011001111
100111110011100000
100111110011100001
100111110011100010
100111110011100011
100111110011100101
100111110011100111
100111110011101101
100111110011101111
100111110011110001
100111110011110011
100111110100000000
100111110100000001
100111110100000010
100111110100000011
100111110100000100
100111110100000101
100111110100000110
100111110100000111
100111110100001000
100111110100001010
100111110100001101
100111110100001111
100111110100100000
100111110100100001
100111110100100010
100111110100100011
100111110100100101
100111110100100111
100111110100101101
100111110100101111
100111110100110001
100111110100110011
100111110101000000
100111110101000001
100111110101000010
100111110101000011
100111110101000100
100111110101000101
100111110101000110
100111110101000111
100111110101001000
100111110101001010
100111110101001101
100111110101001111
100111110101100000
100111110101100001
100111110101100010
100111110101100011
100111110101100101
100111110101100111
100111110101101101
100111110101101111
100111110101110001
100111110101110011
100111110110000000
100111110110000001
100111110110000010
100111110110000011
100111110110000100
100111110110000101
100111110110000110
100111110110000111
100111110110001000
100111110110001010
100111110110001101
100111110110001111
100111110110100000
100111110110100001
100111110110100010
100111110110100011
100111110110100101
100111110110100111
100111110110101101
100111110110101111
100111110110110001
100111110110110011
100111110111000000
100111110111000001
100111110111000010
100111110111000011
100111110111000100
100111110111000101
100111110111000110
100111110111000111
100111110111001000
100111110111001010
100111110111001101
100111110111001111
100111110111100000
100111110111100001
100111110111100010
100111110111100011
100111110111100101
100111110111100111
100111110111101101
100111110111101111
100111110111110001
100111110111110011
100111111000000000
100111111000000010
100111111000000100
100111111000000110
100111111000001000
100111111000001010
100111111000100000
100111111000100010
100111111001000000
100111111001000010
100111111001000100
100111111001000110
100111111001001000
100111111001001010
100111111001100000
100111111001100010
100111111011000000
100111111011100000
100111111100000000
100111111100000010
100111111100000100
100111111100000110
100111111100001000
100111111100001010
100111111100100000
100111111100100010
100111111101000000
100111111101000010
100111111101000100
100111111101000110
100111111101001000
100111111101001010
100111111101100000
100111111101100010
100111111110000000
100111111110000010
100111111110000100
100111111110000110
100111111110001000
100111111110001010
100111111110100000
100111111110100010
100111111111000000
100111111111000010
100111111111000100
100111111111000110
100111111111001000
100111111111001010
100111111111100000
100111111111100010
101001010000000000
101001010000000001
101001010000000010
101001010000000011
101001010000000100
101001010000000101
101001010000000110
101001010000000111
101001010000001000
101001010000001010
101001010000001101
101001010000001111
101001010000010000
101001010000010001
101001010000010010
101001010000010011
101001010000010100
101001010000010101
101001010000010110
101001010000010111
101001010000011000
101001010000011010
101001010000011101
101001010000011111
101001010000100000
101001010000100001
101001010000100010
101001010000100011
101001010000100101
101001010000100111
101001010000101000
101001010000101010
101001010000101101
101001010000101111
101001010000110000
101001010000110001
101001010000110010
101001010000110011
101001010000110101
101001010000110111
101001010000111000
101001010000111010
101001010000111101
101001010000111111
101001010001000000
101001010001000001
101001010001000010
101001010001000011
101001010001000100
101001010001000101
101001010001000110
101001010001000111
101001010001001000
101001010001001010
101001010001001101
101001010001001111
101001010001100000
101001010001100001
101001010001100010
101001010001100011
101001010001100101
101001010001100111
101001010001101000
101001010001101010
101001010001101101
101001010001101111
101001010011000000
101001010011000001
101001010011000010
101001010011000011
101001010011000100
101001010011000101
101001010011000110
101001010011000111
101001010011001000
101001010011001010
101001010011001101
101001010011001111
101001010011100000
101001010011100001
101001010011100010
101001010011100011
101001010011100101
101001010011100111
101001010011101000
101001010011101010
101001010011101101
101001010011101111
101001010100000000
101001010100000001
101001010100000010
101001010100000011
101001010100000100
101001010100000101
101001010100000110
101001010100000111
101001010100001000
101001010100001010
101001010100001101
101001010100001111
101001010100010000
101001010100010001
101001010100010010
101001010100010011
101001010100010100
101001010100010101
101001010100010110
101001010100010111
101001010100011000
101001010100011010
101001010100011101
101001010100011111
101001010100100000
101001010100100001
101001010100100010
101001010100100011
101001010100100101
101001010100100111
101001010100101000
101001010100101010
101001010100101101
101001010100101111
101001010100110000
101001010100110001
101001010100110010
101001010100110011
101001010100110101
101001010100110111
101001010100111000
101001010100111010
101001010100111101
101001010100111111
101001010101000000
101001010101000001
101001010101000010
101001010101000011
101001010101000100
101001010101000101
101001010101000110
101001010101000111
101001010101001000
101001010101001010
101001010101001101
101001010101001111
101001010101100000
101001010101100001
101001010101100010
101001010101100011
101001010101100101
101001010101100111
101001010101101000
101001010101101010
101001010101101101
101001010101101111
101001010110000000
101001010110000001
101001010110000010
101001010110000011
101001010110000100
101001010110000101
101001010110000110
101001010110000111
101001010110001000
101001010110001010
101001010110001101
101001010110001111
101001010110010000
101001010110010001
101001010110010010
101001010110010011
101001010110010100
101001010110010101
101001010110010110
101001010110010111
101001010110011000
101001010110011010
101001010110011101
101001010110011111
101001010110100000
101001010110100001
101001010110100010
101001010110100011
101001010110100101
101001010110100111
101001010110101000
101001010110101010
101001010110101101
101001010110101111
101001010110110000
101001010110110001
101001010110110010
101001010110110011
101001010110110101
101001010110110111
101001010110111000
101001010110111010
101001010110111101
101001010110111111
101001010111000000
101001010111000001
101001010111000010
101001010111000011
101001010111000100
101001010111000101
101001010111000110
101001010111000111
101001010111001000
101001010111001010
101001010111001101
101001010111001111
101001010111100000
101001010111100001
101001010111100010
101001010111100011
101001010111100101
101001010111100111
101001010111101000
101001010111101010
101001010111101101
101001010111101111
101001011000000000
101001011000000010
101001011000000100
101001011000000110
101001011000001000
101001011000001010
101001011000010000
101001011000010010
101001011000010100
101001011000010110
101001011000011000
101001011000011010
101001011000100000
101001011000100010
101001011000101000
101001011000101010
101001011000110000
101001011000110010
101001011000111000
101001011000111010
101001011001000000
101001011001000010
101001011001000100
101001011001000110
101001011001001000
101001011001001010
101001011001100000
101001011001100010
101001011001101000
101001011001101010
101001011011000000
101001011011000010
101001011011000100
101001011011000110
101001011011001000
101001011011001010
101001011011100000
101001011011100010
101001011011101000
101001011011101010
101001011100000000
101001011100000010
101001011100000100
101001011100000110
101001011100001000
101001011100001010
101001011100010000
101001011100010010
101001011100010100
101001011100010110
101001011100011000
101001011100011010
101001011100100000
101001011100100010
101001011100101000
101001011100101010
101001011100110000
101001011100110010
101001011100111000
101001011100111010
101001011101000000
101001011101000010
101001011101000100
101001011101000110
101001011101001000
101001011101001010
101001011101100000
101001011101100010
101001011101101000
101001011101101010
101001011110000000
101001011110000010
101001011110000100
101001011110000110
101001011110001000
101001011110001010
101001011110010000
101001011110010010
101001011110010100
101001011110010110
101001011110011000
101001011110011010
101001011110100000
101001011110100010
101001011110101000
101001011110101010
101001011110110000
101001011110110010
101001011110111000
101001011110111010
101001011111000000
101001011111000010
101001011111000100
101001011111000110
101001011111001000
101001011111001010
101001011111100000
101001011111100010
101001011111101000
101001011111101010
101001110000000000
101001110000000001
101001110000000010
101001110000000011
101001110000000100
101001110000000101
101001110000000110
101001110000000111
101001110000001000
101001110000001010
101001110000001101
101001110000001111
101001110000010000
101001110000010001
101001110000010010
101001110000010011
101001110000010100
101001110000010101
101001110000010110
101001110000010111
101001110000011000
101001110000011010
101001110000011101
101001110000011111
101001110000100000
101001110000100001
101001110000100010
101001110000100011
101001110000100101
101001110000100111
101001110000101101
101001110000101111
101001110000110000
101001110000110001
101001110000110010
101001110000110011
101001110000110101
101001110000110111
101001110000111101
101001110000111111
101001110001000000
101001110001000001
101001110001000010
101001110001000011
101001110001000100
101001110001000101
101001110001000110
101001110001000111
101001110001001000
101001110001001010
101001110001001101
101001110001001111
101001110001100000
101001110001100001
101001110001100010
101001110001100011
101001110001100101
101001110001100111
101001110001101101
101001110001101111
101001110011000000
101001110011000001
101001110011000010
101001110011000011
101001110011000100
101001110011000101
101001110011000110
101001110011000111
101001110011001000
101001110011001010
101001110011001101
101001110011001111
101001110011100000
101001110011100001
101001110011100010
101001110011100011
101001110011100101
101001110011100111
101001110011101101
101001110011101111
101001110100000000
101001110100000001
101001110100000010
101001110100000011
101001110100000100
101001110100000101
101001110100000110
101001110100000111
101001110100001000
101001110100001010
101001110100001101
101001110100001111
101001110100010000
101001110100010001
101001110100010010
101001110100010011
101001110100010100
101001110100010101
101001110100010110
101001110100010111
101001110100011000
101001110100011010
101001110100011101
101001110100011111
101001110100100000
101001110100100001
101001110100100010
101001110100100011
101001110100100101
101001110100100111
101001110100101101
101001110100101111
101001110100110000
101001110100110001
101001110100110010
101001110100110011
101001110100110101
101001110100110111
101001110100111101
101001110100111111
101001110101000000
101001110101000001
101001110101000010
101001110101000011
101001110101000100
101001110101000101
101001110101000110
101001110101000111
101001110101001000
101001110101001010
101001110101001101
101001110101001111
101001110101100000
101001110101100001
101001110101100010
101001110101100011
101001110101100101
101001110101100111
101001110101101101
101001110101101111
101001110110000000
101001110110000001
101001110110000010
101001110110000011
101001110110000100
101001110110000101
101001110110000110
101001110110000111
101001110110001000
101001110110001010
101001110110001101
101001110110001111
101001110110010000
101001110110010001
101001110110010010
101001110110010011
101001110110010100
101001110110010101
101001110110010110
101001110110010111
101001110110011000
101001110110011010
101001110110011101
101001110110011111
101001110110100000
101001110110100001
101001110110100010
101001110110100011
101001110110100101
101001110110100111
101001110110101101
101001110110101111
101001110110110000
101001110110110001
101001110110110010
101001110110110011
101001110110110101
101001110110110111
101001110110111101
101001110110111111
101001110111000000
101001110111000001
101001110111000010
101001110111000011
101001110111000100
101001110111000101
101001110111000110
101001110111000111
101001110111001000
101001110111001010
101001110111001101
101001110111001111
101001110111100000
101001110111100001
101001110111100010
101001110111100011
101001110111100101
101001110111100111
101001110111101101
101001110111101111
101001111000000000
101001111000000010
101001111000000100
101001111000000110
101001111000001000
101001111000001010
101001111000010000
101001111000010010
101001111000010100
101001111000010110
101001111000011000
101001111000011010
101001111000100000
101001111000100010
101001111000110000
101001111000110010
101001111001000000
101001111001000010
101001111001000100
101001111001000110
101001111001001000
101001111001001010
101001111001100000
101001111001100010
101001111011000000
101001111011000010
101001111011000100
101001111011000110
101001111011001000
101001111011001010
101001111011100000
101001111011100010
101001111100000000
101001111100000010
101001111100000100
101001111100000110
101001111100001000
101001111100001010
101001111100010000
101001111100010010
101001111100010100
101001111100010110
101001111100011000
101001111100011010
101001111100100000
101001111100100010
101001111100110000
101001111100110010
101001111101000000
101001111101000010
101001111101000100
101001111101000110
101001111101001000
101001111101001010
101001111101100000
101001111101100010
101001111110000000
101001111110000010
101001111110000100
101001111110000110
101001111110001000
101001111110001010
101001111110010000
101001111110010010
101001111110010100
101001111110010110
101001111110011000
101001111110011010
101001111110100000
101001111110100010
101001111110110000
101001111110110010
101001111111000000
101001111111000010
101001111111000100
101001111111000110
101001111111001000
101001111111001010
101001111111100000
101001111111100010
101011010000000000
101011010000000001
101011010000000010
101011010000000011
101011010000000100
101011010000000101
101011010000000110
101011010000000111
101011010000001000
101011010000001010
101011010000001101
101011010000001111
101011010000010000
101011010000010001
101011010000010010
101011010000010011
101011010000010100
101011010000010101
101011010000010110
101011010000010111
101011010000011000
101011010000011010
101011010000011101
101011010000011111
101011010000100000
101011010000100001
101011010000100010
101011010000100011
101011010000100101
101011010000100111
101011010000101000
101011010000101010
101011010000101101
101011010000101111
101011010000110000
101011010000110001
101011010000110010
101011010000110011
101011010000110101
101011010000110111
101011010000111000
101011010000111010
101011010000111101
101011010000111111
101011010001000000
101011010001000001
101011010001000010
101011010001000011
101011010001000100
101011010001000101
101011010001000110
101011010001000111
101011010001001000
101011010001001010
101011010001001101
101011010001001111
101011010001100000
101011010001100001
101011010001100010
101011010001100011
101011010001100101
101011010001100111
101011010001101000
101011010001101010
101011010001101101
101011010001101111
101011010011000000
101011010011000001
101011010011000010
101011010011000011
101011010011000100
101011010011000101
101011010011000110
101011010011000111
101011010011001000
101011010011001010
101011010011001101
101011010011001111
101011010011100000
101011010011100001
101011010011100010
101011010011100011
101011010011100101
101011010011100111
101011010011101000
101011010011101010
101011010011101101
101011010011101111
101011010100000000
101011010100000001
101011010100000010
101011010100000011
101011010100000100
101011010100000101
101011010100000110
101011010100000111
101011010100001000
101011010100001010
101011010100001101
101011010100001111
101011010100010000
101011010100010001
101011010100010010
101011010100010011
101011010100010100
101011010100010101
101011010100010110
101011010100010111
101011010100011000
101011010100011010
101011010100011101
101011010100011111
101011010100100000
101011010100100001
101011010100100010
101011010100100011
101011010100100101
101011010100100111
101011010100101000
101011010100101010
101011010100101101
101011010100101111
101011010100110000
101011010100110001
101011010100110010
101011010100110011
101011010100110101
101011010100110111
101011010100111000
101011010100111010
101011010100111101
101011010100111111
101011010101000000
101011010101000001
101011010101000010
101011010101000011
101011010101000100
101011010101000101
101011010101000110
101011010101000111
101011010101001000
101011010101001010
101011010101001101
101011010101001111
101011010101100000
101011010101100001
101011010101100010
101011010101100011
101011010101100101
101011010101100111
101011010101101000
101011010101101010
101011010101101101
101011010101101111
101011010110000000
101011010110000001
101011010110000010
101011010110000011
101011010110000100
101011010110000101
101011010110000110
101011010110000111
101011010110001000
101011010110001010
101011010110001101
101011010110001111
101011010110010000
101011010110010001
101011010110010010
101011010110010011
101011010110010100
101011010110010101
101011010110010110
101011010110010111
101011010110011000
101011010110011010
101011010110011101
101011010110011111
101011010110100000
101011010110100001
101011010110100010
101011010110100011
101011010110100101
101011010110100111
101011010110101000
101011010110101010
101011010110101101
101011010110101111
101011010110110000
101011010110110001
101011010110110010
101011010110110011
101011010110110101
101011010110110111
101011010110111000
101011010110111010
101011010110111101
101011010110111111
101011010111000000
101011010111000001
101011010111000010
101011010111000011
101011010111000100
101011010111000101
101011010111000110
101011010111000111
101011010111001000
101011010111001010
101011010111001101
101011010111001111
101011010111100000
101011010111100001
101011010111100010
101011010111100011
101011010111100101
101011010111100111
101011010111101000
101011010111101010
101011010111101101
101011010111101111
101011011000000000
101011011000000010
101011011000000100
101011011000000110
101011011000001000
101011011000001010
101011011000010000
101011011000010010
101011011000010100
101011011000010110
101011011000011000
101011011000011010
101011011000100000
101011011000100010
101011011000101000
101011011000101010
101011011000110000
101011011000110010
101011011000111000
101011011000111010
101011011001000000
101011011001000010
101011011001000100
101011011001000110
101011011001001000
101011011001001010
101011011001100000
101011011001100010
101011011001101000
101011011001101010
101011011011000000
101011011011000010
101011011011000100
101011011011000110
101011011011001000
101011011011001010
101011011011100000
101011011011100010
101011011011101000
101011011011101010
101011011100000000
101011011100000010
101011011100000100
101011011100000110
101011011100001000
101011011100001010
101011011100010000
101011011100010010
101011011100010100
101011011100010110
101011011100011000
101011011100011010
101011011100100000
101011011100100010
101011011100101000
101011011100101010
101011011100110000
101011011100110010
101011011100111000
101011011100111010
101011011101000000
101011011101000010
101011011101000100
101011011101000110
101011011101001000
101011011101001010
101011011101100000
101011011101100010
101011011101101000
101011011101101010
101011011110000000
101011011110000010
101011011110000100
101011011110000110
101011011110001000
101011011110001010
101011011110010000
101011011110010010
101011011110010100
101011011110010110
101011011110011000
101011011110011010
101011011110100000
101011011110100010
101011011110101000
101011011110101010
101011011110110000
101011011110110010
101011011110111000
101011011110111010
101011011111000000
101011011111000010
101011011111000100
101011011111000110
101011011111001000
101011011111001010
101011011111100000
101011011111100010
101011011111101000
101011011111101010
101011110000000000
101011110000000001
101011110000000010
101011110000000011
101011110000000100
101011110000000101
101011110000000110
101011110000000111
101011110000001000
101011110000001010
101011110000001101
101011110000001111
101011110000010000
101011110000010001
101011110000010010
101011110000010011
101011110000010100
101011110000010101
101011110000010110
101011110000010111
101011110000011000
101011110000011010
101011110000011101
101011110000011111
101011110000100000
101011110000100001
101011110000100010
101011110000100011
101011110000100101
101011110000100111
101011110000101101
101011110000101111
101011110000110000
101011110000110001
101011110000110010
101011110000110011
101011110000110101
101011110000110111
101011110000111101
101011110000111111
101011110001000000
101011110001000001
101011110001000010
101011110001000011
101011110001000100
101011110001000101
101011110001000110
101011110001000111
101011110001001000
101011110001001010
101011110001001101
101011110001001111
101011110001100000
101011110001100001
101011110001100010
101011110001100011
101011110001100101
101011110001100111
101011110001101101
101011110001101111
101011110011000000
101011110011000001
101011110011000010
101011110011000011
101011110011000100
101011110011000101
101011110011000110
101011110011000111
101011110011001000
101011110011001010
101011110011001101
101011110011001111
101011110011100000
101011110011100001
101011110011100010
101011110011100011
101011110011100101
101011110011100111
101011110011101101
101011110011101111
101011110100000000
101011110100000001
101011110100000010
101011110100000011
101011110100000100
101011110100000101
101011110100000110
101011110100000111
101011110100001000
101011110100001010
101011110100001101
101011110100001111
101011110100010000
101011110100010001
101011110100010010
101011110100010011
101011110100010100
101011110100010101
101011110100010110
101011110100010111
101011110100011000
101011110100011010
101011110100011101
101011110100011111
101011110100100000
101011110100100001
101011110100100010
101011110100100011
101011110100100101
101011110100100111
101011110100101101
101011110100101111
101011110100110000
101011110100110001
101011110100110010
101011110100110011
101011110100110101
101011110100110111
101011110100111101
101011110100111111
101011110101000000
101011110101000001
101011110101000010
101011110101000011
101011110101000100
101011110101000101
101011110101000110
101011110101000111
101011110101001000
101011110101001010
101011110101001101
101011110101001111
101011110101100000
101011110101100001
101011110101100010
101011110101100011
101011110101100101
101011110101100111
101011110101101101
101011110101101111
101011110110000000
101011110110000001
101011110110000010
101011110110000011
101011110110000100
101011110110000101
101011110110000110
101011110110000111
101011110110001000
101011110110001010
101011110110001101
101011110110001111
101011110110010000
101011110110010001
101011110110010010
101011110110010011
101011110110010100
101011110110010101
101011110110010110
101011110110010111
101011110110011000
101011110110011010
101011110110011101
101011110110011111
101011110110100000
101011110110100001
101011110110100010
101011110110100011
101011110110100101
101011110110100111
101011110110101101
101011110110101111
101011110110110000
101011110110110001
101011110110110010
101011110110110011
101011110110110101
101011110110110111
101011110110111101
101011110110111111
101011110111000000
101011110111000001
101011110111000010
101011110111000011
101011110111000100
101011110111000101
101011110111000110
101011110111000111
101011110111001000
101011110111001010
101011110111001101
101011110111001111
101011110111100000
101011110111100001
101011110111100010
101011110111100011
101011110111100101
101011110111100111
101011110111101101
101011110111101111
101011111000000000
101011111000000010
101011111000000100
101011111000000110
101011111000001000
101011111000001010
101011111000010000
101011111000010010
101011111000010100
101011111000010110
101011111000011000
101011111000011010
101011111000100000
101011111000100010
101011111000110000
101011111000110010
101011111001000000
101011111001000010
101011111001000100
101011111001000110
101011111001001000
101011111001001010
101011111001100000
101011111001100010
101011111011000000
101011111011000010
101011111011000100
101011111011000110
101011111011001000
101011111011001010
101011111011100000
101011111011100010
101011111100000000
101011111100000010
101011111100000100
101011111100000110
101011111100001000
101011111100001010
101011111100010000
101011111100010010
101011111100010100
101011111100010110
101011111100011000
101011111100011010
101011111100100000
101011111100100010
101011111100110000
101011111100110010
101011111101000000
101011111101000010
101011111101000100
101011111101000110
101011111101001000
101011111101001010
101011111101100000
101011111101100010
101011111110000000
101011111110000010
101011111110000100
101011111110000110
101011111110001000
101011111110001010
101011111110010000
101011111110010010
101011111110010100
101011111110010110
101011111110011000
101011111110011010
101011111110100000
101011111110100010
101011111110110000
101011111110110010
101011111111000000
101011111111000010
101011111111000100
101011111111000110
101011111111001000
101011111111001010
101011111111100000
101011111111100010
101101010000000000
101101010000000001
101101010000000010
101101010000000011
101101010000000100
101101010000000101
101101010000000110
101101010000000111
101101010000001000
101101010000001010
101101010000001101
101101010000001111
101101010000100000
101101010000100001
101101010000100010
101101010000100011
101101010000100101
101101010000100111
101101010000101000
101101010000101010
101101010000101101
101101010000101111
101101010001000000
101101010001000001
101101010001000010
101101010001000011
101101010001000100
101101010001000101
101101010001000110
101101010001000111
101101010001001000
101101010001001010
101101010001001101
101101010001001111
101101010001100000
101101010001100001
101101010001100010
101101010001100011
101101010001100101
101101010001100111
101101010001101000
101101010001101010
101101010001101101
101101010001101111
101101010011000000
101101010011000001
101101010011000010
101101010011000011
101101010011000100
101101010011000101
101101010011000110
101101010011000111
101101010011001000
101101010011001010
101101010011001101
101101010011001111
101101010011100000
101101010011100001
101101010011100010
101101010011100011
101101010011100101
101101010011100111
101101010011101000
101101010011101010
101101010011101101
101101010011101111
101101010100000000
101101010100000001
101101010100000010
101101010100000011
101101010100000100
101101010100000101
101101010100000110
101101010100000111
101101010100001000
101101010100001010
101101010100001101
101101010100001111
101101010100100000
101101010100100001
101101010100100010
101101010100100011
101101010100100101
101101010100100111
101101010100101000
101101010100101010
101101010100101101
101101010100101111
101101010101000000
101101010101000001
101101010101000010
101101010101000011
101101010101000100
101101010101000101
101101010101000110
101101010101000111
101101010101001000
101101010101001010
101101010101001101
101101010101001111
101101010101100000
101101010101100001
101101010101100010
101101010101100011
101101010101100101
101101010101100111
101101010101101000
101101010101101010
101101010101101101
101101010101101111
101101010110000000
101101010110000001
101101010110000010
101101010110000011
101101010110000100
101101010110000101
101101010110000110
101101010110000111
101101010110001000
101101010110001010
101101010110001101
101101010110001111
101101010110100000
101101010110100001
101101010110100010
101101010110100011
101101010110100101
101101010110100111
101101010110101000
101101010110101010
101101010110101101
101101010110101111
101101010111000000
101101010111000001
101101010111000010
101101010111000011
101101010111000100
101101010111000101
101101010111000110
101101010111000111
101101010111001000
101101010111001010
101101010111001101
101101010111001111
101101010111100000
101101010111100001
101101010111100010
101101010111100011
101101010111100101
101101010111100111
101101010111101000
101101010111101010
101101010111101101
101101010111101111
101101011000000000
101101011000000010
101101011000000100
101101011000000110
101101011000001000
101101011000001010
101101011000100000
101101011000100010
101101011000101000
101101011000101010
101101011001000000
101101011001000010
101101011001000100
101101011001000110
101101011001001000
101101011001001010
101101011001100000
101101011001100010
101101011001101000
101101011001101010
101101011011000000
101101011011100000
101101011100000000
101101011100000010
101101011100000100
101101011100000110
101101011100001000
101101011100001010
101101011100100000
101101011100100010
101101011100101000
101101011100101010
101101011101000000
101101011101000010
101101011101000100
101101011101000110
101101011101001000
101101011101001010
101101011101100000
101101011101100010
101101011101101000
101101011101101010
101101011110000000
101101011110000010
101101011110000100
101101011110000110
101101011110001000
101101011110001010
101101011110100000
101101011110100010
101101011110101000
101101011110101010
101101011111000000
101101011111000010
101101011111000100
101101011111000110
101101011111001000
101101011111001010
101101011111100000
101101011111100010
101101011111101000
101101011111101010
101101110000000000
101101110000000001
101101110000000010
101101110000000011
101101110000000100
101101110000000101
101101110000000110
101101110000000111
101101110000001000
101101110000001010
101101110000001101
101101110000001111
101101110000100000
101101110000100001
101101110000100010
101101110000100011
101101110000100101
101101110000100111
101101110000101101
101101110000101111
101101110001000000
101101110001000001
101101110001000010
101101110001000011
101101110001000100
101101110001000101
101101110001000110
101101110001000111
101101110001001000
101101110001001010
101101110001001101
101101110001001111
101101110001100000
101101110001100001
101101110001100010
101101110001100011
101101110001100101
101101110001100111
101101110001101101
101101110001101111
101101110011000000
101101110011000001
101101110011000010
101101110011000011
101101110011000100
101101110011000101
101101110011000110
101101110011000111
101101110011001000
101101110011001010
101101110011001101
101101110011001111
101101110011100000
101101110011100001
101101110011100010
101101110011100011
101101110011100101
101101110011100111
101101110011101101
101101110011101111
101101110100000000
101101110100000001
101101110100000010
101101110100000011
101101110100000100
101101110100000101
101101110100000110
101101110100000111
101101110100001000
101101110100001010
101101110100001101
101101110100001111
101101110100100000
101101110100100001
101101110100100010
101101110100100011
101101110100100101
101101110100100111
101101110100101101
101101110100101111
101101110101000000
101101110101000001
101101110101000010
101101110101000011
101101110101000100
101101110101000101
101101110101000110
101101110101000111
101101110101001000
101101110101001010
101101110101001101
101101110101001111
101101110101100000
101101110101100001
101101110101100010
101101110101100011
101101110101100101
101101110101100111
101101110101101101
101101110101101111
101101110110000000
101101110110000001
101101110110000010
101101110110000011
101101110110000100
101101110110000101
101101110110000110
101101110110000111
101101110110001000
101101110110001010
101101110110001101
101101110110001111
101101110110100000
101101110110100001
101101110110100010
101101110110100011
101101110110100101
101101110110100111
101101110110101101
101101110110101111
101101110111000000
101101110111000001
101101110111000010
101101110111000011
101101110111000100
101101110111000101
101101110111000110
101101110111000111
101101110111001000
101101110111001010
101101110111001101
101101110111001111
101101110111100000
101101110111100001
101101110111100010
101101110111100011
101101110111100101
101101110111100111
101101110111101101
101101110111101111
101101111000000000
101101111000000010
101101111000000100
101101111000000110
101101111000001000
101101111000001010
101101111000100000
101101111000100010
101101111001000000
101101111001000010
101101111001000100
101101111001000110
101101111001001000
101101111001001010
101101111001100000
101101111001100010
101101111011000000
101101111011100000
101101111100000000
101101111100000010
101101111100000100
101101111100000110
101101111100001000
101101111100001010
101101111100100000
101101111100100010
101101111101000000
101101111101000010
101101111101000100
101101111101000110
101101111101001000
101101111101001010
101101111101100000
101101111101100010
101101111110000000
101101111110000010
101101111110000100
101101111110000110
101101111110001000
101101111110001010
101101111110100000
101101111110100010
101101111111000000
101101111111000010
101101111111000100
101101111111000110
101101111111001000
101101111111001010
101101111111100000
101101111111100010
101111010000000000
101111010000000001
101111010000000010
101111010000000011
101111010000000100
101111010000000101
101111010000000110
101111010000000111
101111010000001000
101111010000001010
101111010000001101
101111010000001111
101111010000100000
101111010000100001
101111010000100010
101111010000100011
101111010000100101
101111010000100111
101111010000101000
101111010000101010
101111010000101101
101111010000101111
101111010001000000
101111010001000001
101111010001000010
101111010001000011
101111010001000100
101111010001000101
101111010001000110
101111010001000111
101111010001001000
101111010001001010
101111010001001101
101111010001001111
101111010001100000
101111010001100001
101111010001100010
101111010001100011
101111010001100101
101111010001100111
101111010001101000
101111010001101010
101111010001101101
101111010001101111
101111010011000000
101111010011000001
101111010011000010
101111010011000011
101111010011000100
101111010011000101
101111010011000110
101111010011000111
101111010011001000
101111010011001010
101111010011001101
101111010011001111
101111010011100000
101111010011100001
101111010011100010
101111010011100011
101111010011100101
101111010011100111
101111010011101000
101111010011101010
101111010011101101
101111010011101111
101111010100000000
101111010100000001
101111010100000010
101111010100000011
101111010100000100
101111010100000101
101111010100000110
101111010100000111
101111010100001000
101111010100001010
101111010100001101
101111010100001111
101111010100100000
101111010100100001
101111010100100010
101111010100100011
101111010100100101
101111010100100111
101111010100101000
101111010100101010
101111010100101101
101111010100101111
101111010101000000
101111010101000001
101111010101000010
101111010101000011
101111010101000100
101111010101000101
101111010101000110
101111010101000111
101111010101001000
101111010101001010
101111010101001101
101111010101001111
101111010101100000
101111010101100001
101111010101100010
101111010101100011
101111010101100101
101111010101100111
101111010101101000
101111010101101010
101111010101101101
101111010101101111
101111010110000000
101111010110000001
101111010110000010
101111010110000011
101111010110000100
101111010110000101
101111010110000110
101111010110000111
101111010110001000
101111010110001010
101111010110001101
101111010110001111
101111010110100000
101111010110100001
101111010110100010
101111010110100011
101111010110100101
101111010110100111
101111010110101000
101111010110101010
101111010110101101
101111010110101111
101111010111000000
101111010111000001
101111010111000010
101111010111000011
101111010111000100
101111010111000101
101111010111000110
101111010111000111
101111010111001000
101111010111001010
101111010111001101
101111010111001111
101111010111100000
101111010111100001
101111010111100010
101111010111100011
101111010111100101
101111010111100111
101111010111101000
101111010111101010
101111010111101101
101111010111101111
101111011000000000
101111011000000010
101111011000000100
101111011000000110
101111011000001000
101111011000001010
101111011000100000
101111011000100010
101111011000101000
101111011000101010
101111011001000000
101111011001000010
101111011001000100
101111011001000110
101111011001001000
101111011001001010
101111011001100000
101111011001100010
101111011001101000
101111011001101010
101111011011000000
101111011011100000
101111011100000000
101111011100000010
101111011100000100
101111011100000110
101111011100001000
101111011100001010
101111011100100000
101111011100100010
101111011100101000
101111011100101010
101111011101000000
101111011101000010
101111011101000100
101111011101000110
101111011101001000
101111011101001010
101111011101100000
101111011101100010
101111011101101000
101111011101101010
101111011110000000
101111011110000010
101111011110000100
101111011110000110
101111011110001000
101111011110001010
101111011110100000
101111011110100010
101111011110101000
101111011110101010
101111011111000000
101111011111000010
101111011111000100
101111011111000110
101111011111001000
101111011111001010
101111011111100000
101111011111100010
101111011111101000
101111011111101010
101111110000000000
101111110000000001
101111110000000010
101111110000000011
101111110000000100
101111110000000101
101111110000000110
101111110000000111
101111110000001000
101111110000001010
101111110000001101
101111110000001111
101111110000100000
101111110000100001
101111110000100010
101111110000100011
101111110000100101
101111110000100111
101111110000101101
101111110000101111
101111110001000000
101111110001000001
101111110001000010
101111110001000011
101111110001000100
101111110001000101
101111110001000110
101111110001000111
101111110001001000
101111110001001010
101111110001001101
101111110001001111
101111110001100000
101111110001100001
101111110001100010
101111110001100011
101111110001100101
101111110001100111
101111110001101101
101111110001101111
101111110011000000
101111110011000001
101111110011000010
101111110011000011
101111110011000100
101111110011000101
101111110011000110
101111110011000111
101111110011001000
101111110011001010
101111110011001101
101111110011001111
101111110011100000
101111110011100001
101111110011100010
101111110011100011
101111110011100101
101111110011100111
101111110011101101
101111110011101111
101111110100000000
101111110100000001
101111110100000010
101111110100000011
101111110100000100
101111110100000101
101111110100000110
101111110100000111
101111110100001000
101111110100001010
101111110100001101
101111110100001111
101111110100100000
101111110100100001
101111110100100010
101111110100100011
101111110100100101
101111110100100111
101111110100101101
101111110100101111
101111110101000000
101111110101000001
101111110101000010
101111110101000011
101111110101000100
101111110101000101
101111110101000110
101111110101000111
101111110101001000
101111110101001010
101111110101001101
101111110101001111
101111110101100000
101111110101100001
101111110101100010
101111110101100011
101111110101100101
101111110101100111
101111110101101101
101111110101101111
101111110110000000
101111110110000001
101111110110000010
101111110110000011
101111110110000100
101111110110000101
101111110110000110
101111110110000111
101111110110001000
101111110110001010
101111110110001101
101111110110001111
101111110110100000
101111110110100001
101111110110100010
101111110110100011
101111110110100101
101111110110100111
101111110110101101
101111110110101111
101111110111000000
101111110111000001
101111110111000010
101111110111000011
101111110111000100
101111110111000101
101111110111000110
101111110111000111
101111110111001000
101111110111001010
101111110111001101
101111110111001111
101111110111100000
101111110111100001
101111110111100010
101111110111100011
101111110111100101
101111110111100111
101111110111101101
101111110111101111
101111111000000000
101111111000000010
101111111000000100
101111111000000110
101111111000001000
101111111000001010
101111111000100000
101111111000100010
101111111001000000
101111111001000010
101111111001000100
101111111001000110
101111111001001000
101111111001001010
101111111001100000
101111111001100010
101111111011000000
101111111011100000
101111111100000000
101111111100000010
101111111100000100
101111111100000110
101111111100001000
101111111100001010
101111111100100000
101111111100100010
101111111101000000
101111111101000010
101111111101000100
101111111101000110
101111111101001000
101111111101001010
101111111101100000
101111111101100010
101111111110000000
101111111110000010
101111111110000100
101111111110000110
101111111110001000
101111111110001010
101111111110100000
101111111110100010
101111111111000000
101111111111000010
101111111111000100
101111111111000110
101111111111001000
101111111111001010
101111111111100000
101111111111100010
