100001010001010000
100001010001010001
100001010001010010
100001010001010011
100001010001010100
100001010001010101
100001010001010110
100001010001010111
100001010001011000
100001010001011010
100001010001011101
100001010001011111
100001010001110000
100001010001110010
100001010001110101
100001010001110111
100001010001111000
100001010001111010
100001010001111101
100001010001111111
100001010011010000
100001010011010001
100001010011010010
100001010011010011
100001010011010100
100001010011010101
100001010011010110
100001010011010111
100001010011011000
100001010011011010
100001010011011101
100001010011011111
100001010011110000
100001010011110010
100001010011110101
100001010011110111
100001010011111000
100001010011111010
100001010011111101
100001010011111111
100001010101010000
100001010101010001
100001010101010010
100001010101010011
100001010101010100
100001010101010101
100001010101010110
100001010101010111
100001010101011000
100001010101011010
100001010101011101
100001010101011111
100001010101110000
100001010101110010
100001010101110101
100001010101110111
100001010101111000
100001010101111010
100001010101111101
100001010101111111
100001010111010000
100001010111010001
100001010111010010
100001010111010011
100001010111010100
100001010111010101
100001010111010110
100001010111010111
100001010111011000
100001010111011010
100001010111011101
100001010111011111
100001010111110000
100001010111110010
100001010111110101
100001010111110111
100001010111111000
100001010111111010
100001010111111101
100001010111111111
100001011001010000
100001011001010010
100001011001010100
100001011001010110
100001011001011000
100001011001011010
100001011001110000
100001011001110010
100001011001111000
100001011001111010
100001011011010000
100001011011010010
100001011011010100
100001011011010110
100001011011011000
100001011011011010
100001011011110000
100001011011110010
100001011011111000
100001011011111010
100001011101010000
100001011101010010
100001011101010100
100001011101010110
100001011101011000
100001011101011010
100001011101110000
100001011101110010
100001011101111000
100001011101111010
100001011111010000
100001011111010010
100001011111010100
100001011111010110
100001011111011000
100001011111011010
100001011111110000
100001011111110010
100001011111111000
100001011111111010
100001110001010000
100001110001010001
100001110001010010
100001110001010011
100001110001010100
100001110001010101
100001110001010110
100001110001010111
100001110001011000
100001110001011010
100001110001011101
100001110001011111
100001110001110000
100001110001110010
100001110001110101
100001110001110111
100001110001111101
100001110001111111
100001110011010000
100001110011010001
100001110011010010
100001110011010011
100001110011010100
100001110011010101
100001110011010110
100001110011010111
100001110011011000
100001110011011010
100001110011011101
100001110011011111
100001110011110000
100001110011110010
100001110011110101
100001110011110111
100001110011111101
100001110011111111
100001110101010000
100001110101010001
100001110101010010
100001110101010011
100001110101010100
100001110101010101
100001110101010110
100001110101010111
100001110101011000
100001110101011010
100001110101011101
100001110101011111
100001110101110000
100001110101110010
100001110101110101
100001110101110111
100001110101111101
100001110101111111
100001110111010000
100001110111010001
100001110111010010
100001110111010011
100001110111010100
100001110111010101
100001110111010110
100001110111010111
100001110111011000
100001110111011010
100001110111011101
100001110111011111
100001110111110000
100001110111110010
100001110111110101
100001110111110111
100001110111111101
100001110111111111
100001111001010000
100001111001010010
100001111001010100
100001111001010110
100001111001011000
100001111001011010
100001111001110000
100001111001110010
100001111011010000
100001111011010010
100001111011010100
100001111011010110
100001111011011000
100001111011011010
100001111011110000
100001111011110010
100001111101010000
100001111101010010
100001111101010100
100001111101010110
100001111101011000
100001111101011010
100001111101110000
100001111101110010
100001111111010000
100001111111010010
100001111111010100
100001111111010110
100001111111011000
100001111111011010
100001111111110000
100001111111110010
100011010001010000
100011010001010001
100011010001010010
100011010001010011
100011010001010100
100011010001010101
100011010001010110
100011010001010111
100011010001011000
100011010001011010
100011010001011101
100011010001011111
100011010001110000
100011010001110010
100011010001110101
100011010001110111
100011010001111000
100011010001111010
100011010001111101
100011010001111111
100011010011010000
100011010011010001
100011010011010010
100011010011010011
100011010011010100
100011010011010101
100011010011010110
100011010011010111
100011010011011000
100011010011011010
100011010011011101
100011010011011111
100011010011110000
100011010011110010
100011010011110101
100011010011110111
100011010011111000
100011010011111010
100011010011111101
100011010011111111
100011010101010000
100011010101010001
100011010101010010
100011010101010011
100011010101010100
100011010101010101
100011010101010110
100011010101010111
100011010101011000
100011010101011010
100011010101011101
100011010101011111
100011010101110000
100011010101110010
100011010101110101
100011010101110111
100011010101111000
100011010101111010
100011010101111101
100011010101111111
100011010111010000
100011010111010001
100011010111010010
100011010111010011
100011010111010100
100011010111010101
100011010111010110
100011010111010111
100011010111011000
100011010111011010
100011010111011101
100011010111011111
100011010111110000
100011010111110010
100011010111110101
100011010111110111
100011010111111000
100011010111111010
100011010111111101
100011010111111111
100011011001010000
100011011001010010
100011011001010100
100011011001010110
100011011001011000
100011011001011010
100011011001110000
100011011001110010
100011011001111000
100011011001111010
100011011011010000
100011011011010010
100011011011010100
100011011011010110
100011011011011000
100011011011011010
100011011011110000
100011011011110010
100011011011111000
100011011011111010
100011011101010000
100011011101010010
100011011101010100
100011011101010110
100011011101011000
100011011101011010
100011011101110000
100011011101110010
100011011101111000
100011011101111010
100011011111010000
100011011111010010
100011011111010100
100011011111010110
100011011111011000
100011011111011010
100011011111110000
100011011111110010
100011011111111000
100011011111111010
100011110001010000
100011110001010001
100011110001010010
100011110001010011
100011110001010100
100011110001010101
100011110001010110
100011110001010111
100011110001011000
100011110001011010
100011110001011101
100011110001011111
100011110001110000
100011110001110010
100011110001110101
100011110001110111
100011110001111101
100011110001111111
100011110011010000
100011110011010001
100011110011010010
100011110011010011
100011110011010100
100011110011010101
100011110011010110
100011110011010111
100011110011011000
100011110011011010
100011110011011101
100011110011011111
100011110011110000
100011110011110010
100011110011110101
100011110011110111
100011110011111101
100011110011111111
100011110101010000
100011110101010001
100011110101010010
100011110101010011
100011110101010100
100011110101010101
100011110101010110
100011110101010111
100011110101011000
100011110101011010
100011110101011101
100011110101011111
100011110101110000
100011110101110010
100011110101110101
100011110101110111
100011110101111101
100011110101111111
100011110111010000
100011110111010001
100011110111010010
100011110111010011
100011110111010100
100011110111010101
100011110111010110
100011110111010111
100011110111011000
100011110111011010
100011110111011101
100011110111011111
100011110111110000
100011110111110010
100011110111110101
100011110111110111
100011110111111101
100011110111111111
100011111001010000
100011111001010010
100011111001010100
100011111001010110
100011111001011000
100011111001011010
100011111001110000
100011111001110010
100011111011010000
100011111011010010
100011111011010100
100011111011010110
100011111011011000
100011111011011010
100011111011110000
100011111011110010
100011111101010000
100011111101010010
100011111101010100
100011111101010110
100011111101011000
100011111101011010
100011111101110000
100011111101110010
100011111111010000
100011111111010010
100011111111010100
100011111111010110
100011111111011000
100011111111011010
100011111111110000
100011111111110010
100101010000010000
100101010000010001
100101010000010010
100101010000010011
100101010000010100
100101010000010101
100101010000010110
100101010000010111
100101010000011000
100101010000011010
100101010000011101
100101010000011111
100101010000110000
100101010000110010
100101010000110101
100101010000110111
100101010000111000
100101010000111010
100101010000111101
100101010000111111
100101010001010000
100101010001010001
100101010001010010
100101010001010011
100101010001010100
100101010001010101
100101010001010110
100101010001010111
100101010001011000
100101010001011010
100101010001011101
100101010001011111
100101010001110000
100101010001110010
100101010001110101
100101010001110111
100101010001111000
100101010001111010
100101010001111101
100101010001111111
100101010011010000
100101010011010001
100101010011010010
100101010011010011
100101010011010100
100101010011010101
100101010011010110
100101010011010111
100101010011011000
100101010011011010
100101010011011101
100101010011011111
100101010011110000
100101010011110010
100101010011110101
100101010011110111
100101010011111000
100101010011111010
100101010011111101
100101010011111111
100101010100010000
100101010100010001
100101010100010010
100101010100010011
100101010100010100
100101010100010101
100101010100010110
100101010100010111
100101010100011000
100101010100011010
100101010100011101
100101010100011111
100101010100110000
100101010100110010
100101010100110101
100101010100110111
100101010100111000
100101010100111010
100101010100111101
100101010100111111
100101010101010000
100101010101010001
100101010101010010
100101010101010011
100101010101010100
100101010101010101
100101010101010110
100101010101010111
100101010101011000
100101010101011010
100101010101011101
100101010101011111
100101010101110000
100101010101110010
100101010101110101
100101010101110111
100101010101111000
100101010101111010
100101010101111101
100101010101111111
100101010110010000
100101010110010001
100101010110010010
100101010110010011
100101010110010100
100101010110010101
100101010110010110
100101010110010111
100101010110011000
100101010110011010
100101010110011101
100101010110011111
100101010110110000
100101010110110010
100101010110110101
100101010110110111
100101010110111000
100101010110111010
100101010110111101
100101010110111111
100101010111010000
100101010111010001
100101010111010010
100101010111010011
100101010111010100
100101010111010101
100101010111010110
100101010111010111
100101010111011000
100101010111011010
100101010111011101
100101010111011111
100101010111110000
100101010111110010
100101010111110101
100101010111110111
100101010111111000
100101010111111010
100101010111111101
100101010111111111
100101011000010000
100101011000010010
100101011000010100
100101011000010110
100101011000011000
100101011000011010
100101011000110000
100101011000110010
100101011000111000
100101011000111010
100101011001010000
100101011001010010
100101011001010100
100101011001010110
100101011001011000
100101011001011010
100101011001110000
100101011001110010
100101011001111000
100101011001111010
100101011011010000
100101011011110000
100101011100010000
100101011100010010
100101011100010100
100101011100010110
100101011100011000
100101011100011010
100101011100110000
100101011100110010
100101011100111000
100101011100111010
100101011101010000
100101011101010010
100101011101010100
100101011101010110
100101011101011000
100101011101011010
100101011101110000
100101011101110010
100101011101111000
100101011101111010
100101011110010000
100101011110010010
100101011110010100
100101011110010110
100101011110011000
100101011110011010
100101011110110000
100101011110110010
100101011110111000
100101011110111010
100101011111010000
100101011111010010
100101011111010100
100101011111010110
100101011111011000
100101011111011010
100101011111110000
100101011111110010
100101011111111000
100101011111111010
100101110000010000
100101110000010001
100101110000010010
100101110000010011
100101110000010100
100101110000010101
100101110000010110
100101110000010111
100101110000011000
100101110000011010
100101110000011101
100101110000011111
100101110000110000
100101110000110010
100101110000110101
100101110000110111
100101110000111101
100101110000111111
100101110001010000
100101110001010001
100101110001010010
100101110001010011
100101110001010100
100101110001010101
100101110001010110
100101110001010111
100101110001011000
100101110001011010
100101110001011101
100101110001011111
100101110001110000
100101110001110010
100101110001110101
100101110001110111
100101110001111101
100101110001111111
100101110011010000
100101110011010001
100101110011010010
100101110011010011
100101110011010100
100101110011010101
100101110011010110
100101110011010111
100101110011011000
100101110011011010
100101110011011101
100101110011011111
100101110011110000
100101110011110010
100101110011110101
100101110011110111
100101110011111101
100101110011111111
100101110100010000
100101110100010001
100101110100010010
100101110100010011
100101110100010100
100101110100010101
100101110100010110
100101110100010111
100101110100011000
100101110100011010
100101110100011101
100101110100011111
100101110100110000
100101110100110010
100101110100110101
100101110100110111
100101110100111101
100101110100111111
100101110101010000
100101110101010001
100101110101010010
100101110101010011
100101110101010100
100101110101010101
100101110101010110
100101110101010111
100101110101011000
100101110101011010
100101110101011101
100101110101011111
100101110101110000
100101110101110010
100101110101110101
100101110101110111
100101110101111101
100101110101111111
100101110110010000
100101110110010001
100101110110010010
100101110110010011
100101110110010100
100101110110010101
100101110110010110
100101110110010111
100101110110011000
100101110110011010
100101110110011101
100101110110011111
100101110110110000
100101110110110010
100101110110110101
100101110110110111
100101110110111101
100101110110111111
100101110111010000
100101110111010001
100101110111010010
100101110111010011
100101110111010100
100101110111010101
100101110111010110
100101110111010111
100101110111011000
100101110111011010
100101110111011101
100101110111011111
100101110111110000
100101110111110010
100101110111110101
100101110111110111
100101110111111101
100101110111111111
100101111000010000
100101111000010010
100101111000010100
100101111000010110
100101111000011000
100101111000011010
100101111000110000
100101111000110010
100101111001010000
100101111001010010
100101111001010100
100101111001010110
100101111001011000
100101111001011010
100101111001110000
100101111001110010
100101111011010000
100101111011110000
100101111100010000
100101111100010010
100101111100010100
100101111100010110
100101111100011000
100101111100011010
100101111100110000
100101111100110010
100101111101010000
100101111101010010
100101111101010100
100101111101010110
100101111101011000
100101111101011010
100101111101110000
100101111101110010
100101111110010000
100101111110010010
100101111110010100
100101111110010110
100101111110011000
100101111110011010
100101111110110000
100101111110110010
100101111111010000
100101111111010010
100101111111010100
100101111111010110
100101111111011000
100101111111011010
100101111111110000
100101111111110010
100111010000010000
100111010000010001
100111010000010010
100111010000010011
100111010000010100
100111010000010101
100111010000010110
100111010000010111
100111010000011000
100111010000011010
100111010000011101
100111010000011111
100111010000110000
100111010000110010
100111010000110101
100111010000110111
100111010000111000
100111010000111010
100111010000111101
100111010000111111
100111010001010000
100111010001010001
100111010001010010
100111010001010011
100111010001010100
100111010001010101
100111010001010110
100111010001010111
100111010001011000
100111010001011010
100111010001011101
100111010001011111
100111010001110000
100111010001110010
100111010001110101
100111010001110111
100111010001111000
100111010001111010
100111010001111101
100111010001111111
100111010011010000
100111010011010001
100111010011010010
100111010011010011
100111010011010100
100111010011010101
100111010011010110
100111010011010111
100111010011011000
100111010011011010
100111010011011101
100111010011011111
100111010011110000
100111010011110010
100111010011110101
100111010011110111
100111010011111000
100111010011111010
100111010011111101
100111010011111111
100111010100010000
100111010100010001
100111010100010010
100111010100010011
100111010100010100
100111010100010101
100111010100010110
100111010100010111
100111010100011000
100111010100011010
100111010100011101
100111010100011111
100111010100110000
100111010100110010
100111010100110101
100111010100110111
100111010100111000
100111010100111010
100111010100111101
100111010100111111
100111010101010000
100111010101010001
100111010101010010
100111010101010011
100111010101010100
100111010101010101
100111010101010110
100111010101010111
100111010101011000
100111010101011010
100111010101011101
100111010101011111
100111010101110000
100111010101110010
100111010101110101
100111010101110111
100111010101111000
100111010101111010
100111010101111101
100111010101111111
100111010110010000
100111010110010001
100111010110010010
100111010110010011
100111010110010100
100111010110010101
100111010110010110
100111010110010111
100111010110011000
100111010110011010
100111010110011101
100111010110011111
100111010110110000
100111010110110010
100111010110110101
100111010110110111
100111010110111000
100111010110111010
100111010110111101
100111010110111111
100111010111010000
100111010111010001
100111010111010010
100111010111010011
100111010111010100
100111010111010101
100111010111010110
100111010111010111
100111010111011000
100111010111011010
100111010111011101
100111010111011111
100111010111110000
100111010111110010
100111010111110101
100111010111110111
100111010111111000
100111010111111010
100111010111111101
100111010111111111
100111011000010000
100111011000010010
100111011000010100
100111011000010110
100111011000011000
100111011000011010
100111011000110000
100111011000110010
100111011000111000
100111011000111010
100111011001010000
100111011001010010
100111011001010100
100111011001010110
100111011001011000
100111011001011010
100111011001110000
100111011001110010
100111011001111000
100111011001111010
100111011011010000
100111011011110000
100111011100010000
100111011100010010
100111011100010100
100111011100010110
100111011100011000
100111011100011010
100111011100110000
100111011100110010
100111011100111000
100111011100111010
100111011101010000
100111011101010010
100111011101010100
100111011101010110
100111011101011000
100111011101011010
100111011101110000
100111011101110010
100111011101111000
100111011101111010
100111011110010000
100111011110010010
100111011110010100
100111011110010110
100111011110011000
100111011110011010
100111011110110000
100111011110110010
100111011110111000
100111011110111010
100111011111010000
100111011111010010
100111011111010100
100111011111010110
100111011111011000
100111011111011010
100111011111110000
100111011111110010
100111011111111000
100111011111111010
100111110000010000
100111110000010001
100111110000010010
100111110000010011
100111110000010100
100111110000010101
100111110000010110
100111110000010111
100111110000011000
100111110000011010
100111110000011101
100111110000011111
100111110000110000
100111110000110010
100111110000110101
100111110000110111
100111110000111101
100111110000111111
100111110001010000
100111110001010001
100111110001010010
100111110001010011
100111110001010100
100111110001010101
100111110001010110
100111110001010111
100111110001011000
100111110001011010
100111110001011101
100111110001011111
100111110001110000
100111110001110010
100111110001110101
100111110001110111
100111110001111101
100111110001111111
100111110011010000
100111110011010001
100111110011010010
100111110011010011
100111110011010100
100111110011010101
100111110011010110
100111110011010111
100111110011011000
100111110011011010
100111110011011101
100111110011011111
100111110011110000
100111110011110010
100111110011110101
100111110011110111
100111110011111101
100111110011111111
100111110100010000
100111110100010001
100111110100010010
100111110100010011
100111110100010100
100111110100010101
100111110100010110
100111110100010111
100111110100011000
100111110100011010
100111110100011101
100111110100011111
100111110100110000
100111110100110010
100111110100110101
100111110100110111
100111110100111101
100111110100111111
100111110101010000
100111110101010001
100111110101010010
100111110101010011
100111110101010100
100111110101010101
100111110101010110
100111110101010111
100111110101011000
100111110101011010
100111110101011101
100111110101011111
100111110101110000
100111110101110010
100111110101110101
100111110101110111
100111110101111101
100111110101111111
100111110110010000
100111110110010001
100111110110010010
100111110110010011
100111110110010100
100111110110010101
100111110110010110
100111110110010111
100111110110011000
100111110110011010
100111110110011101
100111110110011111
100111110110110000
100111110110110010
100111110110110101
100111110110110111
100111110110111101
100111110110111111
100111110111010000
100111110111010001
100111110111010010
100111110111010011
100111110111010100
100111110111010101
100111110111010110
100111110111010111
100111110111011000
100111110111011010
100111110111011101
100111110111011111
100111110111110000
100111110111110010
100111110111110101
100111110111110111
100111110111111101
100111110111111111
100111111000010000
100111111000010010
100111111000010100
100111111000010110
100111111000011000
100111111000011010
100111111000110000
100111111000110010
100111111001010000
100111111001010010
100111111001010100
100111111001010110
100111111001011000
100111111001011010
100111111001110000
100111111001110010
100111111011010000
100111111011110000
100111111100010000
100111111100010010
100111111100010100
100111111100010110
100111111100011000
100111111100011010
100111111100110000
100111111100110010
100111111101010000
100111111101010010
100111111101010100
100111111101010110
100111111101011000
100111111101011010
100111111101110000
100111111101110010
100111111110010000
100111111110010010
100111111110010100
100111111110010110
100111111110011000
100111111110011010
100111111110110000
100111111110110010
100111111111010000
100111111111010010
100111111111010100
100111111111010110
100111111111011000
100111111111011010
100111111111110000
100111111111110010
101001010001010000
101001010001010001
101001010001010010
101001010001010011
101001010001010100
101001010001010101
101001010001010110
101001010001010111
101001010001011000
101001010001011010
101001010001011101
101001010001011111
101001010001110000
101001010001110001
101001010001110010
101001010001110011
101001010001110101
101001010001110111
101001010001111000
101001010001111010
101001010001111101
101001010001111111
101001010011010000
101001010011010001
101001010011010010
101001010011010011
101001010011010100
101001010011010101
101001010011010110
101001010011010111
101001010011011000
101001010011011010
101001010011011101
101001010011011111
101001010011110000
101001010011110001
101001010011110010
101001010011110011
101001010011110101
101001010011110111
101001010011111000
101001010011111010
101001010011111101
101001010011111111
101001010101010000
101001010101010001
101001010101010010
101001010101010011
101001010101010100
101001010101010101
101001010101010110
101001010101010111
101001010101011000
101001010101011010
101001010101011101
101001010101011111
101001010101110000
101001010101110001
101001010101110010
101001010101110011
101001010101110101
101001010101110111
101001010101111000
101001010101111010
101001010101111101
101001010101111111
101001010111010000
101001010111010001
101001010111010010
101001010111010011
101001010111010100
101001010111010101
101001010111010110
101001010111010111
101001010111011000
101001010111011010
101001010111011101
101001010111011111
101001010111110000
101001010111110001
101001010111110010
101001010111110011
101001010111110101
101001010111110111
101001010111111000
101001010111111010
101001010111111101
101001010111111111
101001011001010000
101001011001010010
101001011001010100
101001011001010110
101001011001011000
101001011001011010
101001011001110000
101001011001110010
101001011001111000
101001011001111010
101001011011010000
101001011011010010
101001011011010100
101001011011010110
101001011011011000
101001011011011010
101001011011110000
101001011011110010
101001011011111000
101001011011111010
101001011101010000
101001011101010010
101001011101010100
101001011101010110
101001011101011000
101001011101011010
101001011101110000
101001011101110010
101001011101111000
101001011101111010
101001011111010000
101001011111010010
101001011111010100
101001011111010110
101001011111011000
101001011111011010
101001011111110000
101001011111110010
101001011111111000
101001011111111010
101001110001010000
101001110001010001
101001110001010010
101001110001010011
101001110001010100
101001110001010101
101001110001010110
101001110001010111
101001110001011000
101001110001011010
101001110001011101
101001110001011111
101001110001110000
101001110001110001
101001110001110010
101001110001110011
101001110001110101
101001110001110111
101001110001111101
101001110001111111
101001110011010000
101001110011010001
101001110011010010
101001110011010011
101001110011010100
101001110011010101
101001110011010110
101001110011010111
101001110011011000
101001110011011010
101001110011011101
101001110011011111
101001110011110000
101001110011110001
101001110011110010
101001110011110011
101001110011110101
101001110011110111
101001110011111101
101001110011111111
101001110101010000
101001110101010001
101001110101010010
101001110101010011
101001110101010100
101001110101010101
101001110101010110
101001110101010111
101001110101011000
101001110101011010
101001110101011101
101001110101011111
101001110101110000
101001110101110001
101001110101110010
101001110101110011
101001110101110101
101001110101110111
101001110101111101
101001110101111111
101001110111010000
101001110111010001
101001110111010010
101001110111010011
101001110111010100
101001110111010101
101001110111010110
101001110111010111
101001110111011000
101001110111011010
101001110111011101
101001110111011111
101001110111110000
101001110111110001
101001110111110010
101001110111110011
101001110111110101
101001110111110111
101001110111111101
101001110111111111
101001111001010000
101001111001010010
101001111001010100
101001111001010110
101001111001011000
101001111001011010
101001111001110000
101001111001110010
101001111011010000
101001111011010010
101001111011010100
101001111011010110
101001111011011000
101001111011011010
101001111011110000
101001111011110010
101001111101010000
101001111101010010
101001111101010100
101001111101010110
101001111101011000
101001111101011010
101001111101110000
101001111101110010
101001111111010000
101001111111010010
101001111111010100
101001111111010110
101001111111011000
101001111111011010
101001111111110000
101001111111110010
101011010001010000
101011010001010001
101011010001010010
101011010001010011
101011010001010100
101011010001010101
101011010001010110
101011010001010111
101011010001011000
101011010001011010
101011010001011101
101011010001011111
101011010001110000
101011010001110001
101011010001110010
101011010001110011
101011010001110101
101011010001110111
101011010001111000
101011010001111010
101011010001111101
101011010001111111
101011010011010000
101011010011010001
101011010011010010
101011010011010011
101011010011010100
101011010011010101
101011010011010110
101011010011010111
101011010011011000
101011010011011010
101011010011011101
101011010011011111
101011010011110000
101011010011110001
101011010011110010
101011010011110011
101011010011110101
101011010011110111
101011010011111000
101011010011111010
101011010011111101
101011010011111111
101011010101010000
101011010101010001
101011010101010010
101011010101010011
101011010101010100
101011010101010101
101011010101010110
101011010101010111
101011010101011000
101011010101011010
101011010101011101
101011010101011111
101011010101110000
101011010101110001
101011010101110010
101011010101110011
101011010101110101
101011010101110111
101011010101111000
101011010101111010
101011010101111101
101011010101111111
101011010111010000
101011010111010001
101011010111010010
101011010111010011
101011010111010100
101011010111010101
101011010111010110
101011010111010111
101011010111011000
101011010111011010
101011010111011101
101011010111011111
101011010111110000
101011010111110001
101011010111110010
101011010111110011
101011010111110101
101011010111110111
101011010111111000
101011010111111010
101011010111111101
101011010111111111
101011011001010000
101011011001010010
101011011001010100
101011011001010110
101011011001011000
101011011001011010
101011011001110000
101011011001110010
101011011001111000
101011011001111010
101011011011010000
101011011011010010
101011011011010100
101011011011010110
101011011011011000
101011011011011010
101011011011110000
101011011011110010
101011011011111000
101011011011111010
101011011101010000
101011011101010010
101011011101010100
101011011101010110
101011011101011000
101011011101011010
101011011101110000
101011011101110010
101011011101111000
101011011101111010
101011011111010000
101011011111010010
101011011111010100
101011011111010110
101011011111011000
101011011111011010
101011011111110000
101011011111110010
101011011111111000
101011011111111010
101011110001010000
101011110001010001
101011110001010010
101011110001010011
101011110001010100
101011110001010101
101011110001010110
101011110001010111
101011110001011000
101011110001011010
101011110001011101
101011110001011111
101011110001110000
101011110001110001
101011110001110010
101011110001110011
101011110001110101
101011110001110111
101011110001111101
101011110001111111
101011110011010000
101011110011010001
101011110011010010
101011110011010011
101011110011010100
101011110011010101
101011110011010110
101011110011010111
101011110011011000
101011110011011010
101011110011011101
101011110011011111
101011110011110000
101011110011110001
101011110011110010
101011110011110011
101011110011110101
101011110011110111
101011110011111101
101011110011111111
101011110101010000
101011110101010001
101011110101010010
101011110101010011
101011110101010100
101011110101010101
101011110101010110
101011110101010111
101011110101011000
101011110101011010
101011110101011101
101011110101011111
101011110101110000
101011110101110001
101011110101110010
101011110101110011
101011110101110101
101011110101110111
101011110101111101
101011110101111111
101011110111010000
101011110111010001
101011110111010010
101011110111010011
101011110111010100
101011110111010101
101011110111010110
101011110111010111
101011110111011000
101011110111011010
101011110111011101
101011110111011111
101011110111110000
101011110111110001
101011110111110010
101011110111110011
101011110111110101
101011110111110111
101011110111111101
101011110111111111
101011111001010000
101011111001010010
101011111001010100
101011111001010110
101011111001011000
101011111001011010
101011111001110000
101011111001110010
101011111011010000
101011111011010010
101011111011010100
101011111011010110
101011111011011000
101011111011011010
101011111011110000
101011111011110010
101011111101010000
101011111101010010
101011111101010100
101011111101010110
101011111101011000
101011111101011010
101011111101110000
101011111101110010
101011111111010000
101011111111010010
101011111111010100
101011111111010110
101011111111011000
101011111111011010
101011111111110000
101011111111110010
101101010000010000
101101010000010001
101101010000010010
101101010000010011
101101010000010100
101101010000010101
101101010000010110
101101010000010111
101101010000011000
101101010000011010
101101010000011101
101101010000011111
101101010000110000
101101010000110001
101101010000110010
101101010000110011
101101010000110101
101101010000110111
101101010000111000
101101010000111010
101101010000111101
101101010000111111
101101010001010000
101101010001010001
101101010001010010
101101010001010011
101101010001010100
101101010001010101
101101010001010110
101101010001010111
101101010001011000
101101010001011010
101101010001011101
101101010001011111
101101010001110000
101101010001110001
101101010001110010
101101010001110011
101101010001110101
101101010001110111
101101010001111000
101101010001111010
101101010001111101
101101010001111111
101101010011010000
101101010011010001
101101010011010010
101101010011010011
101101010011010100
101101010011010101
101101010011010110
101101010011010111
101101010011011000
101101010011011010
101101010011011101
101101010011011111
101101010011110000
101101010011110001
101101010011110010
101101010011110011
101101010011110101
101101010011110111
101101010011111000
101101010011111010
101101010011111101
101101010011111111
101101010100010000
101101010100010001
101101010100010010
101101010100010011
101101010100010100
101101010100010101
101101010100010110
101101010100010111
101101010100011000
101101010100011010
101101010100011101
101101010100011111
101101010100110000
101101010100110001
101101010100110010
101101010100110011
101101010100110101
101101010100110111
101101010100111000
101101010100111010
101101010100111101
101101010100111111
101101010101010000
101101010101010001
101101010101010010
101101010101010011
101101010101010100
101101010101010101
101101010101010110
101101010101010111
101101010101011000
101101010101011010
101101010101011101
101101010101011111
101101010101110000
101101010101110001
101101010101110010
101101010101110011
101101010101110101
101101010101110111
101101010101111000
101101010101111010
101101010101111101
101101010101111111
101101010110010000
101101010110010001
101101010110010010
101101010110010011
101101010110010100
101101010110010101
101101010110010110
101101010110010111
101101010110011000
101101010110011010
101101010110011101
101101010110011111
101101010110110000
101101010110110001
101101010110110010
101101010110110011
101101010110110101
101101010110110111
101101010110111000
101101010110111010
101101010110111101
101101010110111111
101101010111010000
101101010111010001
101101010111010010
101101010111010011
101101010111010100
101101010111010101
101101010111010110
101101010111010111
101101010111011000
101101010111011010
101101010111011101
101101010111011111
101101010111110000
101101010111110001
101101010111110010
101101010111110011
101101010111110101
101101010111110111
101101010111111000
101101010111111010
101101010111111101
101101010111111111
101101011000010000
101101011000010010
101101011000010100
101101011000010110
101101011000011000
101101011000011010
101101011000110000
101101011000110010
101101011000111000
101101011000111010
101101011001010000
101101011001010010
101101011001010100
101101011001010110
101101011001011000
101101011001011010
101101011001110000
101101011001110010
101101011001111000
101101011001111010
101101011011010000
101101011011110000
101101011100010000
101101011100010010
101101011100010100
101101011100010110
101101011100011000
101101011100011010
101101011100110000
101101011100110010
101101011100111000
101101011100111010
101101011101010000
101101011101010010
101101011101010100
101101011101010110
101101011101011000
101101011101011010
101101011101110000
101101011101110010
101101011101111000
101101011101111010
101101011110010000
101101011110010010
101101011110010100
101101011110010110
101101011110011000
101101011110011010
101101011110110000
101101011110110010
101101011110111000
101101011110111010
101101011111010000
101101011111010010
101101011111010100
101101011111010110
101101011111011000
101101011111011010
101101011111110000
101101011111110010
101101011111111000
101101011111111010
101101110000010000
101101110000010001
101101110000010010
101101110000010011
101101110000010100
101101110000010101
101101110000010110
101101110000010111
101101110000011000
101101110000011010
101101110000011101
101101110000011111
101101110000110000
101101110000110001
101101110000110010
101101110000110011
101101110000110101
101101110000110111
101101110000111101
101101110000111111
101101110001010000
101101110001010001
101101110001010010
101101110001010011
101101110001010100
101101110001010101
101101110001010110
101101110001010111
101101110001011000
101101110001011010
101101110001011101
101101110001011111
101101110001110000
101101110001110001
101101110001110010
101101110001110011
101101110001110101
101101110001110111
101101110001111101
101101110001111111
101101110011010000
101101110011010001
101101110011010010
101101110011010011
101101110011010100
101101110011010101
101101110011010110
101101110011010111
101101110011011000
101101110011011010
101101110011011101
101101110011011111
101101110011110000
101101110011110001
101101110011110010
101101110011110011
101101110011110101
101101110011110111
101101110011111101
101101110011111111
101101110100010000
101101110100010001
101101110100010010
101101110100010011
101101110100010100
101101110100010101
101101110100010110
101101110100010111
101101110100011000
101101110100011010
101101110100011101
101101110100011111
101101110100110000
101101110100110001
101101110100110010
101101110100110011
101101110100110101
101101110100110111
101101110100111101
101101110100111111
101101110101010000
101101110101010001
101101110101010010
101101110101010011
101101110101010100
101101110101010101
101101110101010110
101101110101010111
101101110101011000
101101110101011010
101101110101011101
101101110101011111
101101110101110000
101101110101110001
101101110101110010
101101110101110011
101101110101110101
101101110101110111
101101110101111101
101101110101111111
101101110110010000
101101110110010001
101101110110010010
101101110110010011
101101110110010100
101101110110010101
101101110110010110
101101110110010111
101101110110011000
101101110110011010
101101110110011101
101101110110011111
101101110110110000
101101110110110001
101101110110110010
101101110110110011
101101110110110101
101101110110110111
101101110110111101
101101110110111111
101101110111010000
101101110111010001
101101110111010010
101101110111010011
101101110111010100
101101110111010101
101101110111010110
101101110111010111
101101110111011000
101101110111011010
101101110111011101
101101110111011111
101101110111110000
101101110111110001
101101110111110010
101101110111110011
101101110111110101
101101110111110111
101101110111111101
101101110111111111
101101111000010000
101101111000010010
101101111000010100
101101111000010110
101101111000011000
101101111000011010
101101111000110000
101101111000110010
101101111001010000
101101111001010010
101101111001010100
101101111001010110
101101111001011000
101101111001011010
101101111001110000
101101111001110010
101101111011010000
101101111011110000
101101111100010000
101101111100010010
101101111100010100
101101111100010110
101101111100011000
101101111100011010
101101111100110000
101101111100110010
101101111101010000
101101111101010010
101101111101010100
101101111101010110
101101111101011000
101101111101011010
101101111101110000
101101111101110010
101101111110010000
101101111110010010
101101111110010100
101101111110010110
101101111110011000
101101111110011010
101101111110110000
101101111110110010
101101111111010000
101101111111010010
101101111111010100
101101111111010110
101101111111011000
101101111111011010
101101111111110000
101101111111110010
101111010000010000
101111010000010001
101111010000010010
101111010000010011
101111010000010100
101111010000010101
101111010000010110
101111010000010111
101111010000011000
101111010000011010
101111010000011101
101111010000011111
101111010000110000
101111010000110001
101111010000110010
101111010000110011
101111010000110101
101111010000110111
101111010000111000
101111010000111010
101111010000111101
101111010000111111
101111010001010000
101111010001010001
101111010001010010
101111010001010011
101111010001010100
101111010001010101
101111010001010110
101111010001010111
101111010001011000
101111010001011010
101111010001011101
101111010001011111
101111010001110000
101111010001110001
101111010001110010
101111010001110011
101111010001110101
101111010001110111
101111010001111000
101111010001111010
101111010001111101
101111010001111111
101111010011010000
101111010011010001
101111010011010010
101111010011010011
101111010011010100
101111010011010101
101111010011010110
101111010011010111
101111010011011000
101111010011011010
101111010011011101
101111010011011111
101111010011110000
101111010011110001
101111010011110010
101111010011110011
101111010011110101
101111010011110111
101111010011111000
101111010011111010
101111010011111101
101111010011111111
101111010100010000
101111010100010001
101111010100010010
101111010100010011
101111010100010100
101111010100010101
101111010100010110
101111010100010111
101111010100011000
101111010100011010
101111010100011101
101111010100011111
101111010100110000
101111010100110001
101111010100110010
101111010100110011
101111010100110101
101111010100110111
101111010100111000
101111010100111010
101111010100111101
101111010100111111
101111010101010000
101111010101010001
101111010101010010
101111010101010011
101111010101010100
101111010101010101
101111010101010110
101111010101010111
101111010101011000
101111010101011010
101111010101011101
101111010101011111
101111010101110000
101111010101110001
101111010101110010
101111010101110011
101111010101110101
101111010101110111
101111010101111000
101111010101111010
101111010101111101
101111010101111111
101111010110010000
101111010110010001
101111010110010010
101111010110010011
101111010110010100
101111010110010101
101111010110010110
101111010110010111
101111010110011000
101111010110011010
101111010110011101
101111010110011111
101111010110110000
101111010110110001
101111010110110010
101111010110110011
101111010110110101
101111010110110111
101111010110111000
101111010110111010
101111010110111101
101111010110111111
101111010111010000
101111010111010001
101111010111010010
101111010111010011
101111010111010100
101111010111010101
101111010111010110
101111010111010111
101111010111011000
101111010111011010
101111010111011101
101111010111011111
101111010111110000
101111010111110001
101111010111110010
101111010111110011
101111010111110101
101111010111110111
101111010111111000
101111010111111010
101111010111111101
101111010111111111
101111011000010000
101111011000010010
101111011000010100
101111011000010110
101111011000011000
101111011000011010
101111011000110000
101111011000110010
101111011000111000
101111011000111010
101111011001010000
101111011001010010
101111011001010100
101111011001010110
101111011001011000
101111011001011010
101111011001110000
101111011001110010
101111011001111000
101111011001111010
101111011011010000
101111011011110000
101111011100010000
101111011100010010
101111011100010100
101111011100010110
101111011100011000
101111011100011010
101111011100110000
101111011100110010
101111011100111000
101111011100111010
101111011101010000
101111011101010010
101111011101010100
101111011101010110
101111011101011000
101111011101011010
101111011101110000
101111011101110010
101111011101111000
101111011101111010
101111011110010000
101111011110010010
101111011110010100
101111011110010110
101111011110011000
101111011110011010
101111011110110000
101111011110110010
101111011110111000
101111011110111010
101111011111010000
101111011111010010
101111011111010100
101111011111010110
101111011111011000
101111011111011010
101111011111110000
101111011111110010
101111011111111000
101111011111111010
101111110000010000
101111110000010001
101111110000010010
101111110000010011
101111110000010100
101111110000010101
101111110000010110
101111110000010111
101111110000011000
101111110000011010
101111110000011101
101111110000011111
101111110000110000
101111110000110001
101111110000110010
101111110000110011
101111110000110101
101111110000110111
101111110000111101
101111110000111111
101111110001010000
101111110001010001
101111110001010010
101111110001010011
101111110001010100
101111110001010101
101111110001010110
101111110001010111
101111110001011000
101111110001011010
101111110001011101
101111110001011111
101111110001110000
101111110001110001
101111110001110010
101111110001110011
101111110001110101
101111110001110111
101111110001111101
101111110001111111
101111110011010000
101111110011010001
101111110011010010
101111110011010011
101111110011010100
101111110011010101
101111110011010110
101111110011010111
101111110011011000
101111110011011010
101111110011011101
101111110011011111
101111110011110000
101111110011110001
101111110011110010
101111110011110011
101111110011110101
101111110011110111
101111110011111101
101111110011111111
101111110100010000
101111110100010001
101111110100010010
101111110100010011
101111110100010100
101111110100010101
101111110100010110
101111110100010111
101111110100011000
101111110100011010
101111110100011101
101111110100011111
101111110100110000
101111110100110001
101111110100110010
101111110100110011
101111110100110101
101111110100110111
101111110100111101
101111110100111111
101111110101010000
101111110101010001
101111110101010010
101111110101010011
101111110101010100
101111110101010101
101111110101010110
101111110101010111
101111110101011000
101111110101011010
101111110101011101
101111110101011111
101111110101110000
101111110101110001
101111110101110010
101111110101110011
101111110101110101
101111110101110111
101111110101111101
101111110101111111
101111110110010000
101111110110010001
101111110110010010
101111110110010011
101111110110010100
101111110110010101
101111110110010110
101111110110010111
101111110110011000
101111110110011010
101111110110011101
101111110110011111
101111110110110000
101111110110110001
101111110110110010
101111110110110011
101111110110110101
101111110110110111
101111110110111101
101111110110111111
101111110111010000
101111110111010001
101111110111010010
101111110111010011
101111110111010100
101111110111010101
101111110111010110
101111110111010111
101111110111011000
101111110111011010
101111110111011101
101111110111011111
101111110111110000
101111110111110001
101111110111110010
101111110111110011
101111110111110101
101111110111110111
101111110111111101
101111110111111111
101111111000010000
101111111000010010
101111111000010100
101111111000010110
101111111000011000
101111111000011010
101111111000110000
101111111000110010
101111111001010000
101111111001010010
101111111001010100
101111111001010110
101111111001011000
101111111001011010
101111111001110000
101111111001110010
101111111011010000
101111111011110000
101111111100010000
101111111100010010
101111111100010100
101111111100010110
101111111100011000
101111111100011010
101111111100110000
101111111100110010
101111111101010000
101111111101010010
101111111101010100
101111111101010110
101111111101011000
101111111101011010
101111111101110000
101111111101110010
101111111110010000
101111111110010010
101111111110010100
101111111110010110
101111111110011000
101111111110011010
101111111110110000
101111111110110010
101111111111010000
101111111111010010
101111111111010100
101111111111010110
101111111111011000
101111111111011010
101111111111110000
101111111111110010
