100001100001111000
100001100001111010
100001100011111000
100001100011111010
100001100101111000
100001100101111010
100001100111111000
100001100111111010
100001101001111000
100001101001111010
100001101011111000
100001101011111010
100001101101111000
100001101101111010
100001101111111000
100001101111111010
100011100001111000
100011100001111010
100011100011111000
100011100011111010
100011100101111000
100011100101111010
100011100111111000
100011100111111010
100011101001111000
100011101001111010
100011101011111000
100011101011111010
100011101101111000
100011101101111010
100011101111111000
100011101111111010
100101100000111000
100101100000111010
100101100001111000
100101100001111010
100101100011111000
100101100011111010
100101100100111000
100101100100111010
100101100101111000
100101100101111010
100101100110111000
100101100110111010
100101100111111000
100101100111111010
100101101000111000
100101101000111010
100101101001111000
100101101001111010
100101101100111000
100101101100111010
100101101101111000
100101101101111010
100101101110111000
100101101110111010
100101101111111000
100101101111111010
100111100000111000
100111100000111010
100111100001111000
100111100001111010
100111100011111000
100111100011111010
100111100100111000
100111100100111010
100111100101111000
100111100101111010
100111100110111000
100111100110111010
100111100111111000
100111100111111010
100111101000111000
100111101000111010
100111101001111000
100111101001111010
100111101100111000
100111101100111010
100111101101111000
100111101101111010
100111101110111000
100111101110111010
100111101111111000
100111101111111010
101001100001111000
101001100001111010
101001100011111000
101001100011111010
101001100101111000
101001100101111010
101001100111111000
101001100111111010
101001101001111000
101001101001111010
101001101011111000
101001101011111010
101001101101111000
101001101101111010
101001101111111000
101001101111111010
101011100001111000
101011100001111010
101011100011111000
101011100011111010
101011100101111000
101011100101111010
101011100111111000
101011100111111010
101011101001111000
101011101001111010
101011101011111000
101011101011111010
101011101101111000
101011101101111010
101011101111111000
101011101111111010
101101100000111000
101101100000111010
101101100001111000
101101100001111010
101101100011111000
101101100011111010
101101100100111000
101101100100111010
101101100101111000
101101100101111010
101101100110111000
101101100110111010
101101100111111000
101101100111111010
101101101000111000
101101101000111010
101101101001111000
101101101001111010
101101101100111000
101101101100111010
101101101101111000
101101101101111010
101101101110111000
101101101110111010
101101101111111000
101101101111111010
101111100000111000
101111100000111010
101111100001111000
101111100001111010
101111100011111000
101111100011111010
101111100100111000
101111100100111010
101111100101111000
101111100101111010
101111100110111000
101111100110111010
101111100111111000
101111100111111010
101111101000111000
101111101000111010
101111101001111000
101111101001111010
101111101100111000
101111101100111010
101111101101111000
101111101101111010
101111101110111000
101111101110111010
101111101111111000
101111101111111010
