100001110001111000
100001110001111010
100001110011111000
100001110011111010
100001110101111000
100001110101111010
100001110111111000
100001110111111010
100001111001111000
100001111001111010
100001111011111000
100001111011111010
100001111101111000
100001111101111010
100001111111111000
100001111111111010
100011110001111000
100011110001111010
100011110011111000
100011110011111010
100011110101111000
100011110101111010
100011110111111000
100011110111111010
100011111001111000
100011111001111010
100011111011111000
100011111011111010
100011111101111000
100011111101111010
100011111111111000
100011111111111010
100101110000111000
100101110000111010
100101110001111000
100101110001111010
100101110011111000
100101110011111010
100101110100111000
100101110100111010
100101110101111000
100101110101111010
100101110110111000
100101110110111010
100101110111111000
100101110111111010
100101111000111000
100101111000111010
100101111001111000
100101111001111010
100101111100111000
100101111100111010
100101111101111000
100101111101111010
100101111110111000
100101111110111010
100101111111111000
100101111111111010
100111110000111000
100111110000111010
100111110001111000
100111110001111010
100111110011111000
100111110011111010
100111110100111000
100111110100111010
100111110101111000
100111110101111010
100111110110111000
100111110110111010
100111110111111000
100111110111111010
100111111000111000
100111111000111010
100111111001111000
100111111001111010
100111111100111000
100111111100111010
100111111101111000
100111111101111010
100111111110111000
100111111110111010
100111111111111000
100111111111111010
101001110001111000
101001110001111010
101001110011111000
101001110011111010
101001110101111000
101001110101111010
101001110111111000
101001110111111010
101001111001111000
101001111001111010
101001111011111000
101001111011111010
101001111101111000
101001111101111010
101001111111111000
101001111111111010
101011110001111000
101011110001111010
101011110011111000
101011110011111010
101011110101111000
101011110101111010
101011110111111000
101011110111111010
101011111001111000
101011111001111010
101011111011111000
101011111011111010
101011111101111000
101011111101111010
101011111111111000
101011111111111010
101101110000111000
101101110000111010
101101110001111000
101101110001111010
101101110011111000
101101110011111010
101101110100111000
101101110100111010
101101110101111000
101101110101111010
101101110110111000
101101110110111010
101101110111111000
101101110111111010
101101111000111000
101101111000111010
101101111001111000
101101111001111010
101101111100111000
101101111100111010
101101111101111000
101101111101111010
101101111110111000
101101111110111010
101101111111111000
101101111111111010
101111110000111000
101111110000111010
101111110001111000
101111110001111010
101111110011111000
101111110011111010
101111110100111000
101111110100111010
101111110101111000
101111110101111010
101111110110111000
101111110110111010
101111110111111000
101111110111111010
101111111000111000
101111111000111010
101111111001111000
101111111001111010
101111111100111000
101111111100111010
101111111101111000
101111111101111010
101111111110111000
101111111110111010
101111111111111000
101111111111111010
