100001110000101000
100001110000101010
100001110000111000
100001110000111010
100001110001101000
100001110001101010
100001110011101000
100001110011101010
100001110100101000
100001110100101010
100001110100111000
100001110100111010
100001110101101000
100001110101101010
100001110110101000
100001110110101010
100001110110111000
100001110110111010
100001110111101000
100001110111101010
100001111000101000
100001111000101010
100001111000111000
100001111000111010
100001111001101000
100001111001101010
100001111011101000
100001111011101010
100001111100101000
100001111100101010
100001111100111000
100001111100111010
100001111101101000
100001111101101010
100001111110101000
100001111110101010
100001111110111000
100001111110111010
100001111111101000
100001111111101010
100011110000101000
100011110000101010
100011110000111000
100011110000111010
100011110001101000
100011110001101010
100011110011101000
100011110011101010
100011110100101000
100011110100101010
100011110100111000
100011110100111010
100011110101101000
100011110101101010
100011110110101000
100011110110101010
100011110110111000
100011110110111010
100011110111101000
100011110111101010
100011111000101000
100011111000101010
100011111000111000
100011111000111010
100011111001101000
100011111001101010
100011111011101000
100011111011101010
100011111100101000
100011111100101010
100011111100111000
100011111100111010
100011111101101000
100011111101101010
100011111110101000
100011111110101010
100011111110111000
100011111110111010
100011111111101000
100011111111101010
100101110000101000
100101110000101010
100101110001101000
100101110001101010
100101110011101000
100101110011101010
100101110100101000
100101110100101010
100101110101101000
100101110101101010
100101110110101000
100101110110101010
100101110111101000
100101110111101010
100101111000101000
100101111000101010
100101111001101000
100101111001101010
100101111100101000
100101111100101010
100101111101101000
100101111101101010
100101111110101000
100101111110101010
100101111111101000
100101111111101010
100111110000101000
100111110000101010
100111110001101000
100111110001101010
100111110011101000
100111110011101010
100111110100101000
100111110100101010
100111110101101000
100111110101101010
100111110110101000
100111110110101010
100111110111101000
100111110111101010
100111111000101000
100111111000101010
100111111001101000
100111111001101010
100111111100101000
100111111100101010
100111111101101000
100111111101101010
100111111110101000
100111111110101010
100111111111101000
100111111111101010
101001110000101000
101001110000101010
101001110000111000
101001110000111010
101001110001101000
101001110001101010
101001110011101000
101001110011101010
101001110100101000
101001110100101010
101001110100111000
101001110100111010
101001110101101000
101001110101101010
101001110110101000
101001110110101010
101001110110111000
101001110110111010
101001110111101000
101001110111101010
101001111000101000
101001111000101010
101001111000111000
101001111000111010
101001111001101000
101001111001101010
101001111011101000
101001111011101010
101001111100101000
101001111100101010
101001111100111000
101001111100111010
101001111101101000
101001111101101010
101001111110101000
101001111110101010
101001111110111000
101001111110111010
101001111111101000
101001111111101010
101011110000101000
101011110000101010
101011110000111000
101011110000111010
101011110001101000
101011110001101010
101011110011101000
101011110011101010
101011110100101000
101011110100101010
101011110100111000
101011110100111010
101011110101101000
101011110101101010
101011110110101000
101011110110101010
101011110110111000
101011110110111010
101011110111101000
101011110111101010
101011111000101000
101011111000101010
101011111000111000
101011111000111010
101011111001101000
101011111001101010
101011111011101000
101011111011101010
101011111100101000
101011111100101010
101011111100111000
101011111100111010
101011111101101000
101011111101101010
101011111110101000
101011111110101010
101011111110111000
101011111110111010
101011111111101000
101011111111101010
101101110000101000
101101110000101010
101101110001101000
101101110001101010
101101110011101000
101101110011101010
101101110100101000
101101110100101010
101101110101101000
101101110101101010
101101110110101000
101101110110101010
101101110111101000
101101110111101010
101101111000101000
101101111000101010
101101111001101000
101101111001101010
101101111100101000
101101111100101010
101101111101101000
101101111101101010
101101111110101000
101101111110101010
101101111111101000
101101111111101010
101111110000101000
101111110000101010
101111110001101000
101111110001101010
101111110011101000
101111110011101010
101111110100101000
101111110100101010
101111110101101000
101111110101101010
101111110110101000
101111110110101010
101111110111101000
101111110111101010
101111111000101000
101111111000101010
101111111001101000
101111111001101010
101111111100101000
101111111100101010
101111111101101000
101111111101101010
101111111110101000
101111111110101010
101111111111101000
101111111111101010
