100000110001111000
100000110001111010
100000110011111000
100000110011111010
100000110101111000
100000110101111010
100000110111111000
100000110111111010
100000111001111000
100000111001111010
100000111011111000
100000111011111010
100000111101111000
100000111101111010
100000111111111000
100000111111111010
100010110001111000
100010110001111010
100010110011111000
100010110011111010
100010110101111000
100010110101111010
100010110111111000
100010110111111010
100010111001111000
100010111001111010
100010111011111000
100010111011111010
100010111101111000
100010111101111010
100010111111111000
100010111111111010
100100110000111000
100100110000111010
100100110001111000
100100110001111010
100100110011111000
100100110011111010
100100110100111000
100100110100111010
100100110101111000
100100110101111010
100100110110111000
100100110110111010
100100110111111000
100100110111111010
100100111000111000
100100111000111010
100100111001111000
100100111001111010
100100111011111000
100100111011111010
100100111100111000
100100111100111010
100100111101111000
100100111101111010
100100111110111000
100100111110111010
100100111111111000
100100111111111010
100110110000111000
100110110000111010
100110110001111000
100110110001111010
100110110011111000
100110110011111010
100110110100111000
100110110100111010
100110110101111000
100110110101111010
100110110110111000
100110110110111010
100110110111111000
100110110111111010
100110111000111000
100110111000111010
100110111001111000
100110111001111010
100110111011111000
100110111011111010
100110111100111000
100110111100111010
100110111101111000
100110111101111010
100110111110111000
100110111110111010
100110111111111000
100110111111111010
101000110001111000
101000110001111010
101000110011111000
101000110011111010
101000110101111000
101000110101111010
101000110111111000
101000110111111010
101000111001111000
101000111001111010
101000111011111000
101000111011111010
101000111101111000
101000111101111010
101000111111111000
101000111111111010
101010110001111000
101010110001111010
101010110011111000
101010110011111010
101010110101111000
101010110101111010
101010110111111000
101010110111111010
101010111001111000
101010111001111010
101010111011111000
101010111011111010
101010111101111000
101010111101111010
101010111111111000
101010111111111010
101100110000111000
101100110000111010
101100110001111000
101100110001111010
101100110011111000
101100110011111010
101100110100111000
101100110100111010
101100110101111000
101100110101111010
101100110110111000
101100110110111010
101100110111111000
101100110111111010
101100111000111000
101100111000111010
101100111001111000
101100111001111010
101100111011111000
101100111011111010
101100111100111000
101100111100111010
101100111101111000
101100111101111010
101100111110111000
101100111110111010
101100111111111000
101100111111111010
101110110000111000
101110110000111010
101110110001111000
101110110001111010
101110110011111000
101110110011111010
101110110100111000
101110110100111010
101110110101111000
101110110101111010
101110110110111000
101110110110111010
101110110111111000
101110110111111010
101110111000111000
101110111000111010
101110111001111000
101110111001111010
101110111011111000
101110111011111010
101110111100111000
101110111100111010
101110111101111000
101110111101111010
101110111110111000
101110111110111010
101110111111111000
101110111111111010
