100000010001010000
100000010001010001
100000010001010010
100000010001010011
100000010001010100
100000010001010101
100000010001010110
100000010001010111
100000010001011000
100000010001011001
100000010001011010
100000010001011011
100000010001011100
100000010001011101
100000010001011110
100000010001011111
100000010001110000
100000010001110010
100000010001110101
100000010001110111
100000010001111000
100000010001111010
100000010001111100
100000010001111101
100000010001111110
100000010001111111
100000010011010000
100000010011010001
100000010011010010
100000010011010011
100000010011010100
100000010011010101
100000010011010110
100000010011010111
100000010011011000
100000010011011001
100000010011011010
100000010011011011
100000010011011100
100000010011011101
100000010011011110
100000010011011111
100000010011110000
100000010011110010
100000010011110101
100000010011110111
100000010011111000
100000010011111010
100000010011111100
100000010011111101
100000010011111110
100000010011111111
100000010101010000
100000010101010001
100000010101010010
100000010101010011
100000010101010100
100000010101010101
100000010101010110
100000010101010111
100000010101011000
100000010101011001
100000010101011010
100000010101011011
100000010101011100
100000010101011101
100000010101011110
100000010101011111
100000010101110000
100000010101110010
100000010101110101
100000010101110111
100000010101111000
100000010101111010
100000010101111100
100000010101111101
100000010101111110
100000010101111111
100000010111010000
100000010111010001
100000010111010010
100000010111010011
100000010111010100
100000010111010101
100000010111010110
100000010111010111
100000010111011000
100000010111011001
100000010111011010
100000010111011011
100000010111011100
100000010111011101
100000010111011110
100000010111011111
100000010111110000
100000010111110010
100000010111110101
100000010111110111
100000010111111000
100000010111111010
100000010111111100
100000010111111101
100000010111111110
100000010111111111
100000011001010000
100000011001010010
100000011001010100
100000011001010110
100000011001011000
100000011001011010
100000011001011100
100000011001011110
100000011001110000
100000011001110010
100000011001111000
100000011001111010
100000011001111100
100000011001111110
100000011011010000
100000011011010010
100000011011010100
100000011011010110
100000011011011000
100000011011011010
100000011011011100
100000011011011110
100000011011110000
100000011011110010
100000011011111000
100000011011111010
100000011011111100
100000011011111110
100000011101010000
100000011101010010
100000011101010100
100000011101010110
100000011101011000
100000011101011010
100000011101011100
100000011101011110
100000011101110000
100000011101110010
100000011101111000
100000011101111010
100000011101111100
100000011101111110
100000011111010000
100000011111010010
100000011111010100
100000011111010110
100000011111011000
100000011111011010
100000011111011100
100000011111011110
100000011111110000
100000011111110010
100000011111111000
100000011111111010
100000011111111100
100000011111111110
100000110001010000
100000110001010001
100000110001010010
100000110001010011
100000110001010100
100000110001010101
100000110001010110
100000110001010111
100000110001011000
100000110001011001
100000110001011010
100000110001011011
100000110001011100
100000110001011101
100000110001011110
100000110001011111
100000110001110000
100000110001110010
100000110001110101
100000110001110111
100000110001111100
100000110001111101
100000110001111110
100000110001111111
100000110011010000
100000110011010001
100000110011010010
100000110011010011
100000110011010100
100000110011010101
100000110011010110
100000110011010111
100000110011011000
100000110011011001
100000110011011010
100000110011011011
100000110011011100
100000110011011101
100000110011011110
100000110011011111
100000110011110000
100000110011110010
100000110011110101
100000110011110111
100000110011111100
100000110011111101
100000110011111110
100000110011111111
100000110101010000
100000110101010001
100000110101010010
100000110101010011
100000110101010100
100000110101010101
100000110101010110
100000110101010111
100000110101011000
100000110101011001
100000110101011010
100000110101011011
100000110101011100
100000110101011101
100000110101011110
100000110101011111
100000110101110000
100000110101110010
100000110101110101
100000110101110111
100000110101111100
100000110101111101
100000110101111110
100000110101111111
100000110111010000
100000110111010001
100000110111010010
100000110111010011
100000110111010100
100000110111010101
100000110111010110
100000110111010111
100000110111011000
100000110111011001
100000110111011010
100000110111011011
100000110111011100
100000110111011101
100000110111011110
100000110111011111
100000110111110000
100000110111110010
100000110111110101
100000110111110111
100000110111111100
100000110111111101
100000110111111110
100000110111111111
100000111001010000
100000111001010010
100000111001010100
100000111001010110
100000111001011000
100000111001011010
100000111001011100
100000111001011110
100000111001110000
100000111001110010
100000111001111100
100000111001111110
100000111011010000
100000111011010010
100000111011010100
100000111011010110
100000111011011000
100000111011011010
100000111011011100
100000111011011110
100000111011110000
100000111011110010
100000111011111100
100000111011111110
100000111101010000
100000111101010010
100000111101010100
100000111101010110
100000111101011000
100000111101011010
100000111101011100
100000111101011110
100000111101110000
100000111101110010
100000111101111100
100000111101111110
100000111111010000
100000111111010010
100000111111010100
100000111111010110
100000111111011000
100000111111011010
100000111111011100
100000111111011110
100000111111110000
100000111111110010
100000111111111100
100000111111111110
100001010001011001
100001010001011011
100001010001011100
100001010001011110
100001010001111100
100001010001111110
100001010011011001
100001010011011011
100001010011011100
100001010011011110
100001010011111100
100001010011111110
100001010101011001
100001010101011011
100001010101011100
100001010101011110
100001010101111100
100001010101111110
100001010111011001
100001010111011011
100001010111011100
100001010111011110
100001010111111100
100001010111111110
100001011001011100
100001011001011110
100001011001111100
100001011001111110
100001011011011100
100001011011011110
100001011011111100
100001011011111110
100001011101011100
100001011101011110
100001011101111100
100001011101111110
100001011111011100
100001011111011110
100001011111111100
100001011111111110
100001110001011001
100001110001011011
100001110001011100
100001110001011110
100001110001111100
100001110001111110
100001110011011001
100001110011011011
100001110011011100
100001110011011110
100001110011111100
100001110011111110
100001110101011001
100001110101011011
100001110101011100
100001110101011110
100001110101111100
100001110101111110
100001110111011001
100001110111011011
100001110111011100
100001110111011110
100001110111111100
100001110111111110
100001111001011100
100001111001011110
100001111001111100
100001111001111110
100001111011011100
100001111011011110
100001111011111100
100001111011111110
100001111101011100
100001111101011110
100001111101111100
100001111101111110
100001111111011100
100001111111011110
100001111111111100
100001111111111110
100010010001010000
100010010001010001
100010010001010010
100010010001010011
100010010001010100
100010010001010101
100010010001010110
100010010001010111
100010010001011000
100010010001011001
100010010001011010
100010010001011011
100010010001011100
100010010001011101
100010010001011110
100010010001011111
100010010001110000
100010010001110010
100010010001110101
100010010001110111
100010010001111000
100010010001111010
100010010001111100
100010010001111101
100010010001111110
100010010001111111
100010010011010000
100010010011010001
100010010011010010
100010010011010011
100010010011010100
100010010011010101
100010010011010110
100010010011010111
100010010011011000
100010010011011001
100010010011011010
100010010011011011
100010010011011100
100010010011011101
100010010011011110
100010010011011111
100010010011110000
100010010011110010
100010010011110101
100010010011110111
100010010011111000
100010010011111010
100010010011111100
100010010011111101
100010010011111110
100010010011111111
100010010101010000
100010010101010001
100010010101010010
100010010101010011
100010010101010100
100010010101010101
100010010101010110
100010010101010111
100010010101011000
100010010101011001
100010010101011010
100010010101011011
100010010101011100
100010010101011101
100010010101011110
100010010101011111
100010010101110000
100010010101110010
100010010101110101
100010010101110111
100010010101111000
100010010101111010
100010010101111100
100010010101111101
100010010101111110
100010010101111111
100010010111010000
100010010111010001
100010010111010010
100010010111010011
100010010111010100
100010010111010101
100010010111010110
100010010111010111
100010010111011000
100010010111011001
100010010111011010
100010010111011011
100010010111011100
100010010111011101
100010010111011110
100010010111011111
100010010111110000
100010010111110010
100010010111110101
100010010111110111
100010010111111000
100010010111111010
100010010111111100
100010010111111101
100010010111111110
100010010111111111
100010011001010000
100010011001010010
100010011001010100
100010011001010110
100010011001011000
100010011001011010
100010011001011100
100010011001011110
100010011001110000
100010011001110010
100010011001111000
100010011001111010
100010011001111100
100010011001111110
100010011011010000
100010011011010010
100010011011010100
100010011011010110
100010011011011000
100010011011011010
100010011011011100
100010011011011110
100010011011110000
100010011011110010
100010011011111000
100010011011111010
100010011011111100
100010011011111110
100010011101010000
100010011101010010
100010011101010100
100010011101010110
100010011101011000
100010011101011010
100010011101011100
100010011101011110
100010011101110000
100010011101110010
100010011101111000
100010011101111010
100010011101111100
100010011101111110
100010011111010000
100010011111010010
100010011111010100
100010011111010110
100010011111011000
100010011111011010
100010011111011100
100010011111011110
100010011111110000
100010011111110010
100010011111111000
100010011111111010
100010011111111100
100010011111111110
100010110001010000
100010110001010001
100010110001010010
100010110001010011
100010110001010100
100010110001010101
100010110001010110
100010110001010111
100010110001011000
100010110001011001
100010110001011010
100010110001011011
100010110001011100
100010110001011101
100010110001011110
100010110001011111
100010110001110000
100010110001110010
100010110001110101
100010110001110111
100010110001111100
100010110001111101
100010110001111110
100010110001111111
100010110011010000
100010110011010001
100010110011010010
100010110011010011
100010110011010100
100010110011010101
100010110011010110
100010110011010111
100010110011011000
100010110011011001
100010110011011010
100010110011011011
100010110011011100
100010110011011101
100010110011011110
100010110011011111
100010110011110000
100010110011110010
100010110011110101
100010110011110111
100010110011111100
100010110011111101
100010110011111110
100010110011111111
100010110101010000
100010110101010001
100010110101010010
100010110101010011
100010110101010100
100010110101010101
100010110101010110
100010110101010111
100010110101011000
100010110101011001
100010110101011010
100010110101011011
100010110101011100
100010110101011101
100010110101011110
100010110101011111
100010110101110000
100010110101110010
100010110101110101
100010110101110111
100010110101111100
100010110101111101
100010110101111110
100010110101111111
100010110111010000
100010110111010001
100010110111010010
100010110111010011
100010110111010100
100010110111010101
100010110111010110
100010110111010111
100010110111011000
100010110111011001
100010110111011010
100010110111011011
100010110111011100
100010110111011101
100010110111011110
100010110111011111
100010110111110000
100010110111110010
100010110111110101
100010110111110111
100010110111111100
100010110111111101
100010110111111110
100010110111111111
100010111001010000
100010111001010010
100010111001010100
100010111001010110
100010111001011000
100010111001011010
100010111001011100
100010111001011110
100010111001110000
100010111001110010
100010111001111100
100010111001111110
100010111011010000
100010111011010010
100010111011010100
100010111011010110
100010111011011000
100010111011011010
100010111011011100
100010111011011110
100010111011110000
100010111011110010
100010111011111100
100010111011111110
100010111101010000
100010111101010010
100010111101010100
100010111101010110
100010111101011000
100010111101011010
100010111101011100
100010111101011110
100010111101110000
100010111101110010
100010111101111100
100010111101111110
100010111111010000
100010111111010010
100010111111010100
100010111111010110
100010111111011000
100010111111011010
100010111111011100
100010111111011110
100010111111110000
100010111111110010
100010111111111100
100010111111111110
100011010001011001
100011010001011011
100011010001011100
100011010001011110
100011010001111100
100011010001111110
100011010011011001
100011010011011011
100011010011011100
100011010011011110
100011010011111100
100011010011111110
100011010101011001
100011010101011011
100011010101011100
100011010101011110
100011010101111100
100011010101111110
100011010111011001
100011010111011011
100011010111011100
100011010111011110
100011010111111100
100011010111111110
100011011001011100
100011011001011110
100011011001111100
100011011001111110
100011011011011100
100011011011011110
100011011011111100
100011011011111110
100011011101011100
100011011101011110
100011011101111100
100011011101111110
100011011111011100
100011011111011110
100011011111111100
100011011111111110
100011110001011001
100011110001011011
100011110001011100
100011110001011110
100011110001111100
100011110001111110
100011110011011001
100011110011011011
100011110011011100
100011110011011110
100011110011111100
100011110011111110
100011110101011001
100011110101011011
100011110101011100
100011110101011110
100011110101111100
100011110101111110
100011110111011001
100011110111011011
100011110111011100
100011110111011110
100011110111111100
100011110111111110
100011111001011100
100011111001011110
100011111001111100
100011111001111110
100011111011011100
100011111011011110
100011111011111100
100011111011111110
100011111101011100
100011111101011110
100011111101111100
100011111101111110
100011111111011100
100011111111011110
100011111111111100
100011111111111110
100100010000010000
100100010000010001
100100010000010010
100100010000010011
100100010000010100
100100010000010101
100100010000010110
100100010000010111
100100010000011000
100100010000011001
100100010000011010
100100010000011011
100100010000011100
100100010000011101
100100010000011110
100100010000011111
100100010000110000
100100010000110010
100100010000110101
100100010000110111
100100010000111000
100100010000111010
100100010000111100
100100010000111101
100100010000111110
100100010000111111
100100010001010000
100100010001010001
100100010001010010
100100010001010011
100100010001010100
100100010001010101
100100010001010110
100100010001010111
100100010001011000
100100010001011001
100100010001011010
100100010001011011
100100010001011100
100100010001011101
100100010001011110
100100010001011111
100100010001110000
100100010001110010
100100010001110101
100100010001110111
100100010001111000
100100010001111010
100100010001111100
100100010001111101
100100010001111110
100100010001111111
100100010011010000
100100010011010001
100100010011010010
100100010011010011
100100010011010100
100100010011010101
100100010011010110
100100010011010111
100100010011011000
100100010011011001
100100010011011010
100100010011011011
100100010011011100
100100010011011101
100100010011011110
100100010011011111
100100010011110000
100100010011110010
100100010011110101
100100010011110111
100100010011111000
100100010011111010
100100010011111100
100100010011111101
100100010011111110
100100010011111111
100100010100010000
100100010100010001
100100010100010010
100100010100010011
100100010100010100
100100010100010101
100100010100010110
100100010100010111
100100010100011000
100100010100011001
100100010100011010
100100010100011011
100100010100011100
100100010100011101
100100010100011110
100100010100011111
100100010100110000
100100010100110010
100100010100110101
100100010100110111
100100010100111000
100100010100111010
100100010100111100
100100010100111101
100100010100111110
100100010100111111
100100010101010000
100100010101010001
100100010101010010
100100010101010011
100100010101010100
100100010101010101
100100010101010110
100100010101010111
100100010101011000
100100010101011001
100100010101011010
100100010101011011
100100010101011100
100100010101011101
100100010101011110
100100010101011111
100100010101110000
100100010101110010
100100010101110101
100100010101110111
100100010101111000
100100010101111010
100100010101111100
100100010101111101
100100010101111110
100100010101111111
100100010110010000
100100010110010001
100100010110010010
100100010110010011
100100010110010100
100100010110010101
100100010110010110
100100010110010111
100100010110011000
100100010110011001
100100010110011010
100100010110011011
100100010110011100
100100010110011101
100100010110011110
100100010110011111
100100010110110000
100100010110110010
100100010110110101
100100010110110111
100100010110111000
100100010110111010
100100010110111100
100100010110111101
100100010110111110
100100010110111111
100100010111010000
100100010111010001
100100010111010010
100100010111010011
100100010111010100
100100010111010101
100100010111010110
100100010111010111
100100010111011000
100100010111011001
100100010111011010
100100010111011011
100100010111011100
100100010111011101
100100010111011110
100100010111011111
100100010111110000
100100010111110010
100100010111110101
100100010111110111
100100010111111000
100100010111111010
100100010111111100
100100010111111101
100100010111111110
100100010111111111
100100011000010000
100100011000010010
100100011000010100
100100011000010110
100100011000011000
100100011000011010
100100011000011100
100100011000011110
100100011000110000
100100011000110010
100100011000111000
100100011000111010
100100011000111100
100100011000111110
100100011001010000
100100011001010010
100100011001010100
100100011001010110
100100011001011000
100100011001011010
100100011001011100
100100011001011110
100100011001110000
100100011001110010
100100011001111000
100100011001111010
100100011001111100
100100011001111110
100100011011010000
100100011011010010
100100011011010100
100100011011010110
100100011011011000
100100011011011010
100100011011011100
100100011011011110
100100011011110000
100100011011110010
100100011011111000
100100011011111010
100100011011111100
100100011011111110
100100011100010000
100100011100010010
100100011100010100
100100011100010110
100100011100011000
100100011100011010
100100011100011100
100100011100011110
100100011100110000
100100011100110010
100100011100111000
100100011100111010
100100011100111100
100100011100111110
100100011101010000
100100011101010010
100100011101010100
100100011101010110
100100011101011000
100100011101011010
100100011101011100
100100011101011110
100100011101110000
100100011101110010
100100011101111000
100100011101111010
100100011101111100
100100011101111110
100100011110010000
100100011110010010
100100011110010100
100100011110010110
100100011110011000
100100011110011010
100100011110011100
100100011110011110
100100011110110000
100100011110110010
100100011110111000
100100011110111010
100100011110111100
100100011110111110
100100011111010000
100100011111010010
100100011111010100
100100011111010110
100100011111011000
100100011111011010
100100011111011100
100100011111011110
100100011111110000
100100011111110010
100100011111111000
100100011111111010
100100011111111100
100100011111111110
100100110000010000
100100110000010001
100100110000010010
100100110000010011
100100110000010100
100100110000010101
100100110000010110
100100110000010111
100100110000011000
100100110000011001
100100110000011010
100100110000011011
100100110000011100
100100110000011101
100100110000011110
100100110000011111
100100110000110000
100100110000110010
100100110000110101
100100110000110111
100100110000111100
100100110000111101
100100110000111110
100100110000111111
100100110001010000
100100110001010001
100100110001010010
100100110001010011
100100110001010100
100100110001010101
100100110001010110
100100110001010111
100100110001011000
100100110001011001
100100110001011010
100100110001011011
100100110001011100
100100110001011101
100100110001011110
100100110001011111
100100110001110000
100100110001110010
100100110001110101
100100110001110111
100100110001111100
100100110001111101
100100110001111110
100100110001111111
100100110011010000
100100110011010001
100100110011010010
100100110011010011
100100110011010100
100100110011010101
100100110011010110
100100110011010111
100100110011011000
100100110011011001
100100110011011010
100100110011011011
100100110011011100
100100110011011101
100100110011011110
100100110011011111
100100110011110000
100100110011110010
100100110011110101
100100110011110111
100100110011111100
100100110011111101
100100110011111110
100100110011111111
100100110100010000
100100110100010001
100100110100010010
100100110100010011
100100110100010100
100100110100010101
100100110100010110
100100110100010111
100100110100011000
100100110100011001
100100110100011010
100100110100011011
100100110100011100
100100110100011101
100100110100011110
100100110100011111
100100110100110000
100100110100110010
100100110100110101
100100110100110111
100100110100111100
100100110100111101
100100110100111110
100100110100111111
100100110101010000
100100110101010001
100100110101010010
100100110101010011
100100110101010100
100100110101010101
100100110101010110
100100110101010111
100100110101011000
100100110101011001
100100110101011010
100100110101011011
100100110101011100
100100110101011101
100100110101011110
100100110101011111
100100110101110000
100100110101110010
100100110101110101
100100110101110111
100100110101111100
100100110101111101
100100110101111110
100100110101111111
100100110110010000
100100110110010001
100100110110010010
100100110110010011
100100110110010100
100100110110010101
100100110110010110
100100110110010111
100100110110011000
100100110110011001
100100110110011010
100100110110011011
100100110110011100
100100110110011101
100100110110011110
100100110110011111
100100110110110000
100100110110110010
100100110110110101
100100110110110111
100100110110111100
100100110110111101
100100110110111110
100100110110111111
100100110111010000
100100110111010001
100100110111010010
100100110111010011
100100110111010100
100100110111010101
100100110111010110
100100110111010111
100100110111011000
100100110111011001
100100110111011010
100100110111011011
100100110111011100
100100110111011101
100100110111011110
100100110111011111
100100110111110000
100100110111110010
100100110111110101
100100110111110111
100100110111111100
100100110111111101
100100110111111110
100100110111111111
100100111000010000
100100111000010010
100100111000010100
100100111000010110
100100111000011000
100100111000011010
100100111000011100
100100111000011110
100100111000110000
100100111000110010
100100111000111100
100100111000111110
100100111001010000
100100111001010010
100100111001010100
100100111001010110
100100111001011000
100100111001011010
100100111001011100
100100111001011110
100100111001110000
100100111001110010
100100111001111100
100100111001111110
100100111011010000
100100111011010010
100100111011010100
100100111011010110
100100111011011000
100100111011011010
100100111011011100
100100111011011110
100100111011110000
100100111011110010
100100111011111100
100100111011111110
100100111100010000
100100111100010010
100100111100010100
100100111100010110
100100111100011000
100100111100011010
100100111100011100
100100111100011110
100100111100110000
100100111100110010
100100111100111100
100100111100111110
100100111101010000
100100111101010010
100100111101010100
100100111101010110
100100111101011000
100100111101011010
100100111101011100
100100111101011110
100100111101110000
100100111101110010
100100111101111100
100100111101111110
100100111110010000
100100111110010010
100100111110010100
100100111110010110
100100111110011000
100100111110011010
100100111110011100
100100111110011110
100100111110110000
100100111110110010
100100111110111100
100100111110111110
100100111111010000
100100111111010010
100100111111010100
100100111111010110
100100111111011000
100100111111011010
100100111111011100
100100111111011110
100100111111110000
100100111111110010
100100111111111100
100100111111111110
100101010000011001
100101010000011011
100101010000011100
100101010000011110
100101010000111100
100101010000111110
100101010001011001
100101010001011011
100101010001011100
100101010001011110
100101010001111100
100101010001111110
100101010011011001
100101010011011011
100101010011011100
100101010011011110
100101010011111100
100101010011111110
100101010100011001
100101010100011011
100101010100011100
100101010100011110
100101010100111100
100101010100111110
100101010101011001
100101010101011011
100101010101011100
100101010101011110
100101010101111100
100101010101111110
100101010110011001
100101010110011011
100101010110011100
100101010110011110
100101010110111100
100101010110111110
100101010111011001
100101010111011011
100101010111011100
100101010111011110
100101010111111100
100101010111111110
100101011000011100
100101011000011110
100101011000111100
100101011000111110
100101011001011100
100101011001011110
100101011001111100
100101011001111110
100101011011011100
100101011011011110
100101011011111100
100101011011111110
100101011100011100
100101011100011110
100101011100111100
100101011100111110
100101011101011100
100101011101011110
100101011101111100
100101011101111110
100101011110011100
100101011110011110
100101011110111100
100101011110111110
100101011111011100
100101011111011110
100101011111111100
100101011111111110
100101110000011001
100101110000011011
100101110000011100
100101110000011110
100101110000111100
100101110000111110
100101110001011001
100101110001011011
100101110001011100
100101110001011110
100101110001111100
100101110001111110
100101110011011001
100101110011011011
100101110011011100
100101110011011110
100101110011111100
100101110011111110
100101110100011001
100101110100011011
100101110100011100
100101110100011110
100101110100111100
100101110100111110
100101110101011001
100101110101011011
100101110101011100
100101110101011110
100101110101111100
100101110101111110
100101110110011001
100101110110011011
100101110110011100
100101110110011110
100101110110111100
100101110110111110
100101110111011001
100101110111011011
100101110111011100
100101110111011110
100101110111111100
100101110111111110
100101111000011100
100101111000011110
100101111000111100
100101111000111110
100101111001011100
100101111001011110
100101111001111100
100101111001111110
100101111011011100
100101111011011110
100101111011111100
100101111011111110
100101111100011100
100101111100011110
100101111100111100
100101111100111110
100101111101011100
100101111101011110
100101111101111100
100101111101111110
100101111110011100
100101111110011110
100101111110111100
100101111110111110
100101111111011100
100101111111011110
100101111111111100
100101111111111110
100110010000010000
100110010000010001
100110010000010010
100110010000010011
100110010000010100
100110010000010101
100110010000010110
100110010000010111
100110010000011000
100110010000011001
100110010000011010
100110010000011011
100110010000011100
100110010000011101
100110010000011110
100110010000011111
100110010000110000
100110010000110010
100110010000110101
100110010000110111
100110010000111000
100110010000111010
100110010000111100
100110010000111101
100110010000111110
100110010000111111
100110010001010000
100110010001010001
100110010001010010
100110010001010011
100110010001010100
100110010001010101
100110010001010110
100110010001010111
100110010001011000
100110010001011001
100110010001011010
100110010001011011
100110010001011100
100110010001011101
100110010001011110
100110010001011111
100110010001110000
100110010001110010
100110010001110101
100110010001110111
100110010001111000
100110010001111010
100110010001111100
100110010001111101
100110010001111110
100110010001111111
100110010011010000
100110010011010001
100110010011010010
100110010011010011
100110010011010100
100110010011010101
100110010011010110
100110010011010111
100110010011011000
100110010011011001
100110010011011010
100110010011011011
100110010011011100
100110010011011101
100110010011011110
100110010011011111
100110010011110000
100110010011110010
100110010011110101
100110010011110111
100110010011111000
100110010011111010
100110010011111100
100110010011111101
100110010011111110
100110010011111111
100110010100010000
100110010100010001
100110010100010010
100110010100010011
100110010100010100
100110010100010101
100110010100010110
100110010100010111
100110010100011000
100110010100011001
100110010100011010
100110010100011011
100110010100011100
100110010100011101
100110010100011110
100110010100011111
100110010100110000
100110010100110010
100110010100110101
100110010100110111
100110010100111000
100110010100111010
100110010100111100
100110010100111101
100110010100111110
100110010100111111
100110010101010000
100110010101010001
100110010101010010
100110010101010011
100110010101010100
100110010101010101
100110010101010110
100110010101010111
100110010101011000
100110010101011001
100110010101011010
100110010101011011
100110010101011100
100110010101011101
100110010101011110
100110010101011111
100110010101110000
100110010101110010
100110010101110101
100110010101110111
100110010101111000
100110010101111010
100110010101111100
100110010101111101
100110010101111110
100110010101111111
100110010110010000
100110010110010001
100110010110010010
100110010110010011
100110010110010100
100110010110010101
100110010110010110
100110010110010111
100110010110011000
100110010110011001
100110010110011010
100110010110011011
100110010110011100
100110010110011101
100110010110011110
100110010110011111
100110010110110000
100110010110110010
100110010110110101
100110010110110111
100110010110111000
100110010110111010
100110010110111100
100110010110111101
100110010110111110
100110010110111111
100110010111010000
100110010111010001
100110010111010010
100110010111010011
100110010111010100
100110010111010101
100110010111010110
100110010111010111
100110010111011000
100110010111011001
100110010111011010
100110010111011011
100110010111011100
100110010111011101
100110010111011110
100110010111011111
100110010111110000
100110010111110010
100110010111110101
100110010111110111
100110010111111000
100110010111111010
100110010111111100
100110010111111101
100110010111111110
100110010111111111
100110011000010000
100110011000010010
100110011000010100
100110011000010110
100110011000011000
100110011000011010
100110011000011100
100110011000011110
100110011000110000
100110011000110010
100110011000111000
100110011000111010
100110011000111100
100110011000111110
100110011001010000
100110011001010010
100110011001010100
100110011001010110
100110011001011000
100110011001011010
100110011001011100
100110011001011110
100110011001110000
100110011001110010
100110011001111000
100110011001111010
100110011001111100
100110011001111110
100110011011010000
100110011011010010
100110011011010100
100110011011010110
100110011011011000
100110011011011010
100110011011011100
100110011011011110
100110011011110000
100110011011110010
100110011011111000
100110011011111010
100110011011111100
100110011011111110
100110011100010000
100110011100010010
100110011100010100
100110011100010110
100110011100011000
100110011100011010
100110011100011100
100110011100011110
100110011100110000
100110011100110010
100110011100111000
100110011100111010
100110011100111100
100110011100111110
100110011101010000
100110011101010010
100110011101010100
100110011101010110
100110011101011000
100110011101011010
100110011101011100
100110011101011110
100110011101110000
100110011101110010
100110011101111000
100110011101111010
100110011101111100
100110011101111110
100110011110010000
100110011110010010
100110011110010100
100110011110010110
100110011110011000
100110011110011010
100110011110011100
100110011110011110
100110011110110000
100110011110110010
100110011110111000
100110011110111010
100110011110111100
100110011110111110
100110011111010000
100110011111010010
100110011111010100
100110011111010110
100110011111011000
100110011111011010
100110011111011100
100110011111011110
100110011111110000
100110011111110010
100110011111111000
100110011111111010
100110011111111100
100110011111111110
100110110000010000
100110110000010001
100110110000010010
100110110000010011
100110110000010100
100110110000010101
100110110000010110
100110110000010111
100110110000011000
100110110000011001
100110110000011010
100110110000011011
100110110000011100
100110110000011101
100110110000011110
100110110000011111
100110110000110000
100110110000110010
100110110000110101
100110110000110111
100110110000111100
100110110000111101
100110110000111110
100110110000111111
100110110001010000
100110110001010001
100110110001010010
100110110001010011
100110110001010100
100110110001010101
100110110001010110
100110110001010111
100110110001011000
100110110001011001
100110110001011010
100110110001011011
100110110001011100
100110110001011101
100110110001011110
100110110001011111
100110110001110000
100110110001110010
100110110001110101
100110110001110111
100110110001111100
100110110001111101
100110110001111110
100110110001111111
100110110011010000
100110110011010001
100110110011010010
100110110011010011
100110110011010100
100110110011010101
100110110011010110
100110110011010111
100110110011011000
100110110011011001
100110110011011010
100110110011011011
100110110011011100
100110110011011101
100110110011011110
100110110011011111
100110110011110000
100110110011110010
100110110011110101
100110110011110111
100110110011111100
100110110011111101
100110110011111110
100110110011111111
100110110100010000
100110110100010001
100110110100010010
100110110100010011
100110110100010100
100110110100010101
100110110100010110
100110110100010111
100110110100011000
100110110100011001
100110110100011010
100110110100011011
100110110100011100
100110110100011101
100110110100011110
100110110100011111
100110110100110000
100110110100110010
100110110100110101
100110110100110111
100110110100111100
100110110100111101
100110110100111110
100110110100111111
100110110101010000
100110110101010001
100110110101010010
100110110101010011
100110110101010100
100110110101010101
100110110101010110
100110110101010111
100110110101011000
100110110101011001
100110110101011010
100110110101011011
100110110101011100
100110110101011101
100110110101011110
100110110101011111
100110110101110000
100110110101110010
100110110101110101
100110110101110111
100110110101111100
100110110101111101
100110110101111110
100110110101111111
100110110110010000
100110110110010001
100110110110010010
100110110110010011
100110110110010100
100110110110010101
100110110110010110
100110110110010111
100110110110011000
100110110110011001
100110110110011010
100110110110011011
100110110110011100
100110110110011101
100110110110011110
100110110110011111
100110110110110000
100110110110110010
100110110110110101
100110110110110111
100110110110111100
100110110110111101
100110110110111110
100110110110111111
100110110111010000
100110110111010001
100110110111010010
100110110111010011
100110110111010100
100110110111010101
100110110111010110
100110110111010111
100110110111011000
100110110111011001
100110110111011010
100110110111011011
100110110111011100
100110110111011101
100110110111011110
100110110111011111
100110110111110000
100110110111110010
100110110111110101
100110110111110111
100110110111111100
100110110111111101
100110110111111110
100110110111111111
100110111000010000
100110111000010010
100110111000010100
100110111000010110
100110111000011000
100110111000011010
100110111000011100
100110111000011110
100110111000110000
100110111000110010
100110111000111100
100110111000111110
100110111001010000
100110111001010010
100110111001010100
100110111001010110
100110111001011000
100110111001011010
100110111001011100
100110111001011110
100110111001110000
100110111001110010
100110111001111100
100110111001111110
100110111011010000
100110111011010010
100110111011010100
100110111011010110
100110111011011000
100110111011011010
100110111011011100
100110111011011110
100110111011110000
100110111011110010
100110111011111100
100110111011111110
100110111100010000
100110111100010010
100110111100010100
100110111100010110
100110111100011000
100110111100011010
100110111100011100
100110111100011110
100110111100110000
100110111100110010
100110111100111100
100110111100111110
100110111101010000
100110111101010010
100110111101010100
100110111101010110
100110111101011000
100110111101011010
100110111101011100
100110111101011110
100110111101110000
100110111101110010
100110111101111100
100110111101111110
100110111110010000
100110111110010010
100110111110010100
100110111110010110
100110111110011000
100110111110011010
100110111110011100
100110111110011110
100110111110110000
100110111110110010
100110111110111100
100110111110111110
100110111111010000
100110111111010010
100110111111010100
100110111111010110
100110111111011000
100110111111011010
100110111111011100
100110111111011110
100110111111110000
100110111111110010
100110111111111100
100110111111111110
100111010000011001
100111010000011011
100111010000011100
100111010000011110
100111010000111100
100111010000111110
100111010001011001
100111010001011011
100111010001011100
100111010001011110
100111010001111100
100111010001111110
100111010011011001
100111010011011011
100111010011011100
100111010011011110
100111010011111100
100111010011111110
100111010100011001
100111010100011011
100111010100011100
100111010100011110
100111010100111100
100111010100111110
100111010101011001
100111010101011011
100111010101011100
100111010101011110
100111010101111100
100111010101111110
100111010110011001
100111010110011011
100111010110011100
100111010110011110
100111010110111100
100111010110111110
100111010111011001
100111010111011011
100111010111011100
100111010111011110
100111010111111100
100111010111111110
100111011000011100
100111011000011110
100111011000111100
100111011000111110
100111011001011100
100111011001011110
100111011001111100
100111011001111110
100111011011011100
100111011011011110
100111011011111100
100111011011111110
100111011100011100
100111011100011110
100111011100111100
100111011100111110
100111011101011100
100111011101011110
100111011101111100
100111011101111110
100111011110011100
100111011110011110
100111011110111100
100111011110111110
100111011111011100
100111011111011110
100111011111111100
100111011111111110
100111110000011001
100111110000011011
100111110000011100
100111110000011110
100111110000111100
100111110000111110
100111110001011001
100111110001011011
100111110001011100
100111110001011110
100111110001111100
100111110001111110
100111110011011001
100111110011011011
100111110011011100
100111110011011110
100111110011111100
100111110011111110
100111110100011001
100111110100011011
100111110100011100
100111110100011110
100111110100111100
100111110100111110
100111110101011001
100111110101011011
100111110101011100
100111110101011110
100111110101111100
100111110101111110
100111110110011001
100111110110011011
100111110110011100
100111110110011110
100111110110111100
100111110110111110
100111110111011001
100111110111011011
100111110111011100
100111110111011110
100111110111111100
100111110111111110
100111111000011100
100111111000011110
100111111000111100
100111111000111110
100111111001011100
100111111001011110
100111111001111100
100111111001111110
100111111011011100
100111111011011110
100111111011111100
100111111011111110
100111111100011100
100111111100011110
100111111100111100
100111111100111110
100111111101011100
100111111101011110
100111111101111100
100111111101111110
100111111110011100
100111111110011110
100111111110111100
100111111110111110
100111111111011100
100111111111011110
100111111111111100
100111111111111110
101000010001010000
101000010001010001
101000010001010010
101000010001010011
101000010001010100
101000010001010101
101000010001010110
101000010001010111
101000010001011000
101000010001011001
101000010001011010
101000010001011011
101000010001011100
101000010001011101
101000010001011110
101000010001011111
101000010001110000
101000010001110001
101000010001110010
101000010001110011
101000010001110101
101000010001110111
101000010001111000
101000010001111010
101000010001111100
101000010001111101
101000010001111110
101000010001111111
101000010011010000
101000010011010001
101000010011010010
101000010011010011
101000010011010100
101000010011010101
101000010011010110
101000010011010111
101000010011011000
101000010011011001
101000010011011010
101000010011011011
101000010011011100
101000010011011101
101000010011011110
101000010011011111
101000010011110000
101000010011110001
101000010011110010
101000010011110011
101000010011110101
101000010011110111
101000010011111000
101000010011111010
101000010011111100
101000010011111101
101000010011111110
101000010011111111
101000010101010000
101000010101010001
101000010101010010
101000010101010011
101000010101010100
101000010101010101
101000010101010110
101000010101010111
101000010101011000
101000010101011001
101000010101011010
101000010101011011
101000010101011100
101000010101011101
101000010101011110
101000010101011111
101000010101110000
101000010101110001
101000010101110010
101000010101110011
101000010101110101
101000010101110111
101000010101111000
101000010101111010
101000010101111100
101000010101111101
101000010101111110
101000010101111111
101000010111010000
101000010111010001
101000010111010010
101000010111010011
101000010111010100
101000010111010101
101000010111010110
101000010111010111
101000010111011000
101000010111011001
101000010111011010
101000010111011011
101000010111011100
101000010111011101
101000010111011110
101000010111011111
101000010111110000
101000010111110001
101000010111110010
101000010111110011
101000010111110101
101000010111110111
101000010111111000
101000010111111010
101000010111111100
101000010111111101
101000010111111110
101000010111111111
101000011001010000
101000011001010010
101000011001010100
101000011001010110
101000011001011000
101000011001011010
101000011001011100
101000011001011110
101000011001110000
101000011001110010
101000011001111000
101000011001111010
101000011001111100
101000011001111110
101000011011010000
101000011011010010
101000011011010100
101000011011010110
101000011011011000
101000011011011010
101000011011011100
101000011011011110
101000011011110000
101000011011110010
101000011011111000
101000011011111010
101000011011111100
101000011011111110
101000011101010000
101000011101010010
101000011101010100
101000011101010110
101000011101011000
101000011101011010
101000011101011100
101000011101011110
101000011101110000
101000011101110010
101000011101111000
101000011101111010
101000011101111100
101000011101111110
101000011111010000
101000011111010010
101000011111010100
101000011111010110
101000011111011000
101000011111011010
101000011111011100
101000011111011110
101000011111110000
101000011111110010
101000011111111000
101000011111111010
101000011111111100
101000011111111110
101000110001010000
101000110001010001
101000110001010010
101000110001010011
101000110001010100
101000110001010101
101000110001010110
101000110001010111
101000110001011000
101000110001011001
101000110001011010
101000110001011011
101000110001011100
101000110001011101
101000110001011110
101000110001011111
101000110001110000
101000110001110001
101000110001110010
101000110001110011
101000110001110101
101000110001110111
101000110001111100
101000110001111101
101000110001111110
101000110001111111
101000110011010000
101000110011010001
101000110011010010
101000110011010011
101000110011010100
101000110011010101
101000110011010110
101000110011010111
101000110011011000
101000110011011001
101000110011011010
101000110011011011
101000110011011100
101000110011011101
101000110011011110
101000110011011111
101000110011110000
101000110011110001
101000110011110010
101000110011110011
101000110011110101
101000110011110111
101000110011111100
101000110011111101
101000110011111110
101000110011111111
101000110101010000
101000110101010001
101000110101010010
101000110101010011
101000110101010100
101000110101010101
101000110101010110
101000110101010111
101000110101011000
101000110101011001
101000110101011010
101000110101011011
101000110101011100
101000110101011101
101000110101011110
101000110101011111
101000110101110000
101000110101110001
101000110101110010
101000110101110011
101000110101110101
101000110101110111
101000110101111100
101000110101111101
101000110101111110
101000110101111111
101000110111010000
101000110111010001
101000110111010010
101000110111010011
101000110111010100
101000110111010101
101000110111010110
101000110111010111
101000110111011000
101000110111011001
101000110111011010
101000110111011011
101000110111011100
101000110111011101
101000110111011110
101000110111011111
101000110111110000
101000110111110001
101000110111110010
101000110111110011
101000110111110101
101000110111110111
101000110111111100
101000110111111101
101000110111111110
101000110111111111
101000111001010000
101000111001010010
101000111001010100
101000111001010110
101000111001011000
101000111001011010
101000111001011100
101000111001011110
101000111001110000
101000111001110010
101000111001111100
101000111001111110
101000111011010000
101000111011010010
101000111011010100
101000111011010110
101000111011011000
101000111011011010
101000111011011100
101000111011011110
101000111011110000
101000111011110010
101000111011111100
101000111011111110
101000111101010000
101000111101010010
101000111101010100
101000111101010110
101000111101011000
101000111101011010
101000111101011100
101000111101011110
101000111101110000
101000111101110010
101000111101111100
101000111101111110
101000111111010000
101000111111010010
101000111111010100
101000111111010110
101000111111011000
101000111111011010
101000111111011100
101000111111011110
101000111111110000
101000111111110010
101000111111111100
101000111111111110
101001010001011001
101001010001011011
101001010001011100
101001010001011110
101001010001111100
101001010001111110
101001010011011001
101001010011011011
101001010011011100
101001010011011110
101001010011111100
101001010011111110
101001010101011001
101001010101011011
101001010101011100
101001010101011110
101001010101111100
101001010101111110
101001010111011001
101001010111011011
101001010111011100
101001010111011110
101001010111111100
101001010111111110
101001011001011100
101001011001011110
101001011001111100
101001011001111110
101001011011011100
101001011011011110
101001011011111100
101001011011111110
101001011101011100
101001011101011110
101001011101111100
101001011101111110
101001011111011100
101001011111011110
101001011111111100
101001011111111110
101001110001011001
101001110001011011
101001110001011100
101001110001011110
101001110001111100
101001110001111110
101001110011011001
101001110011011011
101001110011011100
101001110011011110
101001110011111100
101001110011111110
101001110101011001
101001110101011011
101001110101011100
101001110101011110
101001110101111100
101001110101111110
101001110111011001
101001110111011011
101001110111011100
101001110111011110
101001110111111100
101001110111111110
101001111001011100
101001111001011110
101001111001111100
101001111001111110
101001111011011100
101001111011011110
101001111011111100
101001111011111110
101001111101011100
101001111101011110
101001111101111100
101001111101111110
101001111111011100
101001111111011110
101001111111111100
101001111111111110
101010010001010000
101010010001010001
101010010001010010
101010010001010011
101010010001010100
101010010001010101
101010010001010110
101010010001010111
101010010001011000
101010010001011001
101010010001011010
101010010001011011
101010010001011100
101010010001011101
101010010001011110
101010010001011111
101010010001110000
101010010001110001
101010010001110010
101010010001110011
101010010001110101
101010010001110111
101010010001111000
101010010001111010
101010010001111100
101010010001111101
101010010001111110
101010010001111111
101010010011010000
101010010011010001
101010010011010010
101010010011010011
101010010011010100
101010010011010101
101010010011010110
101010010011010111
101010010011011000
101010010011011001
101010010011011010
101010010011011011
101010010011011100
101010010011011101
101010010011011110
101010010011011111
101010010011110000
101010010011110001
101010010011110010
101010010011110011
101010010011110101
101010010011110111
101010010011111000
101010010011111010
101010010011111100
101010010011111101
101010010011111110
101010010011111111
101010010101010000
101010010101010001
101010010101010010
101010010101010011
101010010101010100
101010010101010101
101010010101010110
101010010101010111
101010010101011000
101010010101011001
101010010101011010
101010010101011011
101010010101011100
101010010101011101
101010010101011110
101010010101011111
101010010101110000
101010010101110001
101010010101110010
101010010101110011
101010010101110101
101010010101110111
101010010101111000
101010010101111010
101010010101111100
101010010101111101
101010010101111110
101010010101111111
101010010111010000
101010010111010001
101010010111010010
101010010111010011
101010010111010100
101010010111010101
101010010111010110
101010010111010111
101010010111011000
101010010111011001
101010010111011010
101010010111011011
101010010111011100
101010010111011101
101010010111011110
101010010111011111
101010010111110000
101010010111110001
101010010111110010
101010010111110011
101010010111110101
101010010111110111
101010010111111000
101010010111111010
101010010111111100
101010010111111101
101010010111111110
101010010111111111
101010011001010000
101010011001010010
101010011001010100
101010011001010110
101010011001011000
101010011001011010
101010011001011100
101010011001011110
101010011001110000
101010011001110010
101010011001111000
101010011001111010
101010011001111100
101010011001111110
101010011011010000
101010011011010010
101010011011010100
101010011011010110
101010011011011000
101010011011011010
101010011011011100
101010011011011110
101010011011110000
101010011011110010
101010011011111000
101010011011111010
101010011011111100
101010011011111110
101010011101010000
101010011101010010
101010011101010100
101010011101010110
101010011101011000
101010011101011010
101010011101011100
101010011101011110
101010011101110000
101010011101110010
101010011101111000
101010011101111010
101010011101111100
101010011101111110
101010011111010000
101010011111010010
101010011111010100
101010011111010110
101010011111011000
101010011111011010
101010011111011100
101010011111011110
101010011111110000
101010011111110010
101010011111111000
101010011111111010
101010011111111100
101010011111111110
101010110001010000
101010110001010001
101010110001010010
101010110001010011
101010110001010100
101010110001010101
101010110001010110
101010110001010111
101010110001011000
101010110001011001
101010110001011010
101010110001011011
101010110001011100
101010110001011101
101010110001011110
101010110001011111
101010110001110000
101010110001110001
101010110001110010
101010110001110011
101010110001110101
101010110001110111
101010110001111100
101010110001111101
101010110001111110
101010110001111111
101010110011010000
101010110011010001
101010110011010010
101010110011010011
101010110011010100
101010110011010101
101010110011010110
101010110011010111
101010110011011000
101010110011011001
101010110011011010
101010110011011011
101010110011011100
101010110011011101
101010110011011110
101010110011011111
101010110011110000
101010110011110001
101010110011110010
101010110011110011
101010110011110101
101010110011110111
101010110011111100
101010110011111101
101010110011111110
101010110011111111
101010110101010000
101010110101010001
101010110101010010
101010110101010011
101010110101010100
101010110101010101
101010110101010110
101010110101010111
101010110101011000
101010110101011001
101010110101011010
101010110101011011
101010110101011100
101010110101011101
101010110101011110
101010110101011111
101010110101110000
101010110101110001
101010110101110010
101010110101110011
101010110101110101
101010110101110111
101010110101111100
101010110101111101
101010110101111110
101010110101111111
101010110111010000
101010110111010001
101010110111010010
101010110111010011
101010110111010100
101010110111010101
101010110111010110
101010110111010111
101010110111011000
101010110111011001
101010110111011010
101010110111011011
101010110111011100
101010110111011101
101010110111011110
101010110111011111
101010110111110000
101010110111110001
101010110111110010
101010110111110011
101010110111110101
101010110111110111
101010110111111100
101010110111111101
101010110111111110
101010110111111111
101010111001010000
101010111001010010
101010111001010100
101010111001010110
101010111001011000
101010111001011010
101010111001011100
101010111001011110
101010111001110000
101010111001110010
101010111001111100
101010111001111110
101010111011010000
101010111011010010
101010111011010100
101010111011010110
101010111011011000
101010111011011010
101010111011011100
101010111011011110
101010111011110000
101010111011110010
101010111011111100
101010111011111110
101010111101010000
101010111101010010
101010111101010100
101010111101010110
101010111101011000
101010111101011010
101010111101011100
101010111101011110
101010111101110000
101010111101110010
101010111101111100
101010111101111110
101010111111010000
101010111111010010
101010111111010100
101010111111010110
101010111111011000
101010111111011010
101010111111011100
101010111111011110
101010111111110000
101010111111110010
101010111111111100
101010111111111110
101011010001011001
101011010001011011
101011010001011100
101011010001011110
101011010001111100
101011010001111110
101011010011011001
101011010011011011
101011010011011100
101011010011011110
101011010011111100
101011010011111110
101011010101011001
101011010101011011
101011010101011100
101011010101011110
101011010101111100
101011010101111110
101011010111011001
101011010111011011
101011010111011100
101011010111011110
101011010111111100
101011010111111110
101011011001011100
101011011001011110
101011011001111100
101011011001111110
101011011011011100
101011011011011110
101011011011111100
101011011011111110
101011011101011100
101011011101011110
101011011101111100
101011011101111110
101011011111011100
101011011111011110
101011011111111100
101011011111111110
101011110001011001
101011110001011011
101011110001011100
101011110001011110
101011110001111100
101011110001111110
101011110011011001
101011110011011011
101011110011011100
101011110011011110
101011110011111100
101011110011111110
101011110101011001
101011110101011011
101011110101011100
101011110101011110
101011110101111100
101011110101111110
101011110111011001
101011110111011011
101011110111011100
101011110111011110
101011110111111100
101011110111111110
101011111001011100
101011111001011110
101011111001111100
101011111001111110
101011111011011100
101011111011011110
101011111011111100
101011111011111110
101011111101011100
101011111101011110
101011111101111100
101011111101111110
101011111111011100
101011111111011110
101011111111111100
101011111111111110
101100010000010000
101100010000010001
101100010000010010
101100010000010011
101100010000010100
101100010000010101
101100010000010110
101100010000010111
101100010000011000
101100010000011001
101100010000011010
101100010000011011
101100010000011100
101100010000011101
101100010000011110
101100010000011111
101100010000110000
101100010000110001
101100010000110010
101100010000110011
101100010000110101
101100010000110111
101100010000111000
101100010000111010
101100010000111100
101100010000111101
101100010000111110
101100010000111111
101100010001010000
101100010001010001
101100010001010010
101100010001010011
101100010001010100
101100010001010101
101100010001010110
101100010001010111
101100010001011000
101100010001011001
101100010001011010
101100010001011011
101100010001011100
101100010001011101
101100010001011110
101100010001011111
101100010001110000
101100010001110001
101100010001110010
101100010001110011
101100010001110101
101100010001110111
101100010001111000
101100010001111010
101100010001111100
101100010001111101
101100010001111110
101100010001111111
101100010011010000
101100010011010001
101100010011010010
101100010011010011
101100010011010100
101100010011010101
101100010011010110
101100010011010111
101100010011011000
101100010011011001
101100010011011010
101100010011011011
101100010011011100
101100010011011101
101100010011011110
101100010011011111
101100010011110000
101100010011110001
101100010011110010
101100010011110011
101100010011110101
101100010011110111
101100010011111000
101100010011111010
101100010011111100
101100010011111101
101100010011111110
101100010011111111
101100010100010000
101100010100010001
101100010100010010
101100010100010011
101100010100010100
101100010100010101
101100010100010110
101100010100010111
101100010100011000
101100010100011001
101100010100011010
101100010100011011
101100010100011100
101100010100011101
101100010100011110
101100010100011111
101100010100110000
101100010100110001
101100010100110010
101100010100110011
101100010100110101
101100010100110111
101100010100111000
101100010100111010
101100010100111100
101100010100111101
101100010100111110
101100010100111111
101100010101010000
101100010101010001
101100010101010010
101100010101010011
101100010101010100
101100010101010101
101100010101010110
101100010101010111
101100010101011000
101100010101011001
101100010101011010
101100010101011011
101100010101011100
101100010101011101
101100010101011110
101100010101011111
101100010101110000
101100010101110001
101100010101110010
101100010101110011
101100010101110101
101100010101110111
101100010101111000
101100010101111010
101100010101111100
101100010101111101
101100010101111110
101100010101111111
101100010110010000
101100010110010001
101100010110010010
101100010110010011
101100010110010100
101100010110010101
101100010110010110
101100010110010111
101100010110011000
101100010110011001
101100010110011010
101100010110011011
101100010110011100
101100010110011101
101100010110011110
101100010110011111
101100010110110000
101100010110110001
101100010110110010
101100010110110011
101100010110110101
101100010110110111
101100010110111000
101100010110111010
101100010110111100
101100010110111101
101100010110111110
101100010110111111
101100010111010000
101100010111010001
101100010111010010
101100010111010011
101100010111010100
101100010111010101
101100010111010110
101100010111010111
101100010111011000
101100010111011001
101100010111011010
101100010111011011
101100010111011100
101100010111011101
101100010111011110
101100010111011111
101100010111110000
101100010111110001
101100010111110010
101100010111110011
101100010111110101
101100010111110111
101100010111111000
101100010111111010
101100010111111100
101100010111111101
101100010111111110
101100010111111111
101100011000010000
101100011000010010
101100011000010100
101100011000010110
101100011000011000
101100011000011010
101100011000011100
101100011000011110
101100011000110000
101100011000110010
101100011000111000
101100011000111010
101100011000111100
101100011000111110
101100011001010000
101100011001010010
101100011001010100
101100011001010110
101100011001011000
101100011001011010
101100011001011100
101100011001011110
101100011001110000
101100011001110010
101100011001111000
101100011001111010
101100011001111100
101100011001111110
101100011011010000
101100011011010010
101100011011010100
101100011011010110
101100011011011000
101100011011011010
101100011011011100
101100011011011110
101100011011110000
101100011011110010
101100011011111000
101100011011111010
101100011011111100
101100011011111110
101100011100010000
101100011100010010
101100011100010100
101100011100010110
101100011100011000
101100011100011010
101100011100011100
101100011100011110
101100011100110000
101100011100110010
101100011100111000
101100011100111010
101100011100111100
101100011100111110
101100011101010000
101100011101010010
101100011101010100
101100011101010110
101100011101011000
101100011101011010
101100011101011100
101100011101011110
101100011101110000
101100011101110010
101100011101111000
101100011101111010
101100011101111100
101100011101111110
101100011110010000
101100011110010010
101100011110010100
101100011110010110
101100011110011000
101100011110011010
101100011110011100
101100011110011110
101100011110110000
101100011110110010
101100011110111000
101100011110111010
101100011110111100
101100011110111110
101100011111010000
101100011111010010
101100011111010100
101100011111010110
101100011111011000
101100011111011010
101100011111011100
101100011111011110
101100011111110000
101100011111110010
101100011111111000
101100011111111010
101100011111111100
101100011111111110
101100110000010000
101100110000010001
101100110000010010
101100110000010011
101100110000010100
101100110000010101
101100110000010110
101100110000010111
101100110000011000
101100110000011001
101100110000011010
101100110000011011
101100110000011100
101100110000011101
101100110000011110
101100110000011111
101100110000110000
101100110000110001
101100110000110010
101100110000110011
101100110000110101
101100110000110111
101100110000111100
101100110000111101
101100110000111110
101100110000111111
101100110001010000
101100110001010001
101100110001010010
101100110001010011
101100110001010100
101100110001010101
101100110001010110
101100110001010111
101100110001011000
101100110001011001
101100110001011010
101100110001011011
101100110001011100
101100110001011101
101100110001011110
101100110001011111
101100110001110000
101100110001110001
101100110001110010
101100110001110011
101100110001110101
101100110001110111
101100110001111100
101100110001111101
101100110001111110
101100110001111111
101100110011010000
101100110011010001
101100110011010010
101100110011010011
101100110011010100
101100110011010101
101100110011010110
101100110011010111
101100110011011000
101100110011011001
101100110011011010
101100110011011011
101100110011011100
101100110011011101
101100110011011110
101100110011011111
101100110011110000
101100110011110001
101100110011110010
101100110011110011
101100110011110101
101100110011110111
101100110011111100
101100110011111101
101100110011111110
101100110011111111
101100110100010000
101100110100010001
101100110100010010
101100110100010011
101100110100010100
101100110100010101
101100110100010110
101100110100010111
101100110100011000
101100110100011001
101100110100011010
101100110100011011
101100110100011100
101100110100011101
101100110100011110
101100110100011111
101100110100110000
101100110100110001
101100110100110010
101100110100110011
101100110100110101
101100110100110111
101100110100111100
101100110100111101
101100110100111110
101100110100111111
101100110101010000
101100110101010001
101100110101010010
101100110101010011
101100110101010100
101100110101010101
101100110101010110
101100110101010111
101100110101011000
101100110101011001
101100110101011010
101100110101011011
101100110101011100
101100110101011101
101100110101011110
101100110101011111
101100110101110000
101100110101110001
101100110101110010
101100110101110011
101100110101110101
101100110101110111
101100110101111100
101100110101111101
101100110101111110
101100110101111111
101100110110010000
101100110110010001
101100110110010010
101100110110010011
101100110110010100
101100110110010101
101100110110010110
101100110110010111
101100110110011000
101100110110011001
101100110110011010
101100110110011011
101100110110011100
101100110110011101
101100110110011110
101100110110011111
101100110110110000
101100110110110001
101100110110110010
101100110110110011
101100110110110101
101100110110110111
101100110110111100
101100110110111101
101100110110111110
101100110110111111
101100110111010000
101100110111010001
101100110111010010
101100110111010011
101100110111010100
101100110111010101
101100110111010110
101100110111010111
101100110111011000
101100110111011001
101100110111011010
101100110111011011
101100110111011100
101100110111011101
101100110111011110
101100110111011111
101100110111110000
101100110111110001
101100110111110010
101100110111110011
101100110111110101
101100110111110111
101100110111111100
101100110111111101
101100110111111110
101100110111111111
101100111000010000
101100111000010010
101100111000010100
101100111000010110
101100111000011000
101100111000011010
101100111000011100
101100111000011110
101100111000110000
101100111000110010
101100111000111100
101100111000111110
101100111001010000
101100111001010010
101100111001010100
101100111001010110
101100111001011000
101100111001011010
101100111001011100
101100111001011110
101100111001110000
101100111001110010
101100111001111100
101100111001111110
101100111011010000
101100111011010010
101100111011010100
101100111011010110
101100111011011000
101100111011011010
101100111011011100
101100111011011110
101100111011110000
101100111011110010
101100111011111100
101100111011111110
101100111100010000
101100111100010010
101100111100010100
101100111100010110
101100111100011000
101100111100011010
101100111100011100
101100111100011110
101100111100110000
101100111100110010
101100111100111100
101100111100111110
101100111101010000
101100111101010010
101100111101010100
101100111101010110
101100111101011000
101100111101011010
101100111101011100
101100111101011110
101100111101110000
101100111101110010
101100111101111100
101100111101111110
101100111110010000
101100111110010010
101100111110010100
101100111110010110
101100111110011000
101100111110011010
101100111110011100
101100111110011110
101100111110110000
101100111110110010
101100111110111100
101100111110111110
101100111111010000
101100111111010010
101100111111010100
101100111111010110
101100111111011000
101100111111011010
101100111111011100
101100111111011110
101100111111110000
101100111111110010
101100111111111100
101100111111111110
101101010000011001
101101010000011011
101101010000011100
101101010000011110
101101010000111100
101101010000111110
101101010001011001
101101010001011011
101101010001011100
101101010001011110
101101010001111100
101101010001111110
101101010011011001
101101010011011011
101101010011011100
101101010011011110
101101010011111100
101101010011111110
101101010100011001
101101010100011011
101101010100011100
101101010100011110
101101010100111100
101101010100111110
101101010101011001
101101010101011011
101101010101011100
101101010101011110
101101010101111100
101101010101111110
101101010110011001
101101010110011011
101101010110011100
101101010110011110
101101010110111100
101101010110111110
101101010111011001
101101010111011011
101101010111011100
101101010111011110
101101010111111100
101101010111111110
101101011000011100
101101011000011110
101101011000111100
101101011000111110
101101011001011100
101101011001011110
101101011001111100
101101011001111110
101101011011011100
101101011011011110
101101011011111100
101101011011111110
101101011100011100
101101011100011110
101101011100111100
101101011100111110
101101011101011100
101101011101011110
101101011101111100
101101011101111110
101101011110011100
101101011110011110
101101011110111100
101101011110111110
101101011111011100
101101011111011110
101101011111111100
101101011111111110
101101110000011001
101101110000011011
101101110000011100
101101110000011110
101101110000111100
101101110000111110
101101110001011001
101101110001011011
101101110001011100
101101110001011110
101101110001111100
101101110001111110
101101110011011001
101101110011011011
101101110011011100
101101110011011110
101101110011111100
101101110011111110
101101110100011001
101101110100011011
101101110100011100
101101110100011110
101101110100111100
101101110100111110
101101110101011001
101101110101011011
101101110101011100
101101110101011110
101101110101111100
101101110101111110
101101110110011001
101101110110011011
101101110110011100
101101110110011110
101101110110111100
101101110110111110
101101110111011001
101101110111011011
101101110111011100
101101110111011110
101101110111111100
101101110111111110
101101111000011100
101101111000011110
101101111000111100
101101111000111110
101101111001011100
101101111001011110
101101111001111100
101101111001111110
101101111011011100
101101111011011110
101101111011111100
101101111011111110
101101111100011100
101101111100011110
101101111100111100
101101111100111110
101101111101011100
101101111101011110
101101111101111100
101101111101111110
101101111110011100
101101111110011110
101101111110111100
101101111110111110
101101111111011100
101101111111011110
101101111111111100
101101111111111110
101110010000010000
101110010000010001
101110010000010010
101110010000010011
101110010000010100
101110010000010101
101110010000010110
101110010000010111
101110010000011000
101110010000011001
101110010000011010
101110010000011011
101110010000011100
101110010000011101
101110010000011110
101110010000011111
101110010000110000
101110010000110001
101110010000110010
101110010000110011
101110010000110101
101110010000110111
101110010000111000
101110010000111010
101110010000111100
101110010000111101
101110010000111110
101110010000111111
101110010001010000
101110010001010001
101110010001010010
101110010001010011
101110010001010100
101110010001010101
101110010001010110
101110010001010111
101110010001011000
101110010001011001
101110010001011010
101110010001011011
101110010001011100
101110010001011101
101110010001011110
101110010001011111
101110010001110000
101110010001110001
101110010001110010
101110010001110011
101110010001110101
101110010001110111
101110010001111000
101110010001111010
101110010001111100
101110010001111101
101110010001111110
101110010001111111
101110010011010000
101110010011010001
101110010011010010
101110010011010011
101110010011010100
101110010011010101
101110010011010110
101110010011010111
101110010011011000
101110010011011001
101110010011011010
101110010011011011
101110010011011100
101110010011011101
101110010011011110
101110010011011111
101110010011110000
101110010011110001
101110010011110010
101110010011110011
101110010011110101
101110010011110111
101110010011111000
101110010011111010
101110010011111100
101110010011111101
101110010011111110
101110010011111111
101110010100010000
101110010100010001
101110010100010010
101110010100010011
101110010100010100
101110010100010101
101110010100010110
101110010100010111
101110010100011000
101110010100011001
101110010100011010
101110010100011011
101110010100011100
101110010100011101
101110010100011110
101110010100011111
101110010100110000
101110010100110001
101110010100110010
101110010100110011
101110010100110101
101110010100110111
101110010100111000
101110010100111010
101110010100111100
101110010100111101
101110010100111110
101110010100111111
101110010101010000
101110010101010001
101110010101010010
101110010101010011
101110010101010100
101110010101010101
101110010101010110
101110010101010111
101110010101011000
101110010101011001
101110010101011010
101110010101011011
101110010101011100
101110010101011101
101110010101011110
101110010101011111
101110010101110000
101110010101110001
101110010101110010
101110010101110011
101110010101110101
101110010101110111
101110010101111000
101110010101111010
101110010101111100
101110010101111101
101110010101111110
101110010101111111
101110010110010000
101110010110010001
101110010110010010
101110010110010011
101110010110010100
101110010110010101
101110010110010110
101110010110010111
101110010110011000
101110010110011001
101110010110011010
101110010110011011
101110010110011100
101110010110011101
101110010110011110
101110010110011111
101110010110110000
101110010110110001
101110010110110010
101110010110110011
101110010110110101
101110010110110111
101110010110111000
101110010110111010
101110010110111100
101110010110111101
101110010110111110
101110010110111111
101110010111010000
101110010111010001
101110010111010010
101110010111010011
101110010111010100
101110010111010101
101110010111010110
101110010111010111
101110010111011000
101110010111011001
101110010111011010
101110010111011011
101110010111011100
101110010111011101
101110010111011110
101110010111011111
101110010111110000
101110010111110001
101110010111110010
101110010111110011
101110010111110101
101110010111110111
101110010111111000
101110010111111010
101110010111111100
101110010111111101
101110010111111110
101110010111111111
101110011000010000
101110011000010010
101110011000010100
101110011000010110
101110011000011000
101110011000011010
101110011000011100
101110011000011110
101110011000110000
101110011000110010
101110011000111000
101110011000111010
101110011000111100
101110011000111110
101110011001010000
101110011001010010
101110011001010100
101110011001010110
101110011001011000
101110011001011010
101110011001011100
101110011001011110
101110011001110000
101110011001110010
101110011001111000
101110011001111010
101110011001111100
101110011001111110
101110011011010000
101110011011010010
101110011011010100
101110011011010110
101110011011011000
101110011011011010
101110011011011100
101110011011011110
101110011011110000
101110011011110010
101110011011111000
101110011011111010
101110011011111100
101110011011111110
101110011100010000
101110011100010010
101110011100010100
101110011100010110
101110011100011000
101110011100011010
101110011100011100
101110011100011110
101110011100110000
101110011100110010
101110011100111000
101110011100111010
101110011100111100
101110011100111110
101110011101010000
101110011101010010
101110011101010100
101110011101010110
101110011101011000
101110011101011010
101110011101011100
101110011101011110
101110011101110000
101110011101110010
101110011101111000
101110011101111010
101110011101111100
101110011101111110
101110011110010000
101110011110010010
101110011110010100
101110011110010110
101110011110011000
101110011110011010
101110011110011100
101110011110011110
101110011110110000
101110011110110010
101110011110111000
101110011110111010
101110011110111100
101110011110111110
101110011111010000
101110011111010010
101110011111010100
101110011111010110
101110011111011000
101110011111011010
101110011111011100
101110011111011110
101110011111110000
101110011111110010
101110011111111000
101110011111111010
101110011111111100
101110011111111110
101110110000010000
101110110000010001
101110110000010010
101110110000010011
101110110000010100
101110110000010101
101110110000010110
101110110000010111
101110110000011000
101110110000011001
101110110000011010
101110110000011011
101110110000011100
101110110000011101
101110110000011110
101110110000011111
101110110000110000
101110110000110001
101110110000110010
101110110000110011
101110110000110101
101110110000110111
101110110000111100
101110110000111101
101110110000111110
101110110000111111
101110110001010000
101110110001010001
101110110001010010
101110110001010011
101110110001010100
101110110001010101
101110110001010110
101110110001010111
101110110001011000
101110110001011001
101110110001011010
101110110001011011
101110110001011100
101110110001011101
101110110001011110
101110110001011111
101110110001110000
101110110001110001
101110110001110010
101110110001110011
101110110001110101
101110110001110111
101110110001111100
101110110001111101
101110110001111110
101110110001111111
101110110011010000
101110110011010001
101110110011010010
101110110011010011
101110110011010100
101110110011010101
101110110011010110
101110110011010111
101110110011011000
101110110011011001
101110110011011010
101110110011011011
101110110011011100
101110110011011101
101110110011011110
101110110011011111
101110110011110000
101110110011110001
101110110011110010
101110110011110011
101110110011110101
101110110011110111
101110110011111100
101110110011111101
101110110011111110
101110110011111111
101110110100010000
101110110100010001
101110110100010010
101110110100010011
101110110100010100
101110110100010101
101110110100010110
101110110100010111
101110110100011000
101110110100011001
101110110100011010
101110110100011011
101110110100011100
101110110100011101
101110110100011110
101110110100011111
101110110100110000
101110110100110001
101110110100110010
101110110100110011
101110110100110101
101110110100110111
101110110100111100
101110110100111101
101110110100111110
101110110100111111
101110110101010000
101110110101010001
101110110101010010
101110110101010011
101110110101010100
101110110101010101
101110110101010110
101110110101010111
101110110101011000
101110110101011001
101110110101011010
101110110101011011
101110110101011100
101110110101011101
101110110101011110
101110110101011111
101110110101110000
101110110101110001
101110110101110010
101110110101110011
101110110101110101
101110110101110111
101110110101111100
101110110101111101
101110110101111110
101110110101111111
101110110110010000
101110110110010001
101110110110010010
101110110110010011
101110110110010100
101110110110010101
101110110110010110
101110110110010111
101110110110011000
101110110110011001
101110110110011010
101110110110011011
101110110110011100
101110110110011101
101110110110011110
101110110110011111
101110110110110000
101110110110110001
101110110110110010
101110110110110011
101110110110110101
101110110110110111
101110110110111100
101110110110111101
101110110110111110
101110110110111111
101110110111010000
101110110111010001
101110110111010010
101110110111010011
101110110111010100
101110110111010101
101110110111010110
101110110111010111
101110110111011000
101110110111011001
101110110111011010
101110110111011011
101110110111011100
101110110111011101
101110110111011110
101110110111011111
101110110111110000
101110110111110001
101110110111110010
101110110111110011
101110110111110101
101110110111110111
101110110111111100
101110110111111101
101110110111111110
101110110111111111
101110111000010000
101110111000010010
101110111000010100
101110111000010110
101110111000011000
101110111000011010
101110111000011100
101110111000011110
101110111000110000
101110111000110010
101110111000111100
101110111000111110
101110111001010000
101110111001010010
101110111001010100
101110111001010110
101110111001011000
101110111001011010
101110111001011100
101110111001011110
101110111001110000
101110111001110010
101110111001111100
101110111001111110
101110111011010000
101110111011010010
101110111011010100
101110111011010110
101110111011011000
101110111011011010
101110111011011100
101110111011011110
101110111011110000
101110111011110010
101110111011111100
101110111011111110
101110111100010000
101110111100010010
101110111100010100
101110111100010110
101110111100011000
101110111100011010
101110111100011100
101110111100011110
101110111100110000
101110111100110010
101110111100111100
101110111100111110
101110111101010000
101110111101010010
101110111101010100
101110111101010110
101110111101011000
101110111101011010
101110111101011100
101110111101011110
101110111101110000
101110111101110010
101110111101111100
101110111101111110
101110111110010000
101110111110010010
101110111110010100
101110111110010110
101110111110011000
101110111110011010
101110111110011100
101110111110011110
101110111110110000
101110111110110010
101110111110111100
101110111110111110
101110111111010000
101110111111010010
101110111111010100
101110111111010110
101110111111011000
101110111111011010
101110111111011100
101110111111011110
101110111111110000
101110111111110010
101110111111111100
101110111111111110
101111010000011001
101111010000011011
101111010000011100
101111010000011110
101111010000111100
101111010000111110
101111010001011001
101111010001011011
101111010001011100
101111010001011110
101111010001111100
101111010001111110
101111010011011001
101111010011011011
101111010011011100
101111010011011110
101111010011111100
101111010011111110
101111010100011001
101111010100011011
101111010100011100
101111010100011110
101111010100111100
101111010100111110
101111010101011001
101111010101011011
101111010101011100
101111010101011110
101111010101111100
101111010101111110
101111010110011001
101111010110011011
101111010110011100
101111010110011110
101111010110111100
101111010110111110
101111010111011001
101111010111011011
101111010111011100
101111010111011110
101111010111111100
101111010111111110
101111011000011100
101111011000011110
101111011000111100
101111011000111110
101111011001011100
101111011001011110
101111011001111100
101111011001111110
101111011011011100
101111011011011110
101111011011111100
101111011011111110
101111011100011100
101111011100011110
101111011100111100
101111011100111110
101111011101011100
101111011101011110
101111011101111100
101111011101111110
101111011110011100
101111011110011110
101111011110111100
101111011110111110
101111011111011100
101111011111011110
101111011111111100
101111011111111110
101111110000011001
101111110000011011
101111110000011100
101111110000011110
101111110000111100
101111110000111110
101111110001011001
101111110001011011
101111110001011100
101111110001011110
101111110001111100
101111110001111110
101111110011011001
101111110011011011
101111110011011100
101111110011011110
101111110011111100
101111110011111110
101111110100011001
101111110100011011
101111110100011100
101111110100011110
101111110100111100
101111110100111110
101111110101011001
101111110101011011
101111110101011100
101111110101011110
101111110101111100
101111110101111110
101111110110011001
101111110110011011
101111110110011100
101111110110011110
101111110110111100
101111110110111110
101111110111011001
101111110111011011
101111110111011100
101111110111011110
101111110111111100
101111110111111110
101111111000011100
101111111000011110
101111111000111100
101111111000111110
101111111001011100
101111111001011110
101111111001111100
101111111001111110
101111111011011100
101111111011011110
101111111011111100
101111111011111110
101111111100011100
101111111100011110
101111111100111100
101111111100111110
101111111101011100
101111111101011110
101111111101111100
101111111101111110
101111111110011100
101111111110011110
101111111110111100
101111111110111110
101111111111011100
101111111111011110
101111111111111100
101111111111111110
