100000110000101000
100000110000101010
100000110000111000
100000110000111010
100000110001101000
100000110001101010
100000110011101000
100000110011101010
100000110100101000
100000110100101010
100000110100111000
100000110100111010
100000110101101000
100000110101101010
100000110110101000
100000110110101010
100000110110111000
100000110110111010
100000110111101000
100000110111101010
100000111000101000
100000111000101010
100000111000111000
100000111000111010
100000111001101000
100000111001101010
100000111011101000
100000111011101010
100000111100101000
100000111100101010
100000111100111000
100000111100111010
100000111101101000
100000111101101010
100000111110101000
100000111110101010
100000111110111000
100000111110111010
100000111111101000
100000111111101010
100010110000101000
100010110000101010
100010110000111000
100010110000111010
100010110001101000
100010110001101010
100010110011101000
100010110011101010
100010110100101000
100010110100101010
100010110100111000
100010110100111010
100010110101101000
100010110101101010
100010110110101000
100010110110101010
100010110110111000
100010110110111010
100010110111101000
100010110111101010
100010111000101000
100010111000101010
100010111000111000
100010111000111010
100010111001101000
100010111001101010
100010111011101000
100010111011101010
100010111100101000
100010111100101010
100010111100111000
100010111100111010
100010111101101000
100010111101101010
100010111110101000
100010111110101010
100010111110111000
100010111110111010
100010111111101000
100010111111101010
100100110000101000
100100110000101010
100100110001101000
100100110001101010
100100110011101000
100100110011101010
100100110100101000
100100110100101010
100100110101101000
100100110101101010
100100110110101000
100100110110101010
100100110111101000
100100110111101010
100100111000101000
100100111000101010
100100111001101000
100100111001101010
100100111011101000
100100111011101010
100100111100101000
100100111100101010
100100111101101000
100100111101101010
100100111110101000
100100111110101010
100100111111101000
100100111111101010
100110110000101000
100110110000101010
100110110001101000
100110110001101010
100110110011101000
100110110011101010
100110110100101000
100110110100101010
100110110101101000
100110110101101010
100110110110101000
100110110110101010
100110110111101000
100110110111101010
100110111000101000
100110111000101010
100110111001101000
100110111001101010
100110111011101000
100110111011101010
100110111100101000
100110111100101010
100110111101101000
100110111101101010
100110111110101000
100110111110101010
100110111111101000
100110111111101010
101000110000101000
101000110000101010
101000110000111000
101000110000111010
101000110001101000
101000110001101010
101000110011101000
101000110011101010
101000110100101000
101000110100101010
101000110100111000
101000110100111010
101000110101101000
101000110101101010
101000110110101000
101000110110101010
101000110110111000
101000110110111010
101000110111101000
101000110111101010
101000111000101000
101000111000101010
101000111000111000
101000111000111010
101000111001101000
101000111001101010
101000111011101000
101000111011101010
101000111100101000
101000111100101010
101000111100111000
101000111100111010
101000111101101000
101000111101101010
101000111110101000
101000111110101010
101000111110111000
101000111110111010
101000111111101000
101000111111101010
101010110000101000
101010110000101010
101010110000111000
101010110000111010
101010110001101000
101010110001101010
101010110011101000
101010110011101010
101010110100101000
101010110100101010
101010110100111000
101010110100111010
101010110101101000
101010110101101010
101010110110101000
101010110110101010
101010110110111000
101010110110111010
101010110111101000
101010110111101010
101010111000101000
101010111000101010
101010111000111000
101010111000111010
101010111001101000
101010111001101010
101010111011101000
101010111011101010
101010111100101000
101010111100101010
101010111100111000
101010111100111010
101010111101101000
101010111101101010
101010111110101000
101010111110101010
101010111110111000
101010111110111010
101010111111101000
101010111111101010
101100110000101000
101100110000101010
101100110001101000
101100110001101010
101100110011101000
101100110011101010
101100110100101000
101100110100101010
101100110101101000
101100110101101010
101100110110101000
101100110110101010
101100110111101000
101100110111101010
101100111000101000
101100111000101010
101100111001101000
101100111001101010
101100111011101000
101100111011101010
101100111100101000
101100111100101010
101100111101101000
101100111101101010
101100111110101000
101100111110101010
101100111111101000
101100111111101010
101110110000101000
101110110000101010
101110110001101000
101110110001101010
101110110011101000
101110110011101010
101110110100101000
101110110100101010
101110110101101000
101110110101101010
101110110110101000
101110110110101010
101110110111101000
101110110111101010
101110111000101000
101110111000101010
101110111001101000
101110111001101010
101110111011101000
101110111011101010
101110111100101000
101110111100101010
101110111101101000
101110111101101010
101110111110101000
101110111110101010
101110111111101000
101110111111101010
