100000100001111000
100000100001111001
100000100001111010
100000100001111011
100000100011111000
100000100011111001
100000100011111010
100000100011111011
100000100101111000
100000100101111001
100000100101111010
100000100101111011
100000100111111000
100000100111111001
100000100111111010
100000100111111011
100000101001111000
100000101001111010
100000101011111000
100000101011111010
100000101101111000
100000101101111010
100000101111111000
100000101111111010
100000110001111001
100000110001111011
100000110011111001
100000110011111011
100000110101111001
100000110101111011
100000110111111001
100000110111111011
100001100001111001
100001100001111011
100001100011111001
100001100011111011
100001100101111001
100001100101111011
100001100111111001
100001100111111011
100001110001111001
100001110001111011
100001110011111001
100001110011111011
100001110101111001
100001110101111011
100001110111111001
100001110111111011
100010100001111000
100010100001111001
100010100001111010
100010100001111011
100010100011111000
100010100011111001
100010100011111010
100010100011111011
100010100101111000
100010100101111001
100010100101111010
100010100101111011
100010100111111000
100010100111111001
100010100111111010
100010100111111011
100010101001111000
100010101001111010
100010101011111000
100010101011111010
100010101101111000
100010101101111010
100010101111111000
100010101111111010
100010110001111001
100010110001111011
100010110011111001
100010110011111011
100010110101111001
100010110101111011
100010110111111001
100010110111111011
100011100001111001
100011100001111011
100011100011111001
100011100011111011
100011100101111001
100011100101111011
100011100111111001
100011100111111011
100011110001111001
100011110001111011
100011110011111001
100011110011111011
100011110101111001
100011110101111011
100011110111111001
100011110111111011
100100100000111000
100100100000111001
100100100000111010
100100100000111011
100100100001111000
100100100001111001
100100100001111010
100100100001111011
100100100011111000
100100100011111001
100100100011111010
100100100011111011
100100100100111000
100100100100111001
100100100100111010
100100100100111011
100100100101111000
100100100101111001
100100100101111010
100100100101111011
100100100110111000
100100100110111001
100100100110111010
100100100110111011
100100100111111000
100100100111111001
100100100111111010
100100100111111011
100100101000111000
100100101000111010
100100101001111000
100100101001111010
100100101011111000
100100101011111010
100100101100111000
100100101100111010
100100101101111000
100100101101111010
100100101110111000
100100101110111010
100100101111111000
100100101111111010
100100110000111001
100100110000111011
100100110001111001
100100110001111011
100100110011111001
100100110011111011
100100110100111001
100100110100111011
100100110101111001
100100110101111011
100100110110111001
100100110110111011
100100110111111001
100100110111111011
100101100000111001
100101100000111011
100101100001111001
100101100001111011
100101100011111001
100101100011111011
100101100100111001
100101100100111011
100101100101111001
100101100101111011
100101100110111001
100101100110111011
100101100111111001
100101100111111011
100101110000111001
100101110000111011
100101110001111001
100101110001111011
100101110011111001
100101110011111011
100101110100111001
100101110100111011
100101110101111001
100101110101111011
100101110110111001
100101110110111011
100101110111111001
100101110111111011
100110100000111000
100110100000111001
100110100000111010
100110100000111011
100110100001111000
100110100001111001
100110100001111010
100110100001111011
100110100011111000
100110100011111001
100110100011111010
100110100011111011
100110100100111000
100110100100111001
100110100100111010
100110100100111011
100110100101111000
100110100101111001
100110100101111010
100110100101111011
100110100110111000
100110100110111001
100110100110111010
100110100110111011
100110100111111000
100110100111111001
100110100111111010
100110100111111011
100110101000111000
100110101000111010
100110101001111000
100110101001111010
100110101011111000
100110101011111010
100110101100111000
100110101100111010
100110101101111000
100110101101111010
100110101110111000
100110101110111010
100110101111111000
100110101111111010
100110110000111001
100110110000111011
100110110001111001
100110110001111011
100110110011111001
100110110011111011
100110110100111001
100110110100111011
100110110101111001
100110110101111011
100110110110111001
100110110110111011
100110110111111001
100110110111111011
100111100000111001
100111100000111011
100111100001111001
100111100001111011
100111100011111001
100111100011111011
100111100100111001
100111100100111011
100111100101111001
100111100101111011
100111100110111001
100111100110111011
100111100111111001
100111100111111011
100111110000111001
100111110000111011
100111110001111001
100111110001111011
100111110011111001
100111110011111011
100111110100111001
100111110100111011
100111110101111001
100111110101111011
100111110110111001
100111110110111011
100111110111111001
100111110111111011
101000100001111000
101000100001111001
101000100001111010
101000100001111011
101000100011111000
101000100011111001
101000100011111010
101000100011111011
101000100101111000
101000100101111001
101000100101111010
101000100101111011
101000100111111000
101000100111111001
101000100111111010
101000100111111011
101000101001111000
101000101001111010
101000101011111000
101000101011111010
101000101101111000
101000101101111010
101000101111111000
101000101111111010
101000110001111001
101000110001111011
101000110011111001
101000110011111011
101000110101111001
101000110101111011
101000110111111001
101000110111111011
101001100001111001
101001100001111011
101001100011111001
101001100011111011
101001100101111001
101001100101111011
101001100111111001
101001100111111011
101001110001111001
101001110001111011
101001110011111001
101001110011111011
101001110101111001
101001110101111011
101001110111111001
101001110111111011
101010100001111000
101010100001111001
101010100001111010
101010100001111011
101010100011111000
101010100011111001
101010100011111010
101010100011111011
101010100101111000
101010100101111001
101010100101111010
101010100101111011
101010100111111000
101010100111111001
101010100111111010
101010100111111011
101010101001111000
101010101001111010
101010101011111000
101010101011111010
101010101101111000
101010101101111010
101010101111111000
101010101111111010
101010110001111001
101010110001111011
101010110011111001
101010110011111011
101010110101111001
101010110101111011
101010110111111001
101010110111111011
101011100001111001
101011100001111011
101011100011111001
101011100011111011
101011100101111001
101011100101111011
101011100111111001
101011100111111011
101011110001111001
101011110001111011
101011110011111001
101011110011111011
101011110101111001
101011110101111011
101011110111111001
101011110111111011
101100100000111000
101100100000111001
101100100000111010
101100100000111011
101100100001111000
101100100001111001
101100100001111010
101100100001111011
101100100011111000
101100100011111001
101100100011111010
101100100011111011
101100100100111000
101100100100111001
101100100100111010
101100100100111011
101100100101111000
101100100101111001
101100100101111010
101100100101111011
101100100110111000
101100100110111001
101100100110111010
101100100110111011
101100100111111000
101100100111111001
101100100111111010
101100100111111011
101100101000111000
101100101000111010
101100101001111000
101100101001111010
101100101011111000
101100101011111010
101100101100111000
101100101100111010
101100101101111000
101100101101111010
101100101110111000
101100101110111010
101100101111111000
101100101111111010
101100110000111001
101100110000111011
101100110001111001
101100110001111011
101100110011111001
101100110011111011
101100110100111001
101100110100111011
101100110101111001
101100110101111011
101100110110111001
101100110110111011
101100110111111001
101100110111111011
101101100000111001
101101100000111011
101101100001111001
101101100001111011
101101100011111001
101101100011111011
101101100100111001
101101100100111011
101101100101111001
101101100101111011
101101100110111001
101101100110111011
101101100111111001
101101100111111011
101101110000111001
101101110000111011
101101110001111001
101101110001111011
101101110011111001
101101110011111011
101101110100111001
101101110100111011
101101110101111001
101101110101111011
101101110110111001
101101110110111011
101101110111111001
101101110111111011
101110100000111000
101110100000111001
101110100000111010
101110100000111011
101110100001111000
101110100001111001
101110100001111010
101110100001111011
101110100011111000
101110100011111001
101110100011111010
101110100011111011
101110100100111000
101110100100111001
101110100100111010
101110100100111011
101110100101111000
101110100101111001
101110100101111010
101110100101111011
101110100110111000
101110100110111001
101110100110111010
101110100110111011
101110100111111000
101110100111111001
101110100111111010
101110100111111011
101110101000111000
101110101000111010
101110101001111000
101110101001111010
101110101011111000
101110101011111010
101110101100111000
101110101100111010
101110101101111000
101110101101111010
101110101110111000
101110101110111010
101110101111111000
101110101111111010
101110110000111001
101110110000111011
101110110001111001
101110110001111011
101110110011111001
101110110011111011
101110110100111001
101110110100111011
101110110101111001
101110110101111011
101110110110111001
101110110110111011
101110110111111001
101110110111111011
101111100000111001
101111100000111011
101111100001111001
101111100001111011
101111100011111001
101111100011111011
101111100100111001
101111100100111011
101111100101111001
101111100101111011
101111100110111001
101111100110111011
101111100111111001
101111100111111011
101111110000111001
101111110000111011
101111110001111001
101111110001111011
101111110011111001
101111110011111011
101111110100111001
101111110100111011
101111110101111001
101111110101111011
101111110110111001
101111110110111011
101111110111111001
101111110111111011
