100000100000101000
100000100000101001
100000100000101010
100000100000101011
100000100000111000
100000100000111001
100000100000111010
100000100000111011
100000100001101000
100000100001101001
100000100001101010
100000100001101011
100000100010101000
100000100010101001
100000100010101010
100000100010101011
100000100010111000
100000100010111001
100000100010111010
100000100010111011
100000100011101000
100000100011101001
100000100011101010
100000100011101011
100000100100101000
100000100100101001
100000100100101010
100000100100101011
100000100100111000
100000100100111001
100000100100111010
100000100100111011
100000100101101000
100000100101101001
100000100101101010
100000100101101011
100000100110101000
100000100110101001
100000100110101010
100000100110101011
100000100110111000
100000100110111001
100000100110111010
100000100110111011
100000100111101000
100000100111101001
100000100111101010
100000100111101011
100000101000101000
100000101000101010
100000101000111000
100000101000111010
100000101001101000
100000101001101010
100000101010101000
100000101010101010
100000101010111000
100000101010111010
100000101011101000
100000101011101010
100000101100101000
100000101100101010
100000101100111000
100000101100111010
100000101101101000
100000101101101010
100000101110101000
100000101110101010
100000101110111000
100000101110111010
100000101111101000
100000101111101010
100000110000101001
100000110000101011
100000110000111001
100000110000111011
100000110001101001
100000110001101011
100000110010101000
100000110010101001
100000110010101010
100000110010101011
100000110010111000
100000110010111001
100000110010111010
100000110010111011
100000110011101001
100000110011101011
100000110100101001
100000110100101011
100000110100111001
100000110100111011
100000110101101001
100000110101101011
100000110110101001
100000110110101011
100000110110111001
100000110110111011
100000110111101001
100000110111101011
100000111010101000
100000111010101010
100000111010111000
100000111010111010
100001100000101001
100001100000101011
100001100000111001
100001100000111011
100001100001101001
100001100001101011
100001100010101001
100001100010101011
100001100010111001
100001100010111011
100001100011101001
100001100011101011
100001100100101001
100001100100101011
100001100100111001
100001100100111011
100001100101101001
100001100101101011
100001100110101001
100001100110101011
100001100110111001
100001100110111011
100001100111101001
100001100111101011
100001110000101001
100001110000101011
100001110000111001
100001110000111011
100001110001101001
100001110001101011
100001110010101001
100001110010101011
100001110010111001
100001110010111011
100001110011101001
100001110011101011
100001110100101001
100001110100101011
100001110100111001
100001110100111011
100001110101101001
100001110101101011
100001110110101001
100001110110101011
100001110110111001
100001110110111011
100001110111101001
100001110111101011
100010100000101000
100010100000101001
100010100000101010
100010100000101011
100010100000111000
100010100000111001
100010100000111010
100010100000111011
100010100001101000
100010100001101001
100010100001101010
100010100001101011
100010100010101000
100010100010101001
100010100010101010
100010100010101011
100010100010111000
100010100010111001
100010100010111010
100010100010111011
100010100011101000
100010100011101001
100010100011101010
100010100011101011
100010100100101000
100010100100101001
100010100100101010
100010100100101011
100010100100111000
100010100100111001
100010100100111010
100010100100111011
100010100101101000
100010100101101001
100010100101101010
100010100101101011
100010100110101000
100010100110101001
100010100110101010
100010100110101011
100010100110111000
100010100110111001
100010100110111010
100010100110111011
100010100111101000
100010100111101001
100010100111101010
100010100111101011
100010101000101000
100010101000101010
100010101000111000
100010101000111010
100010101001101000
100010101001101010
100010101010101000
100010101010101010
100010101010111000
100010101010111010
100010101011101000
100010101011101010
100010101100101000
100010101100101010
100010101100111000
100010101100111010
100010101101101000
100010101101101010
100010101110101000
100010101110101010
100010101110111000
100010101110111010
100010101111101000
100010101111101010
100010110000101001
100010110000101011
100010110000111001
100010110000111011
100010110001101001
100010110001101011
100010110010101000
100010110010101001
100010110010101010
100010110010101011
100010110010111000
100010110010111001
100010110010111010
100010110010111011
100010110011101001
100010110011101011
100010110100101001
100010110100101011
100010110100111001
100010110100111011
100010110101101001
100010110101101011
100010110110101001
100010110110101011
100010110110111001
100010110110111011
100010110111101001
100010110111101011
100010111010101000
100010111010101010
100010111010111000
100010111010111010
100011100000101001
100011100000101011
100011100000111001
100011100000111011
100011100001101001
100011100001101011
100011100010101001
100011100010101011
100011100010111001
100011100010111011
100011100011101001
100011100011101011
100011100100101001
100011100100101011
100011100100111001
100011100100111011
100011100101101001
100011100101101011
100011100110101001
100011100110101011
100011100110111001
100011100110111011
100011100111101001
100011100111101011
100011110000101001
100011110000101011
100011110000111001
100011110000111011
100011110001101001
100011110001101011
100011110010101001
100011110010101011
100011110010111001
100011110010111011
100011110011101001
100011110011101011
100011110100101001
100011110100101011
100011110100111001
100011110100111011
100011110101101001
100011110101101011
100011110110101001
100011110110101011
100011110110111001
100011110110111011
100011110111101001
100011110111101011
100100100000101000
100100100000101001
100100100000101010
100100100000101011
100100100001101000
100100100001101001
100100100001101010
100100100001101011
100100100010101000
100100100010101001
100100100010101010
100100100010101011
100100100010111000
100100100010111001
100100100010111010
100100100010111011
100100100011101000
100100100011101001
100100100011101010
100100100011101011
100100100100101000
100100100100101001
100100100100101010
100100100100101011
100100100101101000
100100100101101001
100100100101101010
100100100101101011
100100100110101000
100100100110101001
100100100110101010
100100100110101011
100100100111101000
100100100111101001
100100100111101010
100100100111101011
100100101000101000
100100101000101010
100100101001101000
100100101001101010
100100101010101000
100100101010101010
100100101010111000
100100101010111010
100100101011101000
100100101011101010
100100101100101000
100100101100101010
100100101101101000
100100101101101010
100100101110101000
100100101110101010
100100101111101000
100100101111101010
100100110000101001
100100110000101011
100100110001101001
100100110001101011
100100110010101000
100100110010101001
100100110010101010
100100110010101011
100100110010111000
100100110010111001
100100110010111010
100100110010111011
100100110011101001
100100110011101011
100100110100101001
100100110100101011
100100110101101001
100100110101101011
100100110110101001
100100110110101011
100100110111101001
100100110111101011
100100111010101000
100100111010101010
100100111010111000
100100111010111010
100101100000101001
100101100000101011
100101100001101001
100101100001101011
100101100010101001
100101100010101011
100101100010111001
100101100010111011
100101100011101001
100101100011101011
100101100100101001
100101100100101011
100101100101101001
100101100101101011
100101100110101001
100101100110101011
100101100111101001
100101100111101011
100101110000101001
100101110000101011
100101110001101001
100101110001101011
100101110010101001
100101110010101011
100101110010111001
100101110010111011
100101110011101001
100101110011101011
100101110100101001
100101110100101011
100101110101101001
100101110101101011
100101110110101001
100101110110101011
100101110111101001
100101110111101011
100110100000101000
100110100000101001
100110100000101010
100110100000101011
100110100001101000
100110100001101001
100110100001101010
100110100001101011
100110100010101000
100110100010101001
100110100010101010
100110100010101011
100110100010111000
100110100010111001
100110100010111010
100110100010111011
100110100011101000
100110100011101001
100110100011101010
100110100011101011
100110100100101000
100110100100101001
100110100100101010
100110100100101011
100110100101101000
100110100101101001
100110100101101010
100110100101101011
100110100110101000
100110100110101001
100110100110101010
100110100110101011
100110100111101000
100110100111101001
100110100111101010
100110100111101011
100110101000101000
100110101000101010
100110101001101000
100110101001101010
100110101010101000
100110101010101010
100110101010111000
100110101010111010
100110101011101000
100110101011101010
100110101100101000
100110101100101010
100110101101101000
100110101101101010
100110101110101000
100110101110101010
100110101111101000
100110101111101010
100110110000101001
100110110000101011
100110110001101001
100110110001101011
100110110010101000
100110110010101001
100110110010101010
100110110010101011
100110110010111000
100110110010111001
100110110010111010
100110110010111011
100110110011101001
100110110011101011
100110110100101001
100110110100101011
100110110101101001
100110110101101011
100110110110101001
100110110110101011
100110110111101001
100110110111101011
100110111010101000
100110111010101010
100110111010111000
100110111010111010
100111100000101001
100111100000101011
100111100001101001
100111100001101011
100111100010101001
100111100010101011
100111100010111001
100111100010111011
100111100011101001
100111100011101011
100111100100101001
100111100100101011
100111100101101001
100111100101101011
100111100110101001
100111100110101011
100111100111101001
100111100111101011
100111110000101001
100111110000101011
100111110001101001
100111110001101011
100111110010101001
100111110010101011
100111110010111001
100111110010111011
100111110011101001
100111110011101011
100111110100101001
100111110100101011
100111110101101001
100111110101101011
100111110110101001
100111110110101011
100111110111101001
100111110111101011
101000100000101000
101000100000101001
101000100000101010
101000100000101011
101000100000111000
101000100000111001
101000100000111010
101000100000111011
101000100001101000
101000100001101001
101000100001101010
101000100001101011
101000100010101000
101000100010101001
101000100010101010
101000100010101011
101000100010111000
101000100010111001
101000100010111010
101000100010111011
101000100011101000
101000100011101001
101000100011101010
101000100011101011
101000100100101000
101000100100101001
101000100100101010
101000100100101011
101000100100111000
101000100100111001
101000100100111010
101000100100111011
101000100101101000
101000100101101001
101000100101101010
101000100101101011
101000100110101000
101000100110101001
101000100110101010
101000100110101011
101000100110111000
101000100110111001
101000100110111010
101000100110111011
101000100111101000
101000100111101001
101000100111101010
101000100111101011
101000101000101000
101000101000101010
101000101000111000
101000101000111010
101000101001101000
101000101001101010
101000101010101000
101000101010101010
101000101010111000
101000101010111010
101000101011101000
101000101011101010
101000101100101000
101000101100101010
101000101100111000
101000101100111010
101000101101101000
101000101101101010
101000101110101000
101000101110101010
101000101110111000
101000101110111010
101000101111101000
101000101111101010
101000110000101001
101000110000101011
101000110000111001
101000110000111011
101000110001101001
101000110001101011
101000110010101000
101000110010101001
101000110010101010
101000110010101011
101000110010111000
101000110010111001
101000110010111010
101000110010111011
101000110011101001
101000110011101011
101000110100101001
101000110100101011
101000110100111001
101000110100111011
101000110101101001
101000110101101011
101000110110101001
101000110110101011
101000110110111001
101000110110111011
101000110111101001
101000110111101011
101000111010101000
101000111010101010
101000111010111000
101000111010111010
101001100000101001
101001100000101011
101001100000111001
101001100000111011
101001100001101001
101001100001101011
101001100010101001
101001100010101011
101001100010111001
101001100010111011
101001100011101001
101001100011101011
101001100100101001
101001100100101011
101001100100111001
101001100100111011
101001100101101001
101001100101101011
101001100110101001
101001100110101011
101001100110111001
101001100110111011
101001100111101001
101001100111101011
101001110000101001
101001110000101011
101001110000111001
101001110000111011
101001110001101001
101001110001101011
101001110010101001
101001110010101011
101001110010111001
101001110010111011
101001110011101001
101001110011101011
101001110100101001
101001110100101011
101001110100111001
101001110100111011
101001110101101001
101001110101101011
101001110110101001
101001110110101011
101001110110111001
101001110110111011
101001110111101001
101001110111101011
101010100000101000
101010100000101001
101010100000101010
101010100000101011
101010100000111000
101010100000111001
101010100000111010
101010100000111011
101010100001101000
101010100001101001
101010100001101010
101010100001101011
101010100010101000
101010100010101001
101010100010101010
101010100010101011
101010100010111000
101010100010111001
101010100010111010
101010100010111011
101010100011101000
101010100011101001
101010100011101010
101010100011101011
101010100100101000
101010100100101001
101010100100101010
101010100100101011
101010100100111000
101010100100111001
101010100100111010
101010100100111011
101010100101101000
101010100101101001
101010100101101010
101010100101101011
101010100110101000
101010100110101001
101010100110101010
101010100110101011
101010100110111000
101010100110111001
101010100110111010
101010100110111011
101010100111101000
101010100111101001
101010100111101010
101010100111101011
101010101000101000
101010101000101010
101010101000111000
101010101000111010
101010101001101000
101010101001101010
101010101010101000
101010101010101010
101010101010111000
101010101010111010
101010101011101000
101010101011101010
101010101100101000
101010101100101010
101010101100111000
101010101100111010
101010101101101000
101010101101101010
101010101110101000
101010101110101010
101010101110111000
101010101110111010
101010101111101000
101010101111101010
101010110000101001
101010110000101011
101010110000111001
101010110000111011
101010110001101001
101010110001101011
101010110010101000
101010110010101001
101010110010101010
101010110010101011
101010110010111000
101010110010111001
101010110010111010
101010110010111011
101010110011101001
101010110011101011
101010110100101001
101010110100101011
101010110100111001
101010110100111011
101010110101101001
101010110101101011
101010110110101001
101010110110101011
101010110110111001
101010110110111011
101010110111101001
101010110111101011
101010111010101000
101010111010101010
101010111010111000
101010111010111010
101011100000101001
101011100000101011
101011100000111001
101011100000111011
101011100001101001
101011100001101011
101011100010101001
101011100010101011
101011100010111001
101011100010111011
101011100011101001
101011100011101011
101011100100101001
101011100100101011
101011100100111001
101011100100111011
101011100101101001
101011100101101011
101011100110101001
101011100110101011
101011100110111001
101011100110111011
101011100111101001
101011100111101011
101011110000101001
101011110000101011
101011110000111001
101011110000111011
101011110001101001
101011110001101011
101011110010101001
101011110010101011
101011110010111001
101011110010111011
101011110011101001
101011110011101011
101011110100101001
101011110100101011
101011110100111001
101011110100111011
101011110101101001
101011110101101011
101011110110101001
101011110110101011
101011110110111001
101011110110111011
101011110111101001
101011110111101011
101100100000101000
101100100000101001
101100100000101010
101100100000101011
101100100001101000
101100100001101001
101100100001101010
101100100001101011
101100100010101000
101100100010101001
101100100010101010
101100100010101011
101100100010111000
101100100010111001
101100100010111010
101100100010111011
101100100011101000
101100100011101001
101100100011101010
101100100011101011
101100100100101000
101100100100101001
101100100100101010
101100100100101011
101100100101101000
101100100101101001
101100100101101010
101100100101101011
101100100110101000
101100100110101001
101100100110101010
101100100110101011
101100100111101000
101100100111101001
101100100111101010
101100100111101011
101100101000101000
101100101000101010
101100101001101000
101100101001101010
101100101010101000
101100101010101010
101100101010111000
101100101010111010
101100101011101000
101100101011101010
101100101100101000
101100101100101010
101100101101101000
101100101101101010
101100101110101000
101100101110101010
101100101111101000
101100101111101010
101100110000101001
101100110000101011
101100110001101001
101100110001101011
101100110010101000
101100110010101001
101100110010101010
101100110010101011
101100110010111000
101100110010111001
101100110010111010
101100110010111011
101100110011101001
101100110011101011
101100110100101001
101100110100101011
101100110101101001
101100110101101011
101100110110101001
101100110110101011
101100110111101001
101100110111101011
101100111010101000
101100111010101010
101100111010111000
101100111010111010
101101100000101001
101101100000101011
101101100001101001
101101100001101011
101101100010101001
101101100010101011
101101100010111001
101101100010111011
101101100011101001
101101100011101011
101101100100101001
101101100100101011
101101100101101001
101101100101101011
101101100110101001
101101100110101011
101101100111101001
101101100111101011
101101110000101001
101101110000101011
101101110001101001
101101110001101011
101101110010101001
101101110010101011
101101110010111001
101101110010111011
101101110011101001
101101110011101011
101101110100101001
101101110100101011
101101110101101001
101101110101101011
101101110110101001
101101110110101011
101101110111101001
101101110111101011
101110100000101000
101110100000101001
101110100000101010
101110100000101011
101110100001101000
101110100001101001
101110100001101010
101110100001101011
101110100010101000
101110100010101001
101110100010101010
101110100010101011
101110100010111000
101110100010111001
101110100010111010
101110100010111011
101110100011101000
101110100011101001
101110100011101010
101110100011101011
101110100100101000
101110100100101001
101110100100101010
101110100100101011
101110100101101000
101110100101101001
101110100101101010
101110100101101011
101110100110101000
101110100110101001
101110100110101010
101110100110101011
101110100111101000
101110100111101001
101110100111101010
101110100111101011
101110101000101000
101110101000101010
101110101001101000
101110101001101010
101110101010101000
101110101010101010
101110101010111000
101110101010111010
101110101011101000
101110101011101010
101110101100101000
101110101100101010
101110101101101000
101110101101101010
101110101110101000
101110101110101010
101110101111101000
101110101111101010
101110110000101001
101110110000101011
101110110001101001
101110110001101011
101110110010101000
101110110010101001
101110110010101010
101110110010101011
101110110010111000
101110110010111001
101110110010111010
101110110010111011
101110110011101001
101110110011101011
101110110100101001
101110110100101011
101110110101101001
101110110101101011
101110110110101001
101110110110101011
101110110111101001
101110110111101011
101110111010101000
101110111010101010
101110111010111000
101110111010111010
101111100000101001
101111100000101011
101111100001101001
101111100001101011
101111100010101001
101111100010101011
101111100010111001
101111100010111011
101111100011101001
101111100011101011
101111100100101001
101111100100101011
101111100101101001
101111100101101011
101111100110101001
101111100110101011
101111100111101001
101111100111101011
101111110000101001
101111110000101011
101111110001101001
101111110001101011
101111110010101001
101111110010101011
101111110010111001
101111110010111011
101111110011101001
101111110011101011
101111110100101001
101111110100101011
101111110101101001
101111110101101011
101111110110101001
101111110110101011
101111110111101001
101111110111101011
